Date,Open,High,Low,Close,Adj Close,Volume
1983-10-07,0.0,19.166667938232422,17.916667938232422,17.916667938232422,17.916667938232422,24360
1983-10-10,0.0,21.25,20.833332061767578,20.833332061767578,20.833332061767578,27120
1983-10-11,0.0,23.75,22.5,22.5,22.5,21000
1983-10-12,0.0,22.5,21.666667938232422,21.666667938232422,21.666667938232422,9540
1983-10-13,0.0,22.5,21.666667938232422,21.666667938232422,21.666667938232422,12900
1983-10-14,0.0,25.416667938232422,24.583332061767578,24.583332061767578,24.583332061767578,9000
1983-10-17,0.0,25.833332061767578,25.0,25.0,25.0,27720
1983-10-18,0.0,28.75,27.916667938232422,27.916667938232422,27.916667938232422,23220
1983-10-19,0.0,27.5,26.666667938232422,26.666667938232422,26.666667938232422,15360
1983-10-20,0.0,27.916667938232422,26.666667938232422,26.666667938232422,26.666667938232422,11760
1983-10-21,0.0,29.583332061767578,28.333332061767578,28.333332061767578,28.333332061767578,12240
1983-10-24,0.0,31.666667938232422,30.833332061767578,30.833332061767578,30.833332061767578,21600
1983-10-25,0.0,34.58333206176758,33.75,33.75,33.75,22140
1983-10-26,0.0,34.58333206176758,34.16666793823242,34.16666793823242,34.16666793823242,15120
1983-10-27,0.0,32.5,31.666667938232422,31.666667938232422,31.666667938232422,22080
1983-10-28,0.0,29.166667938232422,28.75,28.75,28.75,12540
1983-10-31,0.0,30.833332061767578,30.0,30.0,30.0,9180
1983-11-01,0.0,30.833332061767578,30.0,30.0,30.0,6180
1983-11-02,0.0,32.08333206176758,30.833332061767578,30.833332061767578,30.833332061767578,10680
1983-11-03,0.0,30.833332061767578,30.0,30.0,30.0,9360
1983-11-04,0.0,30.416667938232422,29.583332061767578,29.583332061767578,29.583332061767578,4980
1983-11-07,0.0,30.416667938232422,29.583332061767578,29.583332061767578,29.583332061767578,4020
1983-11-08,0.0,31.25,30.416667938232422,30.416667938232422,30.416667938232422,8160
1983-11-09,0.0,34.16666793823242,33.33333206176758,33.33333206176758,33.33333206176758,11520
1983-11-10,0.0,35.0,34.16666793823242,34.16666793823242,34.16666793823242,15600
1983-11-11,0.0,37.5,36.66666793823242,36.66666793823242,36.66666793823242,14100
1983-11-14,0.0,38.33333206176758,37.5,37.5,37.5,8460
1983-11-15,0.0,38.75,37.91666793823242,37.91666793823242,37.91666793823242,10500
1983-11-16,0.0,40.41666793823242,39.58333206176758,39.58333206176758,39.58333206176758,8280
1983-11-17,0.0,43.75,42.5,42.5,42.5,28800
1983-11-18,0.0,45.83333206176758,45.0,45.0,45.0,29820
1983-11-21,0.0,48.75,47.91666793823242,47.91666793823242,47.91666793823242,13440
1983-11-22,0.0,52.5,50.41666793823242,50.41666793823242,50.41666793823242,15540
1983-11-23,0.0,51.66666793823242,50.0,50.0,50.0,14760
1983-11-25,0.0,48.33333206176758,46.66666793823242,46.66666793823242,46.66666793823242,12240
1983-11-28,0.0,49.58333206176758,47.91666793823242,47.91666793823242,47.91666793823242,15300
1983-11-29,0.0,52.5,51.25,51.25,51.25,7260
1983-11-30,0.0,52.5,51.25,51.25,51.25,8220
1983-12-01,0.0,50.41666793823242,49.58333206176758,49.58333206176758,49.58333206176758,6840
1983-12-02,0.0,52.5,50.41666793823242,50.41666793823242,50.41666793823242,7560
1983-12-05,0.0,52.08333206176758,50.0,50.0,50.0,6000
1983-12-06,0.0,51.25,49.58333206176758,49.58333206176758,49.58333206176758,6180
1983-12-07,0.0,51.66666793823242,50.41666793823242,50.41666793823242,50.41666793823242,5820
1983-12-08,0.0,51.25,50.0,50.0,50.0,3180
1983-12-09,0.0,51.25,50.0,50.0,50.0,3540
1983-12-12,0.0,50.83333206176758,50.0,50.0,50.0,3000
1983-12-13,0.0,51.66666793823242,50.0,50.0,50.0,5400
1983-12-14,0.0,53.33333206176758,51.25,51.25,51.25,3900
1983-12-15,0.0,55.83333206176758,55.0,55.0,55.0,8640
1983-12-16,0.0,61.66666793823242,60.83333206176758,60.83333206176758,60.83333206176758,29400
1983-12-19,0.0,66.66666412353516,65.83333587646484,65.83333587646484,65.83333587646484,8820
1983-12-20,0.0,64.58333587646484,62.91666793823242,62.91666793823242,62.91666793823242,9120
1983-12-21,0.0,63.33333206176758,62.08333206176758,62.08333206176758,62.08333206176758,9060
1983-12-22,0.0,59.58333206176758,58.75,58.75,58.75,9420
1983-12-23,0.0,56.66666793823242,55.83333206176758,55.83333206176758,55.83333206176758,19980
1983-12-27,0.0,57.5,55.41666793823242,55.41666793823242,55.41666793823242,1020
1983-12-28,0.0,63.33333206176758,61.66666793823242,61.66666793823242,61.66666793823242,9720
1983-12-29,0.0,53.33333206176758,52.5,52.5,52.5,29280
1983-12-30,0.0,54.16666793823242,52.08333206176758,52.08333206176758,52.08333206176758,11580
1984-01-03,0.0,55.83333206176758,53.75,53.75,53.75,9840
1984-01-04,0.0,58.33333206176758,56.66666793823242,56.66666793823242,56.66666793823242,7200
1984-01-05,0.0,57.5,55.41666793823242,55.41666793823242,55.41666793823242,3240
1984-01-06,0.0,55.83333206176758,55.0,55.0,55.0,4620
1984-01-09,0.0,55.83333206176758,53.33333206176758,53.33333206176758,53.33333206176758,4560
1984-01-10,0.0,53.33333206176758,52.5,52.5,52.5,3360
1984-01-11,0.0,50.0,48.33333206176758,48.33333206176758,48.33333206176758,20940
1984-01-12,0.0,48.33333206176758,47.5,47.5,47.5,11520
1984-01-13,0.0,48.33333206176758,46.66666793823242,46.66666793823242,46.66666793823242,2820
1984-01-16,0.0,47.5,46.66666793823242,46.66666793823242,46.66666793823242,4560
1984-01-17,0.0,45.0,43.33333206176758,43.33333206176758,43.33333206176758,7620
1984-01-18,0.0,45.83333206176758,44.16666793823242,44.16666793823242,44.16666793823242,2940
1984-01-19,0.0,50.0,47.5,47.5,47.5,7140
1984-01-20,0.0,50.0,48.33333206176758,48.33333206176758,48.33333206176758,6060
1984-01-23,0.0,50.0,48.33333206176758,48.33333206176758,48.33333206176758,2880
1984-01-24,0.0,48.33333206176758,47.5,47.5,47.5,1920
1984-01-25,0.0,48.33333206176758,46.66666793823242,46.66666793823242,46.66666793823242,1620
1984-01-26,0.0,46.66666793823242,45.83333206176758,45.83333206176758,45.83333206176758,3840
1984-01-27,0.0,45.83333206176758,44.16666793823242,44.16666793823242,44.16666793823242,3120
1984-01-30,0.0,45.0,43.33333206176758,43.33333206176758,43.33333206176758,1620
1984-01-31,0.0,44.16666793823242,42.5,42.5,42.5,5220
1984-02-01,0.0,43.33333206176758,41.66666793823242,41.66666793823242,41.66666793823242,4920
1984-02-02,0.0,42.5,40.83333206176758,40.83333206176758,40.83333206176758,4620
1984-02-03,0.0,48.33333206176758,46.66666793823242,46.66666793823242,46.66666793823242,7200
1984-02-06,0.0,47.91666793823242,46.66666793823242,46.66666793823242,46.66666793823242,7140
1984-02-07,0.0,46.66666793823242,45.83333206176758,45.83333206176758,45.83333206176758,7560
1984-02-08,0.0,44.16666793823242,43.33333206176758,43.33333206176758,43.33333206176758,3960
1984-02-09,0.0,44.375,43.75,43.75,43.75,4380
1984-02-10,0.0,44.58333206176758,43.75,43.75,43.75,2100
1984-02-13,0.0,43.33333206176758,42.08333206176758,42.08333206176758,42.08333206176758,6600
1984-02-14,0.0,44.16666793823242,43.95833206176758,43.95833206176758,43.95833206176758,3540
1984-02-15,0.0,44.16666793823242,43.54166793823242,43.54166793823242,43.54166793823242,2580
1984-02-16,0.0,44.16666793823242,43.54166793823242,43.54166793823242,43.54166793823242,2640
1984-02-17,0.0,44.16666793823242,43.33333206176758,43.33333206176758,43.33333206176758,1800
1984-02-21,0.0,44.16666793823242,43.33333206176758,43.33333206176758,43.33333206176758,1560
1984-02-22,0.0,44.16666793823242,43.33333206176758,43.33333206176758,43.33333206176758,1380
1984-02-23,0.0,44.16666793823242,43.33333206176758,43.33333206176758,43.33333206176758,4800
1984-02-24,0.0,45.83333206176758,45.0,45.0,45.0,2700
1984-02-27,0.0,49.79166793823242,49.16666793823242,49.16666793823242,49.16666793823242,6240
1984-02-28,0.0,47.91666793823242,46.66666793823242,46.66666793823242,46.66666793823242,3540
1984-02-29,0.0,47.91666793823242,46.66666793823242,46.66666793823242,46.66666793823242,2100
1984-03-01,0.0,47.91666793823242,47.08333206176758,47.08333206176758,47.08333206176758,1860
1984-03-02,0.0,48.33333206176758,47.08333206176758,47.08333206176758,47.08333206176758,7500
1984-03-05,0.0,48.75,47.5,47.5,47.5,600
1984-03-06,0.0,50.0,48.75,48.75,48.75,3000
1984-03-07,0.0,49.58333206176758,48.75,48.75,48.75,2280
1984-03-08,0.0,46.66666793823242,46.25,46.25,46.25,6600
1984-03-09,0.0,46.875,45.83333206176758,45.83333206176758,45.83333206176758,840
1984-03-12,0.0,46.875,45.83333206176758,45.83333206176758,45.83333206176758,600
1984-03-13,0.0,45.83333206176758,44.58333206176758,44.58333206176758,44.58333206176758,2700
1984-03-14,0.0,43.33333206176758,41.66666793823242,41.66666793823242,41.66666793823242,7740
1984-03-15,0.0,43.33333206176758,41.66666793823242,41.66666793823242,41.66666793823242,1440
1984-03-16,0.0,43.33333206176758,42.08333206176758,42.08333206176758,42.08333206176758,1500
1984-03-19,0.0,43.33333206176758,41.66666793823242,41.66666793823242,41.66666793823242,3600
1984-03-20,0.0,42.5,40.83333206176758,40.83333206176758,40.83333206176758,3300
1984-03-21,0.0,42.5,40.83333206176758,40.83333206176758,40.83333206176758,780
1984-03-22,0.0,40.83333206176758,40.0,40.0,40.0,2940
1984-03-23,0.0,41.66666793823242,40.83333206176758,40.83333206176758,40.83333206176758,1620
1984-03-26,0.0,41.25,40.41666793823242,40.41666793823242,40.41666793823242,300
1984-03-27,0.0,41.25,40.0,40.0,40.0,60
1984-03-28,0.0,43.33333206176758,41.66666793823242,41.66666793823242,41.66666793823242,1620
1984-03-29,0.0,43.33333206176758,41.66666793823242,41.66666793823242,41.66666793823242,2100
1984-03-30,0.0,43.33333206176758,42.91666793823242,42.91666793823242,42.91666793823242,6060
1984-04-02,0.0,43.33333206176758,42.91666793823242,42.91666793823242,42.91666793823242,4020
1984-04-03,0.0,45.0,43.75,43.75,43.75,4680
1984-04-04,0.0,43.95833206176758,43.33333206176758,43.33333206176758,43.33333206176758,2100
1984-04-05,0.0,43.33333206176758,41.66666793823242,41.66666793823242,41.66666793823242,2880
1984-04-06,0.0,42.91666793823242,41.66666793823242,41.66666793823242,41.66666793823242,3600
1984-04-09,0.0,42.91666793823242,41.25,41.25,41.25,600
1984-04-10,0.0,42.91666793823242,40.41666793823242,40.41666793823242,40.41666793823242,300
1984-04-11,0.0,42.91666793823242,40.83333206176758,40.83333206176758,40.83333206176758,3420
1984-04-12,0.0,41.66666793823242,40.0,40.0,40.0,3360
1984-04-13,0.0,40.83333206176758,40.0,40.0,40.0,5820
1984-04-16,0.0,45.83333206176758,44.16666793823242,44.16666793823242,44.16666793823242,9600
1984-04-17,0.0,49.16666793823242,47.08333206176758,47.08333206176758,47.08333206176758,7800
1984-04-18,0.0,50.83333206176758,49.58333206176758,49.58333206176758,49.58333206176758,5400
1984-04-19,0.0,50.0,49.16666793823242,49.16666793823242,49.16666793823242,4560
1984-04-23,0.0,49.16666793823242,48.33333206176758,48.33333206176758,48.33333206176758,4140
1984-04-24,0.0,47.91666793823242,47.5,47.5,47.5,2280
1984-04-25,0.0,47.91666793823242,47.5,47.5,47.5,2880
1984-04-26,0.0,48.33333206176758,47.91666793823242,47.91666793823242,47.91666793823242,3960
1984-04-27,0.0,48.33333206176758,47.70833206176758,47.70833206176758,47.70833206176758,1200
1984-04-30,0.0,50.0,49.16666793823242,49.16666793823242,49.16666793823242,2820
1984-05-01,0.0,53.33333206176758,52.5,52.5,52.5,6780
1984-05-02,0.0,55.0,53.33333206176758,53.33333206176758,53.33333206176758,3660
1984-05-03,0.0,55.41666793823242,53.75,53.75,53.75,4380
1984-05-04,0.0,55.41666793823242,53.75,53.75,53.75,1380
1984-05-07,0.0,55.83333206176758,53.75,53.75,53.75,3720
1984-05-08,0.0,54.16666793823242,53.33333206176758,53.33333206176758,53.33333206176758,3360
1984-05-09,0.0,52.08333206176758,50.41666793823242,50.41666793823242,50.41666793823242,5760
1984-05-10,0.0,50.0,48.33333206176758,48.33333206176758,48.33333206176758,3960
1984-05-11,0.0,47.91666793823242,45.83333206176758,45.83333206176758,45.83333206176758,3360
1984-05-14,0.0,47.08333206176758,45.41666793823242,45.41666793823242,45.41666793823242,480
1984-05-15,0.0,48.75,45.83333206176758,48.75,48.75,1380
1984-05-16,0.0,48.75,47.08333206176758,48.33333206176758,48.33333206176758,540
1984-05-17,0.0,50.0,46.66666793823242,47.5,47.5,4440
1984-05-18,0.0,51.25,47.91666793823242,51.25,51.25,3780
1984-05-21,0.0,51.25,48.33333206176758,48.33333206176758,48.33333206176758,11160
1984-05-22,0.0,49.58333206176758,47.08333206176758,47.91666793823242,47.91666793823242,2700
1984-05-23,0.0,50.83333206176758,48.75,50.83333206176758,50.83333206176758,2160
1984-05-24,0.0,51.66666793823242,46.66666793823242,46.66666793823242,46.66666793823242,8820
1984-05-25,0.0,48.33333206176758,40.0,42.91666793823242,42.91666793823242,13260
1984-05-29,0.0,41.66666793823242,37.5,40.0,40.0,8760
1984-05-30,0.0,40.83333206176758,38.33333206176758,38.33333206176758,38.33333206176758,6900
1984-05-31,0.0,40.41666793823242,38.33333206176758,38.33333206176758,38.33333206176758,1440
1984-06-01,0.0,41.25,38.33333206176758,41.25,41.25,3060
1984-06-04,0.0,42.5,41.66666793823242,42.08333206176758,42.08333206176758,2700
1984-06-05,0.0,42.5,42.5,42.5,42.5,960
1984-06-06,0.0,42.5,40.83333206176758,40.83333206176758,40.83333206176758,1440
1984-06-07,0.0,45.41666793823242,41.04166793823242,43.33333206176758,43.33333206176758,4560
1984-06-08,0.0,48.33333206176758,45.83333206176758,48.33333206176758,48.33333206176758,10140
1984-06-11,0.0,49.58333206176758,47.5,48.33333206176758,48.33333206176758,8580
1984-06-12,0.0,49.16666793823242,46.66666793823242,48.33333206176758,48.33333206176758,3600
1984-06-13,0.0,48.33333206176758,46.875,47.08333206176758,47.08333206176758,1620
1984-06-14,0.0,47.91666793823242,45.0,45.41666793823242,45.41666793823242,6540
1984-06-15,0.0,47.08333206176758,45.41666793823242,46.25,46.25,2580
1984-06-18,0.0,49.16666793823242,46.66666793823242,47.08333206176758,47.08333206176758,6120
1984-06-19,0.0,49.16666793823242,47.08333206176758,47.08333206176758,47.08333206176758,2580
1984-06-20,0.0,48.75,45.83333206176758,48.75,48.75,5940
1984-06-21,0.0,48.33333206176758,47.91666793823242,48.33333206176758,48.33333206176758,2340
1984-06-22,0.0,49.16666793823242,47.5,47.5,47.5,1740
1984-06-25,0.0,49.16666793823242,47.91666793823242,47.91666793823242,47.91666793823242,840
1984-06-26,0.0,47.91666793823242,47.5,47.5,47.5,300
1984-06-27,0.0,48.33333206176758,46.66666793823242,46.66666793823242,46.66666793823242,660
1984-06-28,0.0,48.75,46.66666793823242,48.75,48.75,540
1984-06-29,0.0,49.16666793823242,47.5,47.5,47.5,2280
1984-07-02,0.0,49.16666793823242,47.5,47.91666793823242,47.91666793823242,1500
1984-07-03,0.0,49.16666793823242,48.75,49.16666793823242,49.16666793823242,1620
1984-07-05,0.0,48.33333206176758,48.33333206176758,48.33333206176758,48.33333206176758,60
1984-07-06,0.0,48.75,47.70833206176758,47.91666793823242,47.91666793823242,1080
1984-07-09,0.0,48.75,47.91666793823242,47.91666793823242,47.91666793823242,1920
1984-07-10,0.0,49.16666793823242,47.91666793823242,48.54166793823242,48.54166793823242,1560
1984-07-11,0.0,47.91666793823242,47.91666793823242,47.91666793823242,47.91666793823242,360
1984-07-12,0.0,48.75,47.91666793823242,48.33333206176758,48.33333206176758,600
1984-07-13,0.0,48.54166793823242,48.33333206176758,48.54166793823242,48.54166793823242,1080
1984-07-16,0.0,50.41666793823242,47.91666793823242,50.41666793823242,50.41666793823242,2760
1984-07-17,0.0,50.41666793823242,48.33333206176758,50.0,50.0,8040
1984-07-18,0.0,50.0,48.33333206176758,48.54166793823242,48.54166793823242,7320
1984-07-19,0.0,49.16666793823242,48.54166793823242,48.54166793823242,48.54166793823242,960
1984-07-20,0.0,49.16666793823242,48.54166793823242,49.16666793823242,49.16666793823242,960
1984-07-23,0.0,48.75,47.5,48.75,48.75,3480
1984-07-24,0.0,47.5,47.5,47.5,47.5,780
1984-07-25,0.0,47.91666793823242,46.66666793823242,47.08333206176758,47.08333206176758,4200
1984-07-26,0.0,46.875,44.16666793823242,45.83333206176758,45.83333206176758,5940
1984-07-27,0.0,45.0,43.33333206176758,44.16666793823242,44.16666793823242,1380
1984-07-30,0.0,44.58333206176758,43.75,44.58333206176758,44.58333206176758,1200
1984-07-31,0.0,44.58333206176758,43.33333206176758,43.75,43.75,2700
1984-08-01,0.0,44.16666793823242,43.54166793823242,43.75,43.75,7380
1984-08-02,0.0,45.0,43.33333206176758,45.0,45.0,7080
1984-08-03,0.0,48.33333206176758,45.0,47.5,47.5,7860
1984-08-06,0.0,49.16666793823242,47.5,47.5,47.5,10440
1984-08-07,0.0,47.91666793823242,46.66666793823242,47.91666793823242,47.91666793823242,3480
1984-08-08,0.0,47.91666793823242,47.08333206176758,47.91666793823242,47.91666793823242,1200
1984-08-09,0.0,48.33333206176758,47.08333206176758,47.91666793823242,47.91666793823242,2220
1984-08-10,0.0,48.33333206176758,45.83333206176758,45.83333206176758,45.83333206176758,2160
1984-08-13,0.0,46.66666793823242,45.0,45.83333206176758,45.83333206176758,3240
1984-08-14,0.0,47.5,45.83333206176758,46.66666793823242,46.66666793823242,2160
1984-08-15,0.0,45.0,45.0,45.0,45.0,360
1984-08-16,0.0,46.66666793823242,45.0,46.66666793823242,46.66666793823242,1560
1984-08-17,0.0,46.66666793823242,46.66666793823242,46.66666793823242,46.66666793823242,420
1984-08-20,0.0,46.66666793823242,46.66666793823242,46.66666793823242,46.66666793823242,360
1984-08-21,0.0,45.41666793823242,45.41666793823242,45.41666793823242,45.41666793823242,240
1984-08-22,0.0,46.66666793823242,45.41666793823242,46.66666793823242,46.66666793823242,1320
1984-08-23,0.0,48.33333206176758,45.83333206176758,48.33333206176758,48.33333206176758,1860
1984-08-24,0.0,51.66666793823242,48.33333206176758,51.66666793823242,51.66666793823242,7620
1984-08-27,0.0,55.83333206176758,50.83333206176758,55.0,55.0,10260
1984-08-28,0.0,59.16666793823242,53.33333206176758,58.33333206176758,58.33333206176758,12360
1984-08-29,0.0,62.5,55.0,55.83333206176758,55.83333206176758,13260
1984-08-30,0.0,58.75,55.41666793823242,58.75,58.75,5220
1984-08-31,0.0,60.83333206176758,57.5,59.16666793823242,59.16666793823242,3360
1984-09-04,0.0,60.41666793823242,57.5,57.5,57.5,6240
1984-09-05,0.0,59.16666793823242,57.91666793823242,57.91666793823242,57.91666793823242,3060
1984-09-06,0.0,59.16666793823242,58.33333206176758,59.16666793823242,59.16666793823242,2040
1984-09-07,0.0,58.33333206176758,56.66666793823242,57.91666793823242,57.91666793823242,4740
1984-09-10,0.0,57.91666793823242,55.83333206176758,57.08333206176758,57.08333206176758,5340
1984-09-11,0.0,57.5,55.83333206176758,57.08333206176758,57.08333206176758,4500
1984-09-12,0.0,56.25,55.0,56.25,56.25,8280
1984-09-13,0.0,55.83333206176758,54.16666793823242,55.20833206176758,55.20833206176758,7380
1984-09-14,0.0,55.83333206176758,52.5,52.5,52.5,8880
1984-09-17,0.0,52.91666793823242,50.83333206176758,52.5,52.5,4800
1984-09-18,0.0,52.91666793823242,50.83333206176758,52.91666793823242,52.91666793823242,1440
1984-09-19,0.0,52.91666793823242,50.83333206176758,51.66666793823242,51.66666793823242,2760
1984-09-20,0.0,51.66666793823242,49.16666793823242,50.83333206176758,50.83333206176758,2940
1984-09-21,0.0,50.41666793823242,49.16666793823242,49.58333206176758,49.58333206176758,2880
1984-09-24,0.0,49.58333206176758,49.58333206176758,49.58333206176758,49.58333206176758,840
1984-09-25,0.0,50.0,43.33333206176758,45.83333206176758,45.83333206176758,8160
1984-09-26,0.0,53.33333206176758,45.0,53.33333206176758,53.33333206176758,9540
1984-09-27,0.0,58.33333206176758,53.33333206176758,55.0,55.0,14400
1984-09-28,0.0,56.66666793823242,55.0,56.66666793823242,56.66666793823242,7140
1984-10-01,0.0,59.16666793823242,56.25,56.66666793823242,56.66666793823242,6540
1984-10-02,0.0,60.0,57.5,57.5,57.5,7020
1984-10-03,0.0,60.83333206176758,57.5,58.33333206176758,58.33333206176758,9720
1984-10-04,0.0,58.33333206176758,56.66666793823242,57.5,57.5,3360
1984-10-05,0.0,58.33333206176758,56.66666793823242,58.33333206176758,58.33333206176758,4500
1984-10-08,0.0,58.33333206176758,56.66666793823242,56.66666793823242,56.66666793823242,9720
1984-10-09,0.0,57.91666793823242,50.83333206176758,52.5,52.5,16020
1984-10-10,0.0,53.75,50.83333206176758,53.33333206176758,53.33333206176758,6000
1984-10-11,0.0,57.5,50.83333206176758,57.5,57.5,10320
1984-10-12,0.0,57.5,55.83333206176758,57.5,57.5,7500
1984-10-15,0.0,60.0,55.83333206176758,60.0,60.0,14220
1984-10-16,0.0,62.5,58.75,59.16666793823242,59.16666793823242,17280
1984-10-17,0.0,60.83333206176758,58.75,58.75,58.75,7980
1984-10-18,0.0,61.66666793823242,58.75,61.66666793823242,61.66666793823242,6540
1984-10-19,0.0,64.16666412353516,60.83333206176758,62.91666793823242,62.91666793823242,14760
1984-10-22,0.0,63.33333206176758,61.875,63.125,63.125,5280
1984-10-23,0.0,65.83333587646484,62.91666793823242,65.83333587646484,65.83333587646484,9600
1984-10-24,0.0,69.16666412353516,64.58333587646484,67.08333587646484,67.08333587646484,21060
1984-10-25,0.0,69.58333587646484,65.83333587646484,67.5,67.5,9360
1984-10-26,0.0,67.91666412353516,63.33333206176758,64.58333587646484,64.58333587646484,20760
1984-10-29,0.0,65.41666412353516,61.25,62.91666793823242,62.91666793823242,10860
1984-10-30,0.0,63.33333206176758,60.41666793823242,61.66666793823242,61.66666793823242,11940
1984-10-31,0.0,62.5,55.41666793823242,57.91666793823242,57.91666793823242,24480
1984-11-01,0.0,50.0,42.08333206176758,48.33333206176758,48.33333206176758,58320
1984-11-02,0.0,53.33333206176758,47.91666793823242,47.91666793823242,47.91666793823242,23400
1984-11-05,0.0,54.16666793823242,47.91666793823242,52.91666793823242,52.91666793823242,8640
1984-11-06,0.0,55.0,47.5,50.83333206176758,50.83333206176758,17220
1984-11-07,0.0,49.16666793823242,40.0,43.33333206176758,43.33333206176758,42960
1984-11-08,0.0,49.16666793823242,44.16666793823242,46.66666793823242,46.66666793823242,35760
1984-11-09,0.0,50.83333206176758,47.5,49.79166793823242,49.79166793823242,34500
1984-11-12,0.0,51.25,49.16666793823242,50.0,50.0,7560
1984-11-13,0.0,52.91666793823242,50.0,52.91666793823242,52.91666793823242,11940
1984-11-14,0.0,55.83333206176758,51.66666793823242,55.0,55.0,17940
1984-11-15,0.0,55.83333206176758,48.75,50.0,50.0,17820
1984-11-16,0.0,51.66666793823242,49.16666793823242,50.83333206176758,50.83333206176758,7560
1984-11-19,0.0,52.29166793823242,50.0,52.08333206176758,52.08333206176758,5280
1984-11-20,0.0,55.0,51.66666793823242,53.33333206176758,53.33333206176758,12360
1984-11-21,0.0,55.0,53.33333206176758,55.0,55.0,6600
1984-11-23,0.0,55.83333206176758,53.33333206176758,53.33333206176758,53.33333206176758,9720
1984-11-26,0.0,53.75,50.0,51.25,51.25,4620
1984-11-27,0.0,55.41666793823242,52.08333206176758,54.58333206176758,54.58333206176758,15660
1984-11-28,0.0,57.08333206176758,53.75,54.16666793823242,54.16666793823242,14640
1984-11-29,0.0,55.41666793823242,53.75,53.75,53.75,17460
1984-11-30,0.0,54.79166793823242,53.75,54.375,54.375,4620
1984-12-03,0.0,54.58333206176758,49.58333206176758,51.66666793823242,51.66666793823242,8820
1984-12-04,0.0,52.91666793823242,50.0,52.70833206176758,52.70833206176758,8040
1984-12-05,0.0,52.91666793823242,49.58333206176758,50.0,50.0,6240
1984-12-06,0.0,51.66666793823242,50.0,51.25,51.25,6480
1984-12-07,0.0,52.5,50.41666793823242,50.83333206176758,50.83333206176758,2580
1984-12-10,0.0,50.83333206176758,49.16666793823242,50.83333206176758,50.83333206176758,840
1984-12-11,0.0,50.0,45.83333206176758,47.08333206176758,47.08333206176758,9540
1984-12-12,0.0,48.33333206176758,47.08333206176758,47.91666793823242,47.91666793823242,5100
1984-12-13,0.0,48.33333206176758,47.08333206176758,47.91666793823242,47.91666793823242,3660
1984-12-14,0.0,49.58333206176758,47.29166793823242,47.5,47.5,5520
1984-12-17,0.0,49.58333206176758,47.5,48.75,48.75,1380
1984-12-18,0.0,49.16666793823242,47.70833206176758,48.75,48.75,16320
1984-12-19,0.0,48.75,47.91666793823242,48.33333206176758,48.33333206176758,3060
1984-12-20,0.0,49.16666793823242,47.5,48.33333206176758,48.33333206176758,7560
1984-12-21,0.0,48.75,45.625,47.5,47.5,6420
1984-12-24,0.0,47.5,45.83333206176758,45.83333206176758,45.83333206176758,5100
1984-12-26,0.0,46.66666793823242,45.0,45.41666793823242,45.41666793823242,2760
1984-12-27,0.0,46.66666793823242,44.16666793823242,45.0,45.0,5520
1984-12-28,0.0,45.83333206176758,41.875,43.125,43.125,14400
1984-12-31,0.0,44.16666793823242,42.5,42.91666793823242,42.91666793823242,7440
1985-01-02,0.0,44.58333206176758,43.33333206176758,43.75,43.75,9420
1985-01-03,0.0,44.58333206176758,30.416667938232422,32.08333206176758,32.08333206176758,30960
1985-01-04,0.0,34.16666793823242,27.5,32.5,32.5,56280
1985-01-07,0.0,37.08333206176758,33.33333206176758,35.0,35.0,28740
1985-01-08,0.0,38.33333206176758,35.41666793823242,37.91666793823242,37.91666793823242,29580
1985-01-09,0.0,40.0,36.66666793823242,37.91666793823242,37.91666793823242,24540
1985-01-10,0.0,42.08333206176758,37.91666793823242,41.25,41.25,24720
1985-01-11,0.0,42.5,38.33333206176758,39.58333206176758,39.58333206176758,20580
1985-01-14,0.0,39.58333206176758,37.5,38.33333206176758,38.33333206176758,3420
1985-01-15,0.0,38.33333206176758,35.0,36.66666793823242,36.66666793823242,37740
1985-01-16,0.0,39.58333206176758,35.83333206176758,39.58333206176758,39.58333206176758,15420
1985-01-17,0.0,39.58333206176758,37.5,39.16666793823242,39.16666793823242,15420
1985-01-18,0.0,40.83333206176758,38.75,40.83333206176758,40.83333206176758,16500
1985-01-21,0.0,40.83333206176758,40.20833206176758,40.83333206176758,40.83333206176758,5400
1985-01-22,0.0,40.83333206176758,38.33333206176758,38.33333206176758,38.33333206176758,13260
1985-01-23,0.0,40.0,38.33333206176758,38.75,38.75,4680
1985-01-24,0.0,40.0,39.16666793823242,39.16666793823242,39.16666793823242,9960
1985-01-25,0.0,46.66666793823242,40.0,46.66666793823242,46.66666793823242,24660
1985-01-28,0.0,50.83333206176758,46.66666793823242,49.16666793823242,49.16666793823242,20940
1985-01-29,0.0,50.0,40.83333206176758,45.0,45.0,34320
1985-01-30,0.0,48.33333206176758,41.66666793823242,43.33333206176758,43.33333206176758,26340
1985-01-31,0.0,43.33333206176758,38.75,39.375,39.375,17820
1985-02-01,0.0,42.5,39.58333206176758,42.08333206176758,42.08333206176758,8580
1985-02-04,0.0,42.5,39.16666793823242,41.25,41.25,2760
1985-02-05,0.0,42.91666793823242,41.25,42.08333206176758,42.08333206176758,9480
1985-02-06,0.0,42.5,40.41666793823242,42.5,42.5,12000
1985-02-07,0.0,42.5,41.25,41.25,41.25,3180
1985-02-08,0.0,44.16666793823242,40.83333206176758,40.83333206176758,40.83333206176758,10260
1985-02-11,0.0,42.5,40.0,40.0,40.0,2760
1985-02-12,0.0,40.83333206176758,39.16666793823242,39.16666793823242,39.16666793823242,15540
1985-02-13,0.0,40.83333206176758,39.16666793823242,39.16666793823242,39.16666793823242,4140
1985-02-14,0.0,40.0,39.16666793823242,40.0,40.0,4920
1985-02-15,0.0,40.0,38.33333206176758,40.0,40.0,7620
1985-02-19,0.0,40.0,38.33333206176758,38.33333206176758,38.33333206176758,4320
1985-02-20,0.0,38.75,33.33333206176758,35.0,35.0,27420
1985-02-21,0.0,35.41666793823242,32.5,35.41666793823242,35.41666793823242,17760
1985-02-22,0.0,36.66666793823242,35.0,35.0,35.0,5220
1985-02-25,0.0,35.83333206176758,32.91666793823242,33.54166793823242,33.54166793823242,12660
1985-02-26,0.0,35.0,32.70833206176758,33.75,33.75,7680
1985-02-27,0.0,37.91666793823242,32.5,33.33333206176758,33.33333206176758,27300
1985-02-28,0.0,33.75,30.0,33.75,33.75,71700
1985-03-01,0.0,37.91666793823242,33.75,36.66666793823242,36.66666793823242,29040
1985-03-04,0.0,37.5,35.41666793823242,36.25,36.25,8700
1985-03-05,0.0,37.08333206176758,35.41666793823242,36.66666793823242,36.66666793823242,13320
1985-03-06,0.0,38.75,36.25,37.91666793823242,37.91666793823242,16620
1985-03-07,0.0,39.16666793823242,35.83333206176758,37.5,37.5,10860
1985-03-08,0.0,39.16666793823242,36.66666793823242,38.33333206176758,38.33333206176758,11460
1985-03-11,0.0,38.75,36.66666793823242,37.29166793823242,37.29166793823242,10080
1985-03-12,0.0,39.16666793823242,35.0,38.54166793823242,38.54166793823242,17340
1985-03-13,0.0,39.16666793823242,35.0,35.83333206176758,35.83333206176758,15540
1985-03-14,0.0,36.66666793823242,35.0,36.25,36.25,1740
1985-03-15,0.0,38.75,36.66666793823242,37.08333206176758,37.08333206176758,2520
1985-03-18,0.0,38.75,36.66666793823242,36.66666793823242,36.66666793823242,9180
1985-03-19,0.0,37.91666793823242,35.83333206176758,35.83333206176758,35.83333206176758,6360
1985-03-20,0.0,36.66666793823242,35.0,35.83333206176758,35.83333206176758,3900
1985-03-21,0.0,36.66666793823242,30.0,32.08333206176758,32.08333206176758,22380
1985-03-22,0.0,35.83333206176758,31.666667938232422,33.33333206176758,33.33333206176758,17280
1985-03-25,0.0,33.33333206176758,31.666667938232422,32.91666793823242,32.91666793823242,3060
1985-03-26,0.0,33.33333206176758,30.0,32.08333206176758,32.08333206176758,23160
1985-03-27,0.0,35.41666793823242,33.33333206176758,33.33333206176758,33.33333206176758,33660
1985-03-28,0.0,33.75,32.08333206176758,33.33333206176758,33.33333206176758,2640
1985-03-29,0.0,35.0,31.666667938232422,34.16666793823242,34.16666793823242,14520
1985-04-01,0.0,35.0,33.33333206176758,35.0,35.0,6540
1985-04-02,0.0,35.83333206176758,33.33333206176758,34.16666793823242,34.16666793823242,43620
1985-04-03,0.0,34.16666793823242,32.91666793823242,33.75,33.75,2160
1985-04-04,0.0,34.58333206176758,32.91666793823242,34.58333206176758,34.58333206176758,2220
1985-04-08,0.0,33.33333206176758,29.583332061767578,30.0,30.0,30180
1985-04-09,0.0,31.666667938232422,29.583332061767578,30.416667938232422,30.416667938232422,17160
1985-04-10,0.0,31.041667938232422,30.416667938232422,30.416667938232422,30.416667938232422,5940
1985-04-11,0.0,32.08333206176758,30.416667938232422,31.666667938232422,31.666667938232422,11640
1985-04-12,0.0,32.08333206176758,31.25,32.08333206176758,32.08333206176758,9780
1985-04-15,0.0,32.91666793823242,27.5,32.91666793823242,32.91666793823242,18600
1985-04-16,0.0,35.83333206176758,32.08333206176758,32.70833206176758,32.70833206176758,14280
1985-04-17,0.0,32.5,31.25,32.08333206176758,32.08333206176758,7440
1985-04-18,0.0,32.5,31.25,31.666667938232422,31.666667938232422,7560
1985-04-19,0.0,34.16666793823242,32.08333206176758,33.33333206176758,33.33333206176758,7620
1985-04-22,0.0,34.58333206176758,32.5,33.75,33.75,4680
1985-04-23,0.0,35.83333206176758,32.5,32.91666793823242,32.91666793823242,16860
1985-04-24,0.0,35.83333206176758,33.33333206176758,33.33333206176758,33.33333206176758,2820
1985-04-25,0.0,35.41666793823242,33.33333206176758,33.75,33.75,7500
1985-04-26,0.0,34.58333206176758,33.33333206176758,34.16666793823242,34.16666793823242,11820
1985-04-29,0.0,34.16666793823242,32.5,33.95833206176758,33.95833206176758,4080
1985-04-30,0.0,34.16666793823242,32.08333206176758,33.33333206176758,33.33333206176758,3720
1985-05-01,0.0,34.58333206176758,32.5,33.75,33.75,7140
1985-05-02,0.0,33.33333206176758,32.91666793823242,33.33333206176758,33.33333206176758,3300
1985-05-03,0.0,35.0,32.91666793823242,35.0,35.0,9120
1985-05-06,0.0,37.5,34.16666793823242,36.25,36.25,20880
1985-05-07,0.0,37.5,35.83333206176758,37.08333206176758,37.08333206176758,13980
1985-05-08,0.0,37.08333206176758,35.20833206176758,35.83333206176758,35.83333206176758,6600
1985-05-09,0.0,36.66666793823242,35.20833206176758,35.41666793823242,35.41666793823242,16500
1985-05-10,0.0,36.66666793823242,35.0,36.25,36.25,9960
1985-05-13,0.0,36.25,35.0,35.0,35.0,19140
1985-05-14,0.0,36.25,34.16666793823242,35.0,35.0,9480
1985-05-15,0.0,35.0,32.29166793823242,34.16666793823242,34.16666793823242,8340
1985-05-16,0.0,35.41666793823242,33.33333206176758,33.75,33.75,4380
1985-05-17,0.0,34.58333206176758,32.5,33.125,33.125,5460
1985-05-20,0.0,33.75,30.0,31.666667938232422,31.666667938232422,15480
1985-05-21,0.0,32.08333206176758,29.791667938232422,31.25,31.25,12720
1985-05-22,0.0,32.29166793823242,29.166667938232422,30.416667938232422,30.416667938232422,25320
1985-05-23,0.0,31.666667938232422,30.0,30.833332061767578,30.833332061767578,16140
1985-05-24,0.0,31.666667938232422,30.833332061767578,31.666667938232422,31.666667938232422,8880
1985-05-28,0.0,34.58333206176758,31.666667938232422,34.16666793823242,34.16666793823242,14460
1985-05-29,0.0,35.0,33.33333206176758,34.58333206176758,34.58333206176758,12540
1985-05-30,0.0,35.625,34.16666793823242,34.16666793823242,34.16666793823242,16380
1985-05-31,0.0,35.20833206176758,33.33333206176758,33.33333206176758,33.33333206176758,13980
1985-06-03,0.0,34.375,32.5,33.75,33.75,8580
1985-06-04,0.0,32.91666793823242,31.25,32.5,32.5,11880
1985-06-05,0.0,32.5,30.833332061767578,31.25,31.25,5520
1985-06-06,0.0,32.08333206176758,30.416667938232422,32.08333206176758,32.08333206176758,3840
1985-06-07,0.0,32.08333206176758,30.833332061767578,30.833332061767578,30.833332061767578,4800
1985-06-10,0.0,31.666667938232422,30.416667938232422,30.833332061767578,30.833332061767578,7620
1985-06-11,0.0,31.666667938232422,30.833332061767578,31.666667938232422,31.666667938232422,4260
1985-06-12,0.0,31.666667938232422,31.25,31.25,31.25,5040
1985-06-13,0.0,31.666667938232422,30.833332061767578,30.833332061767578,30.833332061767578,7440
1985-06-14,0.0,32.91666793823242,30.833332061767578,32.29166793823242,32.29166793823242,8160
1985-06-17,0.0,32.91666793823242,31.041667938232422,31.25,31.25,6840
1985-06-18,0.0,32.08333206176758,30.833332061767578,31.666667938232422,31.666667938232422,10320
1985-06-19,0.0,32.08333206176758,30.833332061767578,30.833332061767578,30.833332061767578,7620
1985-06-20,0.0,31.666667938232422,31.25,31.666667938232422,31.666667938232422,3960
1985-06-21,0.0,32.5,30.833332061767578,32.5,32.5,4260
1985-06-24,0.0,32.08333206176758,30.833332061767578,31.25,31.25,3060
1985-06-25,0.0,30.833332061767578,30.0,30.625,30.625,4980
1985-06-26,0.0,30.625,30.0,30.416667938232422,30.416667938232422,5280
1985-06-27,0.0,31.666667938232422,30.0,31.666667938232422,31.666667938232422,6780
1985-06-28,0.0,31.666667938232422,30.833332061767578,31.25,31.25,6360
1985-07-01,0.0,31.25,30.0,30.833332061767578,30.833332061767578,2340
1985-07-02,0.0,30.833332061767578,30.0,30.416667938232422,30.416667938232422,16920
1985-07-03,0.0,31.25,30.0,31.041667938232422,31.041667938232422,12840
1985-07-05,0.0,33.125,31.041667938232422,32.70833206176758,32.70833206176758,13320
1985-07-08,0.0,34.375,32.5,32.70833206176758,32.70833206176758,18540
1985-07-09,0.0,35.625,33.33333206176758,35.0,35.0,21720
1985-07-10,0.0,38.33333206176758,35.0,38.33333206176758,38.33333206176758,35400
1985-07-11,0.0,42.91666793823242,40.0,42.08333206176758,42.08333206176758,76020
1985-07-12,0.0,42.08333206176758,36.66666793823242,39.375,39.375,42780
1985-07-15,0.0,39.79166793823242,38.33333206176758,38.95833206176758,38.95833206176758,13620
1985-07-16,0.0,39.16666793823242,38.33333206176758,39.16666793823242,39.16666793823242,13560
1985-07-17,0.0,39.79166793823242,37.5,37.5,37.5,7740
1985-07-18,0.0,38.125,37.5,37.70833206176758,37.70833206176758,6420
1985-07-19,0.0,39.16666793823242,37.5,38.54166793823242,38.54166793823242,6000
1985-07-22,0.0,41.25,38.95833206176758,41.25,41.25,11820
1985-07-23,0.0,43.75,42.08333206176758,43.33333206176758,43.33333206176758,30060
1985-07-24,0.0,43.75,42.5,43.54166793823242,43.54166793823242,15660
1985-07-25,0.0,47.91666793823242,43.33333206176758,45.0,45.0,50100
1985-07-26,0.0,46.66666793823242,44.16666793823242,45.0,45.0,18120
1985-07-29,0.0,45.41666793823242,43.125,44.375,44.375,13620
1985-07-30,0.0,45.83333206176758,43.95833206176758,45.83333206176758,45.83333206176758,16020
1985-07-31,0.0,47.5,45.83333206176758,46.875,46.875,19800
1985-08-01,0.0,49.16666793823242,46.45833206176758,47.91666793823242,47.91666793823242,31380
1985-08-02,0.0,55.0,46.66666793823242,55.0,55.0,47700
1985-08-05,0.0,62.5,54.16666793823242,58.75,58.75,69360
1985-08-06,0.0,58.75,51.66666793823242,51.66666793823242,51.66666793823242,44100
1985-08-07,0.0,52.5,47.5,50.83333206176758,50.83333206176758,44460
1985-08-08,0.0,57.91666793823242,51.66666793823242,54.58333206176758,54.58333206176758,30780
1985-08-09,0.0,55.83333206176758,49.58333206176758,50.0,50.0,28680
1985-08-12,0.0,53.33333206176758,43.33333206176758,52.08333206176758,52.08333206176758,43440
1985-08-13,0.0,55.83333206176758,52.08333206176758,52.5,52.5,40800
1985-08-14,0.0,55.41666793823242,52.5,53.75,53.75,27660
1985-08-15,0.0,54.16666793823242,51.66666793823242,51.875,51.875,15120
1985-08-16,0.0,52.91666793823242,51.25,51.66666793823242,51.66666793823242,6900
1985-08-19,0.0,52.5,49.58333206176758,51.25,51.25,13800
1985-08-20,0.0,50.83333206176758,48.95833206176758,50.0,50.0,13020
1985-08-21,0.0,50.83333206176758,49.16666793823242,49.58333206176758,49.58333206176758,4080
1985-08-22,0.0,51.04166793823242,49.58333206176758,50.83333206176758,50.83333206176758,18060
1985-08-23,0.0,51.04166793823242,50.0,50.0,50.0,17880
1985-08-26,0.0,55.0,50.83333206176758,54.16666793823242,54.16666793823242,41820
1985-08-27,0.0,56.25,54.58333206176758,55.83333206176758,55.83333206176758,32160
1985-08-28,0.0,59.16666793823242,54.16666793823242,58.33333206176758,58.33333206176758,57780
1985-08-29,0.0,59.79166793823242,57.5,58.33333206176758,58.33333206176758,34860
1985-08-30,0.0,62.70833206176758,58.33333206176758,62.5,62.5,44220
1985-09-03,0.0,65.625,60.41666793823242,60.41666793823242,60.41666793823242,77160
1985-09-04,0.0,62.91666793823242,56.875,61.66666793823242,61.66666793823242,44040
1985-09-05,0.0,63.33333206176758,62.08333206176758,62.08333206176758,62.08333206176758,33480
1985-09-06,0.0,64.58333587646484,61.66666793823242,63.33333206176758,63.33333206176758,42300
1985-09-09,0.0,67.29166412353516,63.75,66.66666412353516,66.66666412353516,65160
1985-09-10,0.0,75.83333587646484,66.45833587646484,75.83333587646484,75.83333587646484,104580
1985-09-11,0.0,81.66666412353516,68.95833587646484,70.41666412353516,70.41666412353516,153540
1985-09-12,0.0,74.58333587646484,68.95833587646484,69.58333587646484,69.58333587646484,69480
1985-09-13,0.0,71.66666412353516,68.33333587646484,69.375,69.375,32580
1985-09-16,0.0,69.58333587646484,60.0,64.16666412353516,64.16666412353516,57300
1985-09-17,0.0,65.83333587646484,58.33333206176758,59.58333206176758,59.58333206176758,53400
1985-09-18,0.0,65.83333587646484,58.33333206176758,63.75,63.75,44100
1985-09-19,0.0,68.33333587646484,64.16666412353516,67.91666412353516,67.91666412353516,32700
1985-09-20,0.0,68.33333587646484,60.83333206176758,62.08333206176758,62.08333206176758,29820
1985-09-23,0.0,64.16666412353516,58.33333206176758,63.33333206176758,63.33333206176758,19980
1985-09-24,0.0,66.66666412353516,61.66666793823242,63.33333206176758,63.33333206176758,19500
1985-09-25,0.0,63.33333206176758,61.66666793823242,63.33333206176758,63.33333206176758,7740
1985-09-26,0.0,64.16666412353516,61.04166793823242,63.54166793823242,63.54166793823242,6300
1985-09-30,0.0,63.75,61.25,62.08333206176758,62.08333206176758,11940
1985-10-01,0.0,61.66666793823242,53.33333206176758,59.16666793823242,59.16666793823242,57960
1985-10-02,0.0,59.58333206176758,56.25,56.66666793823242,56.66666793823242,28380
1985-10-03,0.0,57.91666793823242,55.83333206176758,57.5,57.5,8880
1985-10-04,0.0,63.33333206176758,57.5,63.33333206176758,63.33333206176758,41460
1985-10-07,0.0,68.33333587646484,62.5,65.0,65.0,28680
1985-10-08,0.0,65.83333587646484,63.33333206176758,63.95833206176758,63.95833206176758,7320
1985-10-09,0.0,66.25,63.33333206176758,64.16666412353516,64.16666412353516,11220
1985-10-10,0.0,64.58333587646484,62.5,63.33333206176758,63.33333206176758,3840
1985-10-11,0.0,67.5,64.16666412353516,66.25,66.25,17280
1985-10-14,0.0,71.66666412353516,66.25,71.66666412353516,71.66666412353516,13560
1985-10-15,0.0,74.16666412353516,68.33333587646484,71.66666412353516,71.66666412353516,28980
1985-10-16,0.0,76.66666412353516,70.41666412353516,72.08333587646484,72.08333587646484,24180
1985-10-17,0.0,75.0,71.66666412353516,73.75,73.75,23340
1985-10-18,0.0,73.33333587646484,69.16666412353516,71.66666412353516,71.66666412353516,17940
1985-10-21,0.0,72.91666412353516,70.0,70.0,70.0,9720
1985-10-22,0.0,70.0,60.83333206176758,65.625,65.625,42960
1985-10-23,0.0,66.66666412353516,65.0,65.41666412353516,65.41666412353516,3000
1985-10-24,0.0,65.83333587646484,62.5,63.75,63.75,16380
1985-10-25,0.0,64.58333587646484,59.16666793823242,62.5,62.5,18480
1985-10-28,0.0,64.58333587646484,61.66666793823242,63.33333206176758,63.33333206176758,5940
1985-10-29,0.0,67.91666412353516,64.16666412353516,65.83333587646484,65.83333587646484,10560
1985-10-30,0.0,68.33333587646484,65.83333587646484,66.66666412353516,66.66666412353516,17820
1985-10-31,0.0,66.25,63.75,66.25,66.25,11580
1985-11-01,0.0,64.58333587646484,60.83333206176758,62.5,62.5,26520
1985-11-04,0.0,66.66666412353516,62.08333206176758,65.0,65.0,18780
1985-11-05,0.0,67.5,65.0,67.08333587646484,67.08333587646484,17160
1985-11-06,0.0,67.5,66.66666412353516,67.08333587646484,67.08333587646484,11280
1985-11-07,0.0,70.0,65.0,69.58333587646484,69.58333587646484,22560
1985-11-08,0.0,72.91666412353516,69.16666412353516,70.41666412353516,70.41666412353516,50580
1985-11-11,0.0,75.0,71.25,73.33333587646484,73.33333587646484,24480
1985-11-12,0.0,78.75,71.25,75.625,75.625,34920
1985-11-13,0.0,78.75,75.0,78.125,78.125,29880
1985-11-14,0.0,78.125,73.75,76.25,76.25,19620
1985-11-15,0.0,75.625,68.125,70.0,70.0,14580
1985-11-18,0.0,69.375,66.875,68.125,68.125,4500
1985-11-19,0.0,70.625,67.5,69.375,69.375,5660
1985-11-20,0.0,71.25,70.0,70.625,70.625,6100
1985-11-21,0.0,75.0,70.625,73.125,73.125,11200
1985-11-22,0.0,75.625,72.5,74.375,74.375,8920
1985-11-25,0.0,75.625,72.5,74.375,74.375,8200
1985-11-26,0.0,75.625,72.5,74.375,74.375,22200
1985-11-27,0.0,75.625,72.5,73.75,73.75,8300
1985-11-29,0.0,75.0,72.5,75.0,75.0,8020
1985-12-02,0.0,75.0,72.5,74.375,74.375,8940
1985-12-03,0.0,74.375,72.5,74.375,74.375,9740
1985-12-04,0.0,74.375,66.25,72.5,72.5,16340
1985-12-05,0.0,73.75,71.875,71.875,71.875,5200
1985-12-06,0.0,72.5,70.625,72.5,72.5,11320
1985-12-09,0.0,73.75,71.875,71.875,71.875,4660
1985-12-10,0.0,72.5,68.125,72.5,72.5,11680
1985-12-11,0.0,72.5,68.75,71.25,71.25,11800
1985-12-12,0.0,75.0,70.625,73.125,73.125,11100
1985-12-13,0.0,75.0,73.125,74.375,74.375,14360
1985-12-16,0.0,76.25,73.125,75.0,75.0,12400
1985-12-17,0.0,75.625,71.875,73.125,73.125,10920
1985-12-18,0.0,75.625,71.875,74.375,74.375,11780
1985-12-19,0.0,75.0,73.125,75.0,75.0,13020
1985-12-20,0.0,77.5,74.375,75.0,75.0,9060
1985-12-23,0.0,75.0,73.125,75.0,75.0,8200
1985-12-24,0.0,75.0,73.125,75.0,75.0,4460
1985-12-26,0.0,75.0,73.125,75.0,75.0,7340
1985-12-27,0.0,76.875,73.75,75.625,75.625,11580
1985-12-30,0.0,76.25,75.0,75.625,75.625,14420
1985-12-31,0.0,76.25,73.125,75.0,75.0,9380
1986-01-02,0.0,76.25,73.75,75.0,75.0,8120
1986-01-03,0.0,75.625,74.375,75.0,75.0,10980
1986-01-06,0.0,93.75,73.75,93.75,93.75,40940
1986-01-07,0.0,100.0,90.0,91.875,91.875,39040
1986-01-08,0.0,93.125,83.75,85.0,85.0,21400
1986-01-09,0.0,85.0,80.625,82.5,82.5,18320
1986-01-10,0.0,86.25,82.5,85.0,85.0,5740
1986-01-13,0.0,85.0,79.375,80.0,80.0,5740
1986-01-14,0.0,81.25,75.0,75.0,75.0,11420
1986-01-15,0.0,75.0,70.625,75.0,75.0,16480
1986-01-16,0.0,85.625,75.0,83.75,83.75,11540
1986-01-17,0.0,85.0,76.25,79.375,79.375,6680
1986-01-20,0.0,79.375,76.875,79.375,79.375,3440
1986-01-21,0.0,80.0,75.0,76.875,76.875,11680
1986-01-22,0.0,80.0,76.875,78.75,78.75,10040
1986-01-23,0.0,80.0,78.125,78.75,78.75,6720
1986-01-24,0.0,81.875,78.125,80.625,80.625,10840
1986-01-27,0.0,81.875,79.375,80.625,80.625,11560
1986-01-28,0.0,87.5,76.875,85.625,85.625,22380
1986-01-29,0.0,91.25,84.375,87.5,87.5,31900
1986-01-30,0.0,90.625,86.25,90.625,90.625,12780
1986-01-31,0.0,98.75,90.625,96.25,96.25,47360
1986-02-03,0.0,97.5,95.0,95.625,95.625,20080
1986-02-04,0.0,95.625,88.75,90.0,90.0,27720
1986-02-05,0.0,91.25,88.125,89.375,89.375,8260
1986-02-06,0.0,91.25,88.75,90.625,90.625,12480
1986-02-07,0.0,91.25,87.5,88.75,88.75,4380
1986-02-10,0.0,90.625,88.125,90.0,90.0,7300
1986-02-11,0.0,88.75,84.375,87.5,87.5,10200
1986-02-12,0.0,88.125,84.375,85.625,85.625,7440
1986-02-13,0.0,84.375,80.625,81.875,81.875,9580
1986-02-14,0.0,94.375,81.875,93.125,93.125,22740
1986-02-18,0.0,91.25,88.75,90.0,90.0,25860
1986-02-19,0.0,88.75,80.625,81.25,81.25,18480
1986-02-20,0.0,85.625,80.625,83.75,83.75,12300
1986-02-21,0.0,86.25,82.5,83.125,83.125,10960
1986-02-24,0.0,84.375,82.5,83.125,83.125,3240
1986-02-25,0.0,84.375,83.125,83.75,83.75,4560
1986-02-26,0.0,85.0,83.125,84.375,84.375,5240
1986-02-27,0.0,85.0,82.5,83.125,83.125,9100
1986-02-28,0.0,83.75,80.625,80.625,80.625,7740
1986-03-03,0.0,82.5,80.625,81.25,81.25,8180
1986-03-04,0.0,81.25,73.75,74.375,74.375,26680
1986-03-05,0.0,76.875,73.125,76.875,76.875,16300
1986-03-06,0.0,76.875,75.0,75.0,75.0,4440
1986-03-07,0.0,75.625,64.375,70.0,70.0,21580
1986-03-10,0.0,68.75,65.0,67.5,67.5,27440
1986-03-11,0.0,70.0,66.25,68.125,68.125,9880
1986-03-12,0.0,74.375,68.125,73.75,73.75,9900
1986-03-13,0.0,76.25,74.375,75.625,75.625,18520
1986-03-14,0.0,78.75,75.625,78.75,78.75,13340
1986-03-17,0.0,79.375,78.125,78.75,78.75,3880
1986-03-18,0.0,79.375,72.5,74.375,74.375,11620
1986-03-19,0.0,78.75,72.5,78.75,78.75,12360
1986-03-20,0.0,79.375,76.875,77.5,77.5,7700
1986-03-21,0.0,78.125,73.125,73.125,73.125,9520
1986-03-24,0.0,75.625,70.625,71.25,71.25,3900
1986-03-25,0.0,73.125,70.625,70.625,70.625,1500
1986-03-26,0.0,71.25,66.875,68.75,68.75,14980
1986-03-27,0.0,70.0,66.25,67.5,67.5,8620
1986-03-31,0.0,66.875,58.75,60.0,60.0,30820
1986-04-01,0.0,61.875,58.75,59.375,59.375,22000
1986-04-02,0.0,60.0,38.75,40.0,40.0,88720
1986-04-03,0.0,37.5,27.5,30.0,30.0,130780
1986-04-04,0.0,36.25,28.125,35.0,35.0,64680
1986-04-07,0.0,40.0,33.75,40.0,40.0,53600
1986-04-08,0.0,46.25,40.0,44.375,44.375,41820
1986-04-09,0.0,44.375,38.125,38.75,38.75,40760
1986-04-10,0.0,39.375,35.625,37.5,37.5,25400
1986-04-11,0.0,39.375,35.625,39.375,39.375,12220
1986-04-14,0.0,39.375,37.5,38.75,38.75,9740
1986-04-15,0.0,38.125,36.875,37.5,37.5,4000
1986-04-16,0.0,37.5,35.0,35.0,35.0,7720
1986-04-17,0.0,37.5,33.75,36.875,36.875,9480
1986-04-18,0.0,37.5,35.625,37.5,37.5,9320
1986-04-21,0.0,39.375,36.25,39.375,39.375,7460
1986-04-22,0.0,43.75,40.625,42.5,42.5,14300
1986-04-23,0.0,48.125,41.25,42.5,42.5,33500
1986-04-24,0.0,46.25,42.5,43.125,43.125,11260
1986-04-25,0.0,46.25,43.125,44.375,44.375,8640
1986-04-28,0.0,46.25,42.5,46.25,46.25,13880
1986-04-29,0.0,48.75,45.625,46.875,46.875,9100
1986-04-30,0.0,46.25,44.375,45.0,45.0,2440
1986-05-01,0.0,45.0,41.875,43.125,43.125,5640
1986-05-02,0.0,42.5,37.5,40.625,40.625,6760
1986-05-05,0.0,43.75,41.25,43.75,43.75,2800
1986-05-06,0.0,43.75,41.875,43.125,43.125,5200
1986-05-07,0.0,43.75,41.875,43.75,43.75,1620
1986-05-08,0.0,47.5,42.5,45.625,45.625,9900
1986-05-09,0.0,49.375,43.125,48.75,48.75,11720
1986-05-12,0.0,50.0,46.875,47.5,47.5,10340
1986-05-13,0.0,48.125,46.25,46.25,46.25,4740
1986-05-14,0.0,47.5,46.25,46.25,46.25,7300
1986-05-15,0.0,48.125,46.25,47.5,47.5,9280
1986-05-16,0.0,48.125,46.25,47.5,47.5,16460
1986-05-19,0.0,48.125,46.25,48.125,48.125,14400
1986-05-20,0.0,48.125,45.0,46.25,46.25,5280
1986-05-21,0.0,45.625,44.375,45.0,45.0,4420
1986-05-22,0.0,45.0,44.375,44.375,44.375,9140
1986-05-23,0.0,49.375,44.375,49.375,49.375,59200
1986-05-27,0.0,60.0,48.125,60.0,60.0,95160
1986-05-28,0.0,63.75,51.25,53.75,53.75,40580
1986-05-29,0.0,58.125,46.875,48.125,48.125,43540
1986-05-30,0.0,51.25,40.625,43.125,43.125,28140
1986-06-02,0.0,46.25,43.75,45.625,45.625,7020
1986-06-03,0.0,46.875,41.875,46.875,46.875,10660
1986-06-04,0.0,49.375,47.5,48.75,48.75,7340
1986-06-05,0.0,48.75,46.25,47.5,47.5,8020
1986-06-06,0.0,53.125,47.5,52.5,52.5,21980
1986-06-09,0.0,53.125,46.875,48.75,48.75,6420
1986-06-10,0.0,49.375,47.5,48.75,48.75,4720
1986-06-11,0.0,49.375,48.125,49.375,49.375,2900
1986-06-12,0.0,51.875,49.375,51.25,51.25,10860
1986-06-13,0.0,60.625,50.625,60.0,60.0,15220
1986-06-16,0.0,60.625,54.375,54.375,54.375,18380
1986-06-17,0.0,56.875,53.75,56.25,56.25,13660
1986-06-18,0.0,57.5,55.0,56.25,56.25,10040
1986-06-19,0.0,59.375,56.875,58.75,58.75,9260
1986-06-20,0.0,61.25,58.75,60.0,60.0,24200
1986-06-23,0.0,58.75,53.75,56.875,56.875,15860
1986-06-24,0.0,56.875,55.0,56.25,56.25,2780
1986-06-25,0.0,58.125,56.25,57.5,57.5,6760
1986-06-26,0.0,61.25,58.125,58.75,58.75,10040
1986-06-27,0.0,60.625,58.75,60.0,60.0,12280
1986-06-30,0.0,63.125,60.0,61.875,61.875,9240
1986-07-01,0.0,70.0,61.25,67.5,67.5,28420
1986-07-02,0.0,76.25,64.375,67.5,67.5,37720
1986-07-03,0.0,67.5,63.75,65.0,65.0,33980
1986-07-07,0.0,65.0,62.5,63.125,63.125,6020
1986-07-08,0.0,63.75,61.25,63.125,63.125,6140
1986-07-09,0.0,62.5,51.25,61.25,61.25,20080
1986-07-10,0.0,62.5,58.75,58.75,58.75,2760
1986-07-11,0.0,61.875,57.5,59.375,59.375,5920
1986-07-14,0.0,58.75,56.25,57.5,57.5,5580
1986-07-15,0.0,56.875,51.25,51.25,51.25,9980
1986-07-16,0.0,55.0,52.5,53.125,53.125,5220
1986-07-17,0.0,53.75,49.375,49.375,49.375,7980
1986-07-18,0.0,51.875,49.375,51.875,51.875,3780
1986-07-21,0.0,52.5,47.5,50.625,50.625,5940
1986-07-22,0.0,51.25,48.75,49.375,49.375,2760
1986-07-23,0.0,53.125,49.375,53.125,53.125,8480
1986-07-24,0.0,57.5,53.75,55.625,55.625,7900
1986-07-25,0.0,56.875,54.375,56.25,56.25,1300
1986-07-28,0.0,55.0,53.125,53.75,53.75,4660
1986-07-29,0.0,54.375,53.125,53.125,53.125,2560
1986-07-30,0.0,58.75,53.75,58.75,58.75,4420
1986-07-31,0.0,61.25,55.625,59.375,59.375,3740
1986-08-01,0.0,58.75,52.5,55.0,55.0,3860
1986-08-04,0.0,56.25,48.125,55.625,55.625,6640
1986-08-05,0.0,55.625,51.25,51.875,51.875,2140
1986-08-06,0.0,52.5,51.25,51.875,51.875,2300
1986-08-07,0.0,53.75,51.25,53.75,53.75,2860
1986-08-08,0.0,54.375,51.875,51.875,51.875,2740
1986-08-11,0.0,53.75,51.875,53.75,53.75,880
1986-08-12,0.0,54.375,52.5,54.375,54.375,3980
1986-08-13,0.0,55.0,53.125,53.75,53.75,2020
1986-08-14,0.0,55.0,53.125,53.125,53.125,2240
1986-08-15,0.0,55.625,53.125,55.625,55.625,2920
1986-08-18,0.0,59.375,53.75,56.25,56.25,8600
1986-08-19,0.0,57.5,56.25,57.5,57.5,2300
1986-08-20,0.0,58.125,56.25,58.125,58.125,5760
1986-08-21,0.0,58.125,55.625,56.25,56.25,3800
1986-08-22,0.0,56.875,50.0,53.75,53.75,8020
1986-08-25,0.0,53.75,49.375,51.25,51.25,5360
1986-08-26,0.0,51.25,49.375,51.25,51.25,1720
1986-08-27,0.0,51.25,48.75,50.625,50.625,1780
1986-08-28,0.0,50.0,46.875,50.0,50.0,5980
1986-08-29,0.0,50.0,45.0,48.125,48.125,12180
1986-09-02,0.0,48.125,46.25,46.25,46.25,1620
1986-09-03,0.0,47.5,45.625,46.875,46.875,3500
1986-09-04,0.0,49.375,46.25,48.125,48.125,4500
1986-09-05,0.0,48.75,46.25,48.125,48.125,3960
1986-09-08,0.0,50.625,46.25,50.625,50.625,4760
1986-09-09,0.0,56.25,50.0,55.0,55.0,10340
1986-09-10,0.0,60.0,53.75,60.0,60.0,14120
1986-09-11,0.0,60.0,53.75,55.0,55.0,15560
1986-09-12,0.0,55.0,51.25,52.5,52.5,6960
1986-09-15,0.0,55.0,51.25,52.5,52.5,1400
1986-09-16,0.0,53.75,50.625,53.75,53.75,2960
1986-09-17,0.0,61.25,53.125,58.125,58.125,10480
1986-09-18,0.0,58.125,53.75,56.25,56.25,2560
1986-09-19,0.0,56.875,55.0,55.625,55.625,1200
1986-09-22,0.0,57.5,53.75,57.5,57.5,4500
1986-09-23,0.0,58.125,55.0,58.125,58.125,700
1986-09-24,0.0,58.75,55.0,58.125,58.125,2500
1986-09-25,0.0,58.125,55.625,57.5,57.5,4480
1986-09-26,0.0,60.0,56.25,60.0,60.0,8260
1986-09-29,0.0,58.75,56.875,58.125,58.125,2440
1986-09-30,0.0,58.125,56.25,56.25,56.25,6840
1986-10-01,0.0,58.75,56.25,58.75,58.75,5800
1986-10-02,0.0,58.75,56.25,58.125,58.125,4480
1986-10-03,0.0,58.125,56.25,58.125,58.125,5960
1986-10-06,0.0,58.75,57.5,58.75,58.75,8100
1986-10-07,0.0,59.375,56.875,58.125,58.125,5340
1986-10-08,0.0,60.625,56.875,60.0,60.0,13980
1986-10-09,0.0,61.25,58.125,60.0,60.0,3000
1986-10-10,0.0,61.25,58.125,61.25,61.25,4400
1986-10-13,0.0,61.25,59.375,59.375,59.375,540
1986-10-14,0.0,61.25,58.125,58.125,58.125,1600
1986-10-15,0.0,59.375,57.5,59.375,59.375,380
1986-10-16,0.0,59.375,57.5,57.5,57.5,1360
1986-10-17,0.0,72.5,58.125,61.25,61.25,17840
1986-10-20,0.0,65.0,60.0,61.25,61.25,6060
1986-10-21,0.0,70.0,60.625,67.5,67.5,13600
1986-10-22,0.0,70.0,68.125,70.0,70.0,13300
1986-10-23,0.0,70.0,68.125,70.0,70.0,10560
1986-10-24,0.0,76.25,70.0,75.0,75.0,29840
1986-10-27,0.0,80.625,75.0,76.875,76.875,17720
1986-10-28,0.0,77.5,67.5,71.875,71.875,15700
1986-10-29,0.0,73.125,66.875,73.125,73.125,11620
1986-10-30,0.0,76.25,73.125,74.375,74.375,2700
1986-10-31,0.0,74.375,71.25,73.75,73.75,2880
1986-11-03,0.0,73.75,67.5,67.5,67.5,5940
1986-11-04,0.0,70.625,68.125,70.625,70.625,3660
1986-11-05,0.0,71.875,68.125,68.125,68.125,4240
1986-11-06,0.0,70.0,67.5,69.375,69.375,2960
1986-11-07,0.0,72.5,68.75,69.375,69.375,5800
1986-11-10,0.0,68.75,66.25,68.125,68.125,3360
1986-11-11,0.0,68.125,63.75,63.75,63.75,2620
1986-11-12,0.0,67.5,63.75,67.5,67.5,3260
1986-11-13,0.0,67.5,63.75,63.75,63.75,3760
1986-11-14,0.0,67.5,64.375,66.25,66.25,2400
1986-11-17,0.0,66.25,64.375,66.25,66.25,2540
1986-11-18,0.0,66.875,64.375,66.25,66.25,6280
1986-11-19,0.0,66.25,63.75,66.25,66.25,2920
1986-11-20,0.0,66.25,63.75,66.25,66.25,4260
1986-11-21,0.0,66.25,65.625,66.25,66.25,4080
1986-11-24,0.0,66.875,64.375,66.875,66.875,8100
1986-11-25,0.0,66.25,63.75,66.25,66.25,5680
1986-11-26,0.0,68.75,65.0,68.75,68.75,5120
1986-11-28,0.0,70.625,67.5,70.625,70.625,1620
1986-12-01,0.0,70.625,66.25,67.5,67.5,3620
1986-12-02,0.0,69.375,66.25,67.5,67.5,3720
1986-12-03,0.0,68.125,66.25,67.5,67.5,2160
1986-12-04,0.0,67.5,66.25,66.875,66.875,4440
1986-12-05,0.0,66.875,61.25,65.625,65.625,2920
1986-12-08,0.0,66.25,64.375,65.0,65.0,5700
1986-12-09,0.0,66.25,63.75,66.25,66.25,2960
1986-12-10,0.0,66.25,63.75,66.25,66.25,1480
1986-12-11,0.0,66.25,63.75,66.25,66.25,4600
1986-12-12,0.0,66.25,65.0,65.0,65.0,2580
1986-12-15,0.0,66.25,58.125,61.25,61.25,14700
1986-12-16,0.0,60.625,58.75,60.625,60.625,2840
1986-12-17,0.0,60.0,58.75,60.0,60.0,1140
1986-12-18,0.0,61.25,58.75,61.25,61.25,7560
1986-12-19,0.0,61.25,59.375,61.25,61.25,3040
1986-12-22,0.0,61.25,58.75,60.0,60.0,3340
1986-12-23,0.0,59.375,55.0,56.25,56.25,8640
1986-12-24,0.0,60.625,55.625,60.0,60.0,5020
1986-12-26,0.0,60.0,58.125,58.125,58.125,480
1986-12-29,0.0,60.0,55.625,56.25,56.25,2120
1986-12-30,0.0,57.5,55.625,56.875,56.875,3340
1986-12-31,0.0,58.75,55.625,57.5,57.5,11200
1987-01-02,0.0,57.5,55.625,57.5,57.5,800
1987-01-05,0.0,57.5,55.625,56.875,56.875,4380
1987-01-06,0.0,57.5,55.625,56.25,56.25,3140
1987-01-07,0.0,56.875,54.375,56.25,56.25,24720
1987-01-08,0.0,56.25,55.0,55.625,55.625,4680
1987-01-09,0.0,60.0,55.0,60.0,60.0,21700
1987-01-12,0.0,60.0,57.5,59.375,59.375,6360
1987-01-13,0.0,59.375,57.5,59.375,59.375,2140
1987-01-14,0.0,61.875,57.5,61.875,61.875,4040
1987-01-15,0.0,61.875,60.0,61.25,61.25,2600
1987-01-16,0.0,61.25,58.125,59.375,59.375,1860
1987-01-19,0.0,57.5,51.25,55.0,55.0,6080
1987-01-20,0.0,52.5,43.75,44.375,44.375,14620
1987-01-21,0.0,52.5,41.875,50.625,50.625,12820
1987-01-22,0.0,51.875,50.0,51.875,51.875,5300
1987-01-23,0.0,55.0,50.625,55.0,55.0,9100
1987-01-26,0.0,55.0,52.5,54.375,54.375,1560
1987-01-27,0.0,54.375,52.5,53.125,53.125,4300
1987-01-28,0.0,53.125,51.25,52.5,52.5,2720
1987-01-29,0.0,52.5,50.625,51.875,51.875,3360
1987-01-30,0.0,52.5,50.0,51.875,51.875,5280
1987-02-02,0.0,51.875,50.0,51.875,51.875,1640
1987-02-03,0.0,53.125,50.0,50.625,50.625,7500
1987-02-04,0.0,51.875,50.0,51.875,51.875,7240
1987-02-05,0.0,51.875,50.0,50.625,50.625,8100
1987-02-06,0.0,51.25,49.375,50.625,50.625,1120
1987-02-09,0.0,51.25,49.375,49.375,49.375,3700
1987-02-10,0.0,50.625,47.5,48.75,48.75,12140
1987-02-11,0.0,49.375,46.875,49.375,49.375,15240
1987-02-12,0.0,51.25,48.75,50.0,50.0,7920
1987-02-13,0.0,50.0,49.375,50.0,50.0,1840
1987-02-17,0.0,50.0,49.375,50.0,50.0,2880
1987-02-18,0.0,50.0,46.875,48.75,48.75,5720
1987-02-19,0.0,46.875,42.5,46.875,46.875,9160
1987-02-20,0.0,46.875,43.75,46.875,46.875,4920
1987-02-23,0.0,46.25,43.125,45.0,45.0,8060
1987-02-24,0.0,46.25,43.75,46.25,46.25,12760
1987-02-25,0.0,50.0,45.625,50.0,50.0,7660
1987-02-26,0.0,51.25,50.0,50.625,50.625,1860
1987-02-27,0.0,53.125,48.75,52.5,52.5,6920
1987-03-02,0.0,52.5,50.0,50.0,50.0,2460
1987-03-03,0.0,50.625,50.0,50.0,50.0,2920
1987-03-04,0.0,50.625,47.5,50.625,50.625,6800
1987-03-05,0.0,50.625,47.5,50.625,50.625,16420
1987-03-06,0.0,65.0,47.5,62.5,62.5,40260
1987-03-09,0.0,70.0,57.5,63.75,63.75,42860
1987-03-10,0.0,72.5,60.625,68.75,68.75,35020
1987-03-11,0.0,76.875,67.5,76.875,76.875,51720
1987-03-12,0.0,81.25,77.5,81.25,81.25,35920
1987-03-13,0.0,80.625,66.25,68.125,68.125,45660
1987-03-16,0.0,71.25,63.75,71.25,71.25,22020
1987-03-17,0.0,75.0,71.25,73.75,73.75,34900
1987-03-18,0.0,75.625,70.0,72.5,72.5,13480
1987-03-19,0.0,72.5,65.0,68.125,68.125,12060
1987-03-20,0.0,69.375,66.875,69.375,69.375,16420
1987-03-23,0.0,73.125,68.75,72.5,72.5,8420
1987-03-24,0.0,74.375,71.25,74.375,74.375,16600
1987-03-25,0.0,76.25,73.75,75.0,75.0,9340
1987-03-26,0.0,75.0,73.125,74.375,74.375,9000
1987-03-27,0.0,74.375,73.125,74.375,74.375,19560
1987-03-30,0.0,78.75,68.75,77.5,77.5,24460
1987-03-31,0.0,86.875,78.75,85.0,85.0,43680
1987-04-01,0.0,85.625,78.75,83.75,83.75,31880
1987-04-02,0.0,85.0,81.875,83.125,83.125,7820
1987-04-03,0.0,85.0,82.5,85.0,85.0,10340
1987-04-06,0.0,97.5,83.75,95.0,95.0,43160
1987-04-07,0.0,105.0,96.25,97.5,97.5,42820
1987-04-08,0.0,99.375,76.25,90.0,90.0,48880
1987-04-09,0.0,94.375,85.0,90.0,90.0,22900
1987-04-10,0.0,91.25,86.25,90.0,90.0,17600
1987-04-13,0.0,96.25,88.125,96.25,96.25,19760
1987-04-14,0.0,98.75,91.25,94.375,94.375,18500
1987-04-15,0.0,95.0,86.875,91.25,91.25,10680
1987-04-16,0.0,91.25,87.5,91.25,91.25,6700
1987-04-20,0.0,91.25,83.75,88.125,88.125,8240
1987-04-21,0.0,88.75,85.0,88.125,88.125,5800
1987-04-22,0.0,90.0,86.875,89.375,89.375,13840
1987-04-23,0.0,89.375,85.0,87.5,87.5,6600
1987-04-24,0.0,87.5,84.375,86.25,86.25,3600
1987-04-27,0.0,83.75,77.5,78.75,78.75,11680
1987-04-28,0.0,81.875,75.0,76.875,76.875,10100
1987-04-29,0.0,81.25,72.5,78.75,78.75,12440
1987-04-30,0.0,78.75,72.5,73.75,73.75,3760
1987-05-01,0.0,75.625,73.75,75.0,75.0,4980
1987-05-04,0.0,75.0,73.75,75.0,75.0,2200
1987-05-05,0.0,74.375,68.125,68.75,68.75,16140
1987-05-06,0.0,72.5,67.5,69.375,69.375,11000
1987-05-07,0.0,70.0,58.75,65.0,65.0,31280
1987-05-08,0.0,67.5,63.75,67.5,67.5,10580
1987-05-11,0.0,70.0,66.25,68.125,68.125,7260
1987-05-12,0.0,68.125,66.25,67.5,67.5,6160
1987-05-13,0.0,67.5,65.0,66.875,66.875,8040
1987-05-14,0.0,68.75,65.625,68.75,68.75,4460
1987-05-15,0.0,68.75,67.5,68.75,68.75,3340
1987-05-18,0.0,72.5,67.5,72.5,72.5,7560
1987-05-19,0.0,82.5,72.5,77.5,77.5,28680
1987-05-20,0.0,80.625,75.625,80.625,80.625,16280
1987-05-21,0.0,82.5,80.0,81.25,81.25,11940
1987-05-22,0.0,82.5,76.875,80.0,80.0,6500
1987-05-26,0.0,81.875,79.375,80.625,80.625,5760
1987-05-27,0.0,80.625,70.625,71.25,71.25,13540
1987-05-28,0.0,81.875,71.25,78.125,78.125,12360
1987-05-29,0.0,78.125,75.0,75.0,75.0,5040
1987-06-01,0.0,75.0,70.0,71.875,71.875,5180
1987-06-02,0.0,71.25,65.0,68.75,68.75,9900
1987-06-03,0.0,73.75,70.625,72.5,72.5,6640
1987-06-04,0.0,72.5,67.5,68.75,68.75,7060
1987-06-05,0.0,70.625,70.0,70.0,70.0,2540
1987-06-08,0.0,71.25,70.0,70.625,70.625,2800
1987-06-09,0.0,75.0,70.0,75.0,75.0,8180
1987-06-10,0.0,76.875,73.75,75.625,75.625,5280
1987-06-11,0.0,76.25,74.375,75.0,75.0,1700
1987-06-12,0.0,75.0,73.125,75.0,75.0,6640
1987-06-15,0.0,75.0,71.25,73.75,73.75,1500
1987-06-16,0.0,73.75,71.25,71.25,71.25,3000
1987-06-17,0.0,73.75,70.625,71.875,71.875,2720
1987-06-18,0.0,71.25,68.75,70.0,70.0,4300
1987-06-19,0.0,71.25,68.75,69.375,69.375,4140
1987-06-22,0.0,70.0,66.25,68.125,68.125,9980
1987-06-23,0.0,68.125,65.625,66.875,66.875,4560
1987-06-24,0.0,71.25,65.0,70.625,70.625,8040
1987-06-25,0.0,75.0,68.75,75.0,75.0,8220
1987-06-26,0.0,77.5,71.875,75.0,75.0,5780
1987-06-29,0.0,75.625,73.125,75.0,75.0,5700
1987-06-30,0.0,76.25,73.75,73.75,73.75,3200
1987-07-01,0.0,73.75,70.0,72.5,72.5,1240
1987-07-02,0.0,71.25,70.0,71.25,71.25,1200
1987-07-06,0.0,71.25,67.5,67.5,67.5,4700
1987-07-07,0.0,69.375,67.5,67.5,67.5,2020
1987-07-08,0.0,68.125,65.0,67.5,67.5,4920
1987-07-09,0.0,67.5,65.0,65.625,65.625,2000
1987-07-10,0.0,67.5,65.0,65.625,65.625,4320
1987-07-13,0.0,66.875,65.625,66.25,66.25,3200
1987-07-14,0.0,66.25,65.625,66.25,66.25,3120
1987-07-15,0.0,67.5,65.625,67.5,67.5,2560
1987-07-16,0.0,67.5,65.625,66.875,66.875,2760
1987-07-17,0.0,66.875,63.75,65.625,65.625,4100
1987-07-20,0.0,65.625,63.75,65.0,65.0,7920
1987-07-21,0.0,63.75,58.75,62.5,62.5,8900
1987-07-22,0.0,60.0,52.5,59.375,59.375,20220
1987-07-23,0.0,63.75,58.75,63.75,63.75,12780
1987-07-24,0.0,63.75,62.5,62.5,62.5,2680
1987-07-27,0.0,62.5,54.375,57.5,57.5,14240
1987-07-28,0.0,57.5,55.0,57.5,57.5,7980
1987-07-29,0.0,60.0,53.75,59.375,59.375,13120
1987-07-30,0.0,60.625,58.125,58.75,58.75,6500
1987-07-31,0.0,61.25,57.5,60.625,60.625,12880
1987-08-03,0.0,63.125,58.75,61.875,61.875,10160
1987-08-04,0.0,63.125,61.25,63.125,63.125,6060
1987-08-05,0.0,63.75,61.875,61.875,61.875,3080
1987-08-06,0.0,65.0,61.25,65.0,65.0,12540
1987-08-07,0.0,65.0,63.125,65.0,65.0,2520
1987-08-10,0.0,65.625,64.375,65.625,65.625,7460
1987-08-11,0.0,66.25,64.375,66.25,66.25,6920
1987-08-12,0.0,66.25,65.0,66.25,66.25,4540
1987-08-13,0.0,73.75,64.375,71.25,71.25,14080
1987-08-14,0.0,78.75,71.25,76.875,76.875,20600
1987-08-17,0.0,79.375,76.25,78.125,78.125,25800
1987-08-18,0.0,78.125,70.0,71.875,71.875,11180
1987-08-19,0.0,72.5,69.375,71.875,71.875,4600
1987-08-20,0.0,71.875,68.75,69.375,69.375,4620
1987-08-21,0.0,71.875,69.375,71.875,71.875,3560
1987-08-24,0.0,71.25,68.125,70.0,70.0,3080
1987-08-25,0.0,70.0,62.5,65.0,65.0,4340
1987-08-26,0.0,65.0,61.25,63.75,63.75,4160
1987-08-27,0.0,66.25,60.0,65.0,65.0,8160
1987-08-28,0.0,67.5,65.0,66.25,66.25,1440
1987-08-31,0.0,66.25,64.375,65.625,65.625,1680
1987-09-01,0.0,65.0,60.0,61.25,61.25,5860
1987-09-02,0.0,61.25,58.75,60.625,60.625,3360
1987-09-03,0.0,62.5,60.0,62.5,62.5,4120
1987-09-04,0.0,65.0,63.125,65.0,65.0,2940
1987-09-08,0.0,65.0,60.0,61.875,61.875,9840
1987-09-09,0.0,61.875,60.625,60.625,60.625,1840
1987-09-10,0.0,61.875,60.625,61.25,61.25,3880
1987-09-11,0.0,63.125,60.625,63.125,63.125,6760
1987-09-14,0.0,63.125,60.625,61.875,61.875,2700
1987-09-15,0.0,66.25,61.25,66.25,66.25,4720
1987-09-16,0.0,70.3125,65.625,67.1875,67.1875,7424
1987-09-17,0.0,68.75,65.625,68.75,68.75,13088
1987-09-18,0.0,73.4375,68.75,71.875,71.875,5360
1987-09-21,0.0,71.875,69.53125,70.3125,70.3125,4368
1987-09-22,0.0,71.875,67.96875,69.53125,69.53125,3776
1987-09-23,0.0,71.875,68.75,71.09375,71.09375,10576
1987-09-24,0.0,71.09375,68.75,71.09375,71.09375,3040
1987-09-25,0.0,71.875,68.75,71.875,71.875,5024
1987-09-28,0.0,75.78125,70.3125,73.4375,73.4375,8112
1987-09-29,0.0,73.4375,71.875,73.4375,73.4375,4512
1987-09-30,0.0,85.9375,72.65625,85.9375,85.9375,25088
1987-10-01,0.0,84.375,79.6875,82.03125,82.03125,7152
1987-10-02,0.0,87.5,80.46875,84.375,84.375,25584
1987-10-05,0.0,87.5,82.03125,83.59375,83.59375,5824
1987-10-06,0.0,83.59375,75.0,75.78125,75.78125,8320
1987-10-07,0.0,75.0,70.3125,73.4375,73.4375,9712
1987-10-08,0.0,73.4375,72.65625,73.4375,73.4375,1648
1987-10-09,0.0,78.125,73.4375,77.34375,77.34375,8368
1987-10-12,0.0,81.25,78.125,81.25,81.25,3216
1987-10-13,0.0,81.25,76.5625,78.125,78.125,18320
1987-10-14,0.0,78.125,75.78125,77.34375,77.34375,1536
1987-10-15,0.0,77.34375,75.78125,75.78125,75.78125,1920
1987-10-16,0.0,77.34375,68.75,71.09375,71.09375,4640
1987-10-19,0.0,68.75,58.59375,59.375,59.375,12288
1987-10-20,0.0,62.5,43.75,48.4375,48.4375,28384
1987-10-21,0.0,60.15625,48.4375,57.03125,57.03125,16128
1987-10-22,0.0,57.03125,40.625,54.6875,54.6875,15616
1987-10-23,0.0,56.25,48.4375,55.46875,55.46875,15040
1987-10-26,0.0,55.46875,43.75,44.53125,44.53125,14144
1987-10-27,0.0,47.65625,38.28125,40.625,40.625,27920
1987-10-28,0.0,39.84375,21.875,23.4375,23.4375,69328
1987-10-29,0.0,34.375,21.09375,34.375,34.375,51712
1987-10-30,0.0,40.625,33.59375,37.5,37.5,42544
1987-11-02,0.0,39.0625,33.59375,36.71875,36.71875,9664
1987-11-03,0.0,36.71875,32.03125,35.15625,35.15625,11376
1987-11-04,0.0,35.15625,28.90625,28.90625,28.90625,14432
1987-11-05,0.0,31.25,25.78125,28.125,28.125,34656
1987-11-06,0.0,33.59375,28.125,30.46875,30.46875,24160
1987-11-09,0.0,33.59375,29.6875,32.03125,32.03125,16784
1987-11-10,0.0,36.71875,31.25,36.71875,36.71875,10240
1987-11-11,0.0,36.71875,34.375,34.375,34.375,11392
1987-11-12,0.0,39.0625,35.15625,38.28125,38.28125,5984
1987-11-13,0.0,39.0625,36.71875,39.0625,39.0625,5920
1987-11-16,0.0,36.71875,33.59375,35.9375,35.9375,3856
1987-11-17,0.0,35.9375,32.8125,34.375,34.375,4192
1987-11-18,0.0,35.15625,32.03125,35.15625,35.15625,2656
1987-11-19,0.0,35.15625,34.375,34.375,34.375,720
1987-11-20,0.0,35.15625,32.03125,32.8125,32.8125,14016
1987-11-23,0.0,34.375,32.8125,34.375,34.375,4032
1987-11-24,0.0,35.15625,32.8125,35.15625,35.15625,1760
1987-11-25,0.0,45.3125,35.15625,44.53125,44.53125,21488
1987-11-27,0.0,46.09375,42.1875,46.09375,46.09375,6368
1987-11-30,0.0,45.3125,41.40625,42.1875,42.1875,27904
1987-12-01,0.0,42.96875,40.625,42.1875,42.1875,5216
1987-12-02,0.0,42.96875,41.40625,42.96875,42.96875,3472
1987-12-03,0.0,42.96875,39.0625,39.0625,39.0625,2768
1987-12-04,0.0,40.625,39.0625,39.0625,39.0625,10064
1987-12-07,0.0,41.40625,37.5,41.40625,41.40625,7728
1987-12-08,0.0,43.75,40.625,41.40625,41.40625,5424
1987-12-09,0.0,41.40625,39.0625,39.84375,39.84375,7376
1987-12-10,0.0,40.625,37.5,37.5,37.5,7888
1987-12-11,0.0,42.1875,37.5,42.1875,42.1875,8400
1987-12-14,0.0,46.09375,41.40625,43.75,43.75,21824
1987-12-15,0.0,45.3125,40.625,40.625,40.625,7184
1987-12-16,0.0,43.75,40.625,42.1875,42.1875,4704
1987-12-17,0.0,47.65625,41.40625,46.09375,46.09375,9456
1987-12-18,0.0,50.0,46.875,47.65625,47.65625,8112
1987-12-21,0.0,50.78125,47.65625,50.0,50.0,13168
1987-12-22,0.0,50.78125,48.4375,50.78125,50.78125,10112
1987-12-23,0.0,51.5625,50.0,50.0,50.0,15120
1987-12-24,0.0,50.78125,50.0,50.0,50.0,3904
1987-12-28,0.0,50.78125,48.4375,49.21875,49.21875,3568
1987-12-29,0.0,50.0,47.65625,47.65625,47.65625,9888
1987-12-30,0.0,52.34375,46.875,51.5625,51.5625,24640
1987-12-31,0.0,51.5625,49.21875,50.0,50.0,12880
1988-01-04,0.0,50.78125,49.21875,50.0,50.0,7040
1988-01-05,0.0,50.0,44.53125,46.09375,46.09375,18112
1988-01-06,0.0,49.21875,46.09375,47.65625,47.65625,4720
1988-01-07,0.0,50.0,47.65625,47.65625,47.65625,14272
1988-01-08,0.0,49.21875,46.09375,46.09375,46.09375,8160
1988-01-11,0.0,46.09375,43.75,45.3125,45.3125,2736
1988-01-12,0.0,45.3125,42.1875,42.1875,42.1875,7472
1988-01-13,0.0,45.3125,41.40625,45.3125,45.3125,3984
1988-01-14,0.0,50.78125,45.3125,48.4375,48.4375,16160
1988-01-15,0.0,50.78125,48.4375,48.4375,48.4375,6928
1988-01-18,0.0,49.21875,47.65625,48.4375,48.4375,3808
1988-01-19,0.0,50.0,48.4375,49.21875,49.21875,6576
1988-01-20,0.0,49.21875,46.875,49.21875,49.21875,7968
1988-01-21,0.0,49.21875,46.875,48.4375,48.4375,26080
1988-01-22,0.0,48.4375,44.53125,44.53125,44.53125,6784
1988-01-25,0.0,46.09375,43.75,43.75,43.75,10224
1988-01-26,0.0,44.53125,42.96875,43.75,43.75,6176
1988-01-27,0.0,48.4375,43.75,47.65625,47.65625,11680
1988-01-28,0.0,50.0,47.65625,49.21875,49.21875,8320
1988-01-29,0.0,49.21875,46.875,47.65625,47.65625,2624
1988-02-01,0.0,48.4375,46.875,46.875,46.875,7616
1988-02-02,0.0,46.875,44.53125,46.875,46.875,13520
1988-02-03,0.0,46.875,42.96875,44.53125,44.53125,5328
1988-02-04,0.0,44.53125,40.625,42.1875,42.1875,13008
1988-02-05,0.0,43.75,41.40625,42.1875,42.1875,5776
1988-02-08,0.0,42.1875,39.0625,42.1875,42.1875,7856
1988-02-09,0.0,43.75,40.625,42.96875,42.96875,5680
1988-02-10,0.0,45.3125,42.96875,43.75,43.75,7888
1988-02-11,0.0,45.3125,42.96875,42.96875,42.96875,5840
1988-02-12,0.0,43.75,42.96875,43.75,43.75,7152
1988-02-16,0.0,43.75,41.40625,42.1875,42.1875,6160
1988-02-17,0.0,42.96875,41.40625,42.1875,42.1875,3312
1988-02-18,0.0,42.96875,41.40625,42.1875,42.1875,4544
1988-02-19,0.0,43.75,42.1875,43.75,43.75,6688
1988-02-22,0.0,50.0,45.3125,50.0,50.0,12576
1988-02-23,0.0,50.0,46.875,49.21875,49.21875,8016
1988-02-24,0.0,50.0,47.65625,50.0,50.0,10880
1988-02-25,0.0,50.78125,47.65625,49.21875,49.21875,22864
1988-02-26,0.0,49.21875,46.875,48.4375,48.4375,2880
1988-02-29,0.0,48.4375,47.65625,48.4375,48.4375,7232
1988-03-01,0.0,48.4375,47.65625,48.4375,48.4375,2928
1988-03-02,0.0,53.125,47.65625,53.125,53.125,12576
1988-03-03,0.0,53.125,50.0,52.34375,52.34375,13504
1988-03-04,0.0,53.125,51.5625,53.125,53.125,5568
1988-03-07,0.0,53.90625,53.125,53.90625,53.90625,8048
1988-03-08,0.0,55.46875,53.125,53.90625,53.90625,8224
1988-03-09,0.0,68.75,53.90625,66.40625,66.40625,38064
1988-03-10,0.0,66.40625,59.375,60.15625,60.15625,21088
1988-03-11,0.0,66.40625,58.59375,65.625,65.625,32224
1988-03-14,0.0,66.40625,61.71875,61.71875,61.71875,12592
1988-03-15,0.0,63.28125,60.9375,60.9375,60.9375,11280
1988-03-16,0.0,61.71875,60.15625,61.71875,61.71875,3872
1988-03-17,0.0,64.84375,60.15625,64.0625,64.0625,9952
1988-03-18,0.0,66.40625,63.28125,64.84375,64.84375,12944
1988-03-21,0.0,66.40625,64.0625,64.84375,64.84375,5248
1988-03-22,0.0,68.75,64.84375,67.96875,67.96875,26240
1988-03-23,0.0,67.96875,64.0625,64.0625,64.0625,5680
1988-03-24,0.0,65.625,59.375,60.9375,60.9375,17120
1988-03-25,0.0,66.40625,60.9375,62.5,62.5,12656
1988-03-28,0.0,63.28125,57.8125,58.59375,58.59375,10880
1988-03-29,0.0,59.375,54.6875,55.46875,55.46875,12336
1988-03-30,0.0,57.03125,54.6875,56.25,56.25,6032
1988-03-31,0.0,57.8125,54.6875,57.8125,57.8125,6384
1988-04-04,0.0,57.03125,55.46875,55.46875,55.46875,2544
1988-04-05,0.0,56.25,53.125,53.90625,53.90625,8880
1988-04-06,0.0,56.25,53.90625,54.6875,54.6875,2800
1988-04-07,0.0,57.03125,55.46875,55.46875,55.46875,8208
1988-04-08,0.0,57.8125,56.25,57.8125,57.8125,4208
1988-04-11,0.0,57.8125,55.46875,56.25,56.25,3904
1988-04-12,0.0,56.25,54.6875,56.25,56.25,4016
1988-04-13,0.0,59.375,56.25,59.375,59.375,8400
1988-04-14,0.0,57.8125,53.90625,54.6875,54.6875,5328
1988-04-15,0.0,54.6875,51.5625,53.90625,53.90625,9712
1988-04-18,0.0,58.59375,52.34375,57.8125,57.8125,6320
1988-04-19,0.0,58.59375,55.46875,56.25,56.25,2576
1988-04-20,0.0,56.25,55.46875,56.25,56.25,36448
1988-04-21,0.0,55.46875,52.34375,52.34375,52.34375,4480
1988-04-22,0.0,56.25,53.125,55.46875,55.46875,4960
1988-04-25,0.0,56.25,54.6875,54.6875,54.6875,10272
1988-04-26,0.0,56.25,53.90625,53.90625,53.90625,6592
1988-04-27,0.0,53.90625,50.0,51.5625,51.5625,11584
1988-04-28,0.0,53.125,50.78125,50.78125,50.78125,2496
1988-04-29,0.0,53.90625,50.0,53.90625,53.90625,7280
1988-05-02,0.0,55.46875,53.125,53.90625,53.90625,17024
1988-05-03,0.0,54.6875,53.125,54.6875,54.6875,3936
1988-05-04,0.0,54.6875,51.5625,53.125,53.125,9312
1988-05-05,0.0,53.125,50.78125,53.125,53.125,1952
1988-05-06,0.0,54.6875,51.5625,53.125,53.125,6128
1988-05-09,0.0,57.8125,53.90625,57.8125,57.8125,11408
1988-05-10,0.0,58.59375,56.25,56.25,56.25,4560
1988-05-11,0.0,56.25,53.90625,53.90625,53.90625,3296
1988-05-12,0.0,56.25,54.6875,55.46875,55.46875,13280
1988-05-13,0.0,56.25,54.6875,55.46875,55.46875,3760
1988-05-16,0.0,56.25,54.6875,55.46875,55.46875,3808
1988-05-17,0.0,56.25,54.6875,55.46875,55.46875,2592
1988-05-18,0.0,55.46875,52.34375,53.90625,53.90625,6096
1988-05-19,0.0,53.90625,52.34375,53.125,53.125,4800
1988-05-20,0.0,53.90625,51.5625,51.5625,51.5625,6160
1988-05-23,0.0,51.5625,46.875,48.4375,48.4375,9056
1988-05-24,0.0,49.21875,47.65625,49.21875,49.21875,4608
1988-05-25,0.0,53.125,49.21875,52.34375,52.34375,17184
1988-05-26,0.0,53.125,52.34375,52.34375,52.34375,3584
1988-05-27,0.0,53.125,52.34375,52.34375,52.34375,1776
1988-05-31,0.0,53.125,50.78125,50.78125,50.78125,3552
1988-06-01,0.0,52.34375,50.0,50.0,50.0,6752
1988-06-02,0.0,56.25,50.78125,55.46875,55.46875,9872
1988-06-03,0.0,58.59375,53.125,58.59375,58.59375,11312
1988-06-06,0.0,62.5,57.8125,60.9375,60.9375,16816
1988-06-07,0.0,61.71875,58.59375,58.59375,58.59375,8592
1988-06-08,0.0,59.375,57.8125,59.375,59.375,3360
1988-06-09,0.0,61.71875,58.59375,59.375,59.375,9632
1988-06-10,0.0,60.15625,56.25,56.25,56.25,38688
1988-06-13,0.0,57.03125,54.6875,54.6875,54.6875,5920
1988-06-14,0.0,56.25,53.90625,56.25,56.25,4384
1988-06-15,0.0,56.25,55.46875,55.46875,55.46875,1152
1988-06-16,0.0,56.25,54.6875,54.6875,54.6875,1536
1988-06-17,0.0,55.46875,51.5625,54.6875,54.6875,6880
1988-06-20,0.0,55.46875,53.90625,53.90625,53.90625,1744
1988-06-21,0.0,55.46875,53.125,53.90625,53.90625,11104
1988-06-22,0.0,55.46875,53.125,54.6875,54.6875,4752
1988-06-23,0.0,54.6875,52.34375,52.34375,52.34375,5264
1988-06-24,0.0,53.90625,52.34375,53.90625,53.90625,992
1988-06-27,0.0,53.125,51.5625,51.5625,51.5625,1920
1988-06-28,0.0,52.34375,51.5625,52.34375,52.34375,320
1988-06-29,0.0,53.125,51.5625,52.34375,52.34375,816
1988-06-30,0.0,54.6875,51.5625,54.6875,54.6875,8208
1988-07-01,0.0,57.8125,53.90625,54.6875,54.6875,15056
1988-07-05,0.0,55.46875,53.90625,54.6875,54.6875,3856
1988-07-06,0.0,56.25,53.90625,55.46875,55.46875,4912
1988-07-07,0.0,58.59375,53.90625,57.03125,57.03125,13360
1988-07-08,0.0,58.59375,56.25,57.03125,57.03125,3600
1988-07-11,0.0,60.9375,57.03125,59.375,59.375,7664
1988-07-12,0.0,60.9375,58.59375,60.15625,60.15625,8464
1988-07-13,0.0,67.1875,60.15625,64.0625,64.0625,30704
1988-07-14,0.0,67.1875,64.84375,65.625,65.625,28224
1988-07-15,0.0,66.40625,64.0625,64.84375,64.84375,13040
1988-07-18,0.0,65.625,64.0625,64.84375,64.84375,6752
1988-07-19,0.0,64.84375,61.71875,62.5,62.5,5632
1988-07-20,0.0,63.28125,60.9375,60.9375,60.9375,5824
1988-07-21,0.0,66.40625,60.15625,65.625,65.625,30256
1988-07-22,0.0,66.40625,64.0625,65.625,65.625,6992
1988-07-25,0.0,65.625,61.71875,61.71875,61.71875,4160
1988-07-26,0.0,63.28125,60.15625,62.5,62.5,16144
1988-07-27,0.0,62.5,60.9375,62.5,62.5,6576
1988-07-28,0.0,62.5,60.15625,62.5,62.5,2416
1988-07-29,0.0,62.5,60.9375,61.71875,61.71875,4464
1988-08-01,0.0,62.5,61.71875,62.5,62.5,3904
1988-08-02,0.0,62.5,60.9375,61.71875,61.71875,10000
1988-08-03,0.0,66.40625,61.71875,65.625,65.625,23040
1988-08-04,0.0,68.75,65.625,67.96875,67.96875,20784
1988-08-05,0.0,68.75,66.40625,67.96875,67.96875,8416
1988-08-08,0.0,68.75,67.1875,67.1875,67.1875,7568
1988-08-09,0.0,67.96875,65.625,67.1875,67.1875,12464
1988-08-10,0.0,67.1875,64.0625,64.0625,64.0625,6016
1988-08-11,0.0,64.84375,63.28125,64.0625,64.0625,4400
1988-08-12,0.0,64.84375,63.28125,64.84375,64.84375,784
1988-08-15,0.0,64.84375,60.9375,60.9375,60.9375,7424
1988-08-16,0.0,61.71875,59.375,60.15625,60.15625,3840
1988-08-17,0.0,63.28125,60.15625,63.28125,63.28125,7008
1988-08-18,0.0,63.28125,60.9375,61.71875,61.71875,4096
1988-08-19,0.0,62.5,60.15625,61.71875,61.71875,960
1988-08-22,0.0,61.71875,59.375,60.15625,60.15625,10896
1988-08-23,0.0,60.9375,59.375,60.9375,60.9375,1888
1988-08-24,0.0,60.9375,57.8125,59.375,59.375,1680
1988-08-25,0.0,58.59375,54.6875,55.46875,55.46875,10976
1988-08-26,0.0,58.59375,57.03125,58.59375,58.59375,9136
1988-08-29,0.0,59.375,57.8125,57.8125,57.8125,4928
1988-08-30,0.0,59.375,58.59375,59.375,59.375,8128
1988-08-31,0.0,59.375,58.59375,59.375,59.375,11408
1988-09-01,0.0,62.5,58.59375,61.71875,61.71875,10736
1988-09-02,0.0,64.0625,61.71875,64.0625,64.0625,9984
1988-09-06,0.0,64.84375,62.5,63.28125,63.28125,11248
1988-09-07,0.0,63.28125,61.71875,63.28125,63.28125,6336
1988-09-08,0.0,64.0625,61.71875,62.5,62.5,10064
1988-09-09,0.0,64.0625,61.71875,63.28125,63.28125,12064
1988-09-12,0.0,63.28125,61.71875,62.5,62.5,3840
1988-09-13,0.0,63.28125,61.71875,62.5,62.5,2896
1988-09-14,0.0,63.28125,61.71875,62.5,62.5,4672
1988-09-15,0.0,63.28125,61.71875,63.28125,63.28125,6416
1988-09-16,0.0,63.28125,61.71875,61.71875,61.71875,6320
1988-09-19,0.0,63.28125,61.71875,62.5,62.5,4592
1988-09-20,0.0,62.5,58.59375,59.375,59.375,6064
1988-09-21,0.0,61.71875,59.375,61.71875,61.71875,2768
1988-09-22,0.0,62.5,60.15625,62.5,62.5,9760
1988-09-23,0.0,62.5,57.03125,60.15625,60.15625,14768
1988-09-26,0.0,60.15625,58.59375,58.59375,58.59375,4096
1988-09-27,0.0,60.9375,59.375,60.9375,60.9375,3168
1988-09-28,0.0,60.9375,60.15625,60.15625,60.15625,1248
1988-09-29,0.0,62.5,60.15625,62.5,62.5,6192
1988-09-30,0.0,65.625,61.71875,65.625,65.625,23040
1988-10-03,0.0,67.96875,64.84375,67.1875,67.1875,18832
1988-10-04,0.0,68.75,67.1875,67.1875,67.1875,31008
1988-10-05,0.0,67.1875,64.0625,65.625,65.625,13152
1988-10-06,0.0,67.1875,65.625,66.40625,66.40625,3408
1988-10-07,0.0,67.96875,65.625,65.625,65.625,7712
1988-10-10,0.0,66.40625,64.0625,64.0625,64.0625,4832
1988-10-11,0.0,66.40625,62.5,64.0625,64.0625,3104
1988-10-12,0.0,67.1875,63.28125,67.1875,67.1875,8816
1988-10-13,0.0,67.96875,66.40625,66.40625,66.40625,9216
1988-10-14,0.0,67.96875,66.40625,67.96875,67.96875,10128
1988-10-17,0.0,75.78125,67.1875,75.0,75.0,61968
1988-10-18,0.0,78.125,73.4375,78.125,78.125,53456
1988-10-19,0.0,83.59375,76.5625,76.5625,76.5625,36480
1988-10-20,0.0,77.34375,75.78125,77.34375,77.34375,7680
1988-10-21,0.0,78.125,74.21875,75.78125,75.78125,9472
1988-10-24,0.0,75.78125,73.4375,74.21875,74.21875,9328
1988-10-25,0.0,75.0,71.875,71.875,71.875,9600
1988-10-26,0.0,75.78125,71.09375,74.21875,74.21875,10640
1988-10-27,0.0,75.0,73.4375,74.21875,74.21875,5392
1988-10-28,0.0,77.34375,74.21875,76.5625,76.5625,13840
1988-10-31,0.0,82.03125,75.0,81.25,81.25,21136
1988-11-01,0.0,96.09375,81.25,92.1875,92.1875,56944
1988-11-02,0.0,92.96875,89.0625,91.40625,91.40625,37264
1988-11-03,0.0,93.75,89.84375,92.96875,92.96875,25248
1988-11-04,0.0,92.1875,89.0625,89.0625,89.0625,12064
1988-11-07,0.0,89.0625,85.15625,87.5,87.5,12096
1988-11-08,0.0,89.84375,84.375,85.9375,85.9375,4992
1988-11-09,0.0,89.0625,84.375,87.5,87.5,12416
1988-11-10,0.0,87.5,85.15625,86.71875,86.71875,6752
1988-11-11,0.0,87.5,84.375,84.375,84.375,7024
1988-11-14,0.0,87.5,82.8125,83.59375,83.59375,13696
1988-11-15,0.0,83.59375,79.6875,80.46875,80.46875,15584
1988-11-16,0.0,82.03125,70.3125,70.3125,70.3125,13040
1988-11-17,0.0,78.125,67.96875,78.125,78.125,24208
1988-11-18,0.0,79.6875,78.125,78.125,78.125,5072
1988-11-21,0.0,78.125,74.21875,75.78125,75.78125,8688
1988-11-22,0.0,75.78125,71.09375,75.0,75.0,8544
1988-11-23,0.0,80.46875,74.21875,79.6875,79.6875,9376
1988-11-25,0.0,81.25,77.34375,80.46875,80.46875,7488
1988-11-28,0.0,82.8125,78.90625,82.8125,82.8125,6448
1988-11-29,0.0,82.8125,80.46875,82.03125,82.03125,2640
1988-11-30,0.0,84.375,81.25,83.59375,83.59375,6208
1988-12-01,0.0,89.84375,82.8125,88.28125,88.28125,14896
1988-12-02,0.0,88.28125,84.375,86.71875,86.71875,10800
1988-12-05,0.0,94.53125,86.71875,92.1875,92.1875,23040
1988-12-06,0.0,96.09375,90.625,92.1875,92.1875,20016
1988-12-07,0.0,93.75,91.40625,92.1875,92.1875,11296
1988-12-08,0.0,93.75,90.625,91.40625,91.40625,6624
1988-12-09,0.0,89.84375,85.9375,88.28125,88.28125,14368
1988-12-12,0.0,89.84375,85.15625,86.71875,86.71875,4352
1988-12-13,0.0,86.71875,85.15625,86.71875,86.71875,4896
1988-12-14,0.0,88.28125,85.9375,88.28125,88.28125,6032
1988-12-15,0.0,89.84375,87.5,89.0625,89.0625,5600
1988-12-16,0.0,94.53125,88.28125,93.75,93.75,22848
1988-12-19,0.0,96.09375,92.96875,93.75,93.75,14176
1988-12-20,0.0,94.53125,91.40625,92.96875,92.96875,8096
1988-12-21,0.0,93.75,92.1875,92.96875,92.96875,5088
1988-12-22,0.0,92.96875,89.84375,89.84375,89.84375,8368
1988-12-23,0.0,92.96875,89.0625,92.1875,92.1875,8720
1988-12-27,0.0,93.75,91.40625,92.1875,92.1875,4752
1988-12-28,0.0,92.1875,89.84375,89.84375,89.84375,4944
1988-12-29,0.0,91.40625,89.0625,89.0625,89.0625,7168
1988-12-30,0.0,90.625,88.28125,89.84375,89.84375,2528
1989-01-03,0.0,89.84375,88.28125,89.0625,89.0625,4752
1989-01-04,0.0,89.84375,86.71875,88.28125,88.28125,13312
1989-01-05,0.0,89.84375,87.5,89.84375,89.84375,10848
1989-01-06,0.0,90.625,88.28125,90.625,90.625,12288
1989-01-09,0.0,92.96875,89.84375,92.96875,92.96875,14016
1989-01-10,0.0,94.53125,91.40625,92.96875,92.96875,16416
1989-01-11,0.0,95.3125,92.96875,92.96875,92.96875,10368
1989-01-12,0.0,94.53125,92.96875,93.75,93.75,15664
1989-01-13,0.0,101.5625,93.75,101.5625,101.5625,44112
1989-01-16,0.0,101.5625,98.4375,100.0,100.0,13776
1989-01-17,0.0,110.9375,99.21875,107.03125,107.03125,41536
1989-01-18,0.0,107.8125,105.46875,106.25,106.25,24912
1989-01-19,0.0,107.8125,105.46875,107.8125,107.8125,14224
1989-01-20,0.0,119.53125,107.8125,116.40625,116.40625,49744
1989-01-23,0.0,120.3125,114.84375,116.40625,116.40625,37152
1989-01-24,0.0,121.875,115.625,118.75,118.75,21776
1989-01-25,0.0,119.53125,112.5,115.625,115.625,20064
1989-01-26,0.0,118.75,114.0625,117.1875,117.1875,17216
1989-01-27,0.0,117.96875,106.25,108.59375,108.59375,19824
1989-01-30,0.0,116.40625,107.8125,114.84375,114.84375,22224
1989-01-31,0.0,117.1875,112.5,114.0625,114.0625,25856
1989-02-01,0.0,116.40625,113.28125,114.0625,114.0625,18528
1989-02-02,0.0,114.84375,102.34375,104.6875,104.6875,28160
1989-02-03,0.0,112.5,104.6875,112.5,112.5,13936
1989-02-06,0.0,114.0625,109.375,111.71875,111.71875,7872
1989-02-07,0.0,111.71875,105.46875,107.8125,107.8125,6512
1989-02-08,0.0,108.59375,106.25,107.03125,107.03125,6960
1989-02-09,0.0,107.03125,101.5625,103.125,103.125,17568
1989-02-10,0.0,103.125,96.875,97.65625,97.65625,18624
1989-02-13,0.0,100.0,96.09375,99.21875,99.21875,14096
1989-02-14,0.0,103.90625,100.0,102.34375,102.34375,19264
1989-02-15,0.0,103.90625,100.78125,100.78125,100.78125,3872
1989-02-16,0.0,111.71875,100.78125,110.9375,110.9375,46400
1989-02-17,0.0,117.96875,111.71875,114.0625,114.0625,31856
1989-02-21,0.0,107.8125,103.125,105.46875,105.46875,58736
1989-02-22,0.0,105.46875,97.65625,100.0,100.0,21424
1989-02-23,0.0,105.46875,100.0,105.46875,105.46875,11760
1989-02-24,0.0,105.46875,103.125,104.6875,104.6875,16000
1989-02-27,0.0,103.125,97.65625,100.78125,100.78125,11488
1989-02-28,0.0,101.5625,92.1875,94.53125,94.53125,38080
1989-03-01,0.0,99.21875,94.53125,96.09375,96.09375,19792
1989-03-02,0.0,97.65625,94.53125,95.3125,95.3125,8816
1989-03-03,0.0,95.3125,84.375,84.375,84.375,28560
1989-03-06,0.0,92.96875,81.25,92.1875,92.1875,34720
1989-03-07,0.0,93.75,90.625,90.625,90.625,5264
1989-03-08,0.0,92.96875,86.71875,88.28125,88.28125,11008
1989-03-09,0.0,89.0625,86.71875,87.5,87.5,3616
1989-03-10,0.0,89.0625,86.71875,87.5,87.5,8384
1989-03-13,0.0,90.625,89.0625,90.625,90.625,5840
1989-03-14,0.0,90.625,88.28125,89.0625,89.0625,4976
1989-03-15,0.0,89.0625,82.8125,84.375,84.375,14848
1989-03-16,0.0,85.15625,74.21875,78.125,78.125,41696
1989-03-17,0.0,87.5,75.0,84.375,84.375,29648
1989-03-20,0.0,92.1875,75.78125,76.5625,76.5625,46608
1989-03-21,0.0,87.5,76.5625,83.59375,83.59375,30320
1989-03-22,0.0,88.28125,82.8125,85.15625,85.15625,18080
1989-03-23,0.0,86.71875,82.8125,84.375,84.375,10336
1989-03-27,0.0,88.28125,82.03125,85.9375,85.9375,10128
1989-03-28,0.0,92.96875,85.9375,91.40625,91.40625,20400
1989-03-29,0.0,94.53125,89.84375,91.40625,91.40625,17104
1989-03-30,0.0,92.1875,89.0625,89.84375,89.84375,12752
1989-03-31,0.0,89.84375,79.6875,82.03125,82.03125,18784
1989-04-03,0.0,85.9375,82.8125,85.9375,85.9375,5296
1989-04-04,0.0,85.9375,82.8125,84.375,84.375,6208
1989-04-05,0.0,87.5,83.59375,86.71875,86.71875,12016
1989-04-06,0.0,92.1875,88.28125,88.28125,88.28125,36720
1989-04-07,0.0,89.84375,81.25,82.8125,82.8125,23968
1989-04-10,0.0,83.59375,64.84375,73.4375,73.4375,77264
1989-04-11,0.0,80.46875,72.65625,76.5625,76.5625,35696
1989-04-12,78.125,78.125,67.96875,70.3125,70.3125,38176
1989-04-13,67.96875,70.3125,65.625,70.3125,70.3125,34896
1989-04-14,69.53125,76.5625,69.53125,71.875,71.875,25552
1989-04-17,72.65625,75.0,70.3125,74.21875,74.21875,13712
1989-04-18,75.78125,77.34375,75.0,77.34375,77.34375,11744
1989-04-19,75.78125,76.5625,74.21875,75.78125,75.78125,5456
1989-04-20,75.78125,75.78125,73.4375,75.0,75.0,4112
1989-04-21,73.4375,73.4375,71.09375,72.65625,72.65625,4176
1989-04-24,72.65625,74.21875,71.09375,71.09375,71.09375,3936
1989-04-25,72.65625,72.65625,66.40625,67.1875,67.1875,9360
1989-04-26,68.75,72.65625,67.1875,71.09375,71.09375,4704
1989-04-27,71.875,72.65625,70.3125,71.875,71.875,13312
1989-04-28,71.875,71.875,67.96875,69.53125,69.53125,12576
1989-05-01,68.75,70.3125,67.96875,70.3125,70.3125,2544
1989-05-02,68.75,74.21875,68.75,72.65625,72.65625,9728
1989-05-03,71.09375,72.65625,71.09375,72.65625,72.65625,7136
1989-05-04,71.875,71.875,67.1875,67.1875,67.1875,25824
1989-05-05,67.96875,68.75,66.40625,67.1875,67.1875,4416
1989-05-08,67.1875,69.53125,65.625,67.96875,67.96875,2720
1989-05-09,67.96875,67.96875,66.40625,66.40625,66.40625,3776
1989-05-10,66.40625,67.1875,65.625,67.1875,67.1875,1616
1989-05-11,66.40625,67.1875,65.625,65.625,65.625,8176
1989-05-12,67.1875,67.96875,60.9375,62.5,62.5,15648
1989-05-15,63.28125,63.28125,54.6875,59.375,59.375,36144
1989-05-16,59.375,62.5,59.375,60.15625,60.15625,9776
1989-05-17,60.15625,63.28125,60.15625,62.5,62.5,8592
1989-05-18,63.28125,64.0625,60.9375,64.0625,64.0625,5104
1989-05-19,64.0625,66.40625,63.28125,64.0625,64.0625,3264
1989-05-22,65.625,66.40625,64.0625,64.0625,64.0625,2880
1989-05-23,64.0625,65.625,61.71875,64.0625,64.0625,6272
1989-05-24,62.5,64.84375,60.15625,60.9375,60.9375,7456
1989-05-25,60.15625,61.71875,60.15625,61.71875,61.71875,2304
1989-05-26,61.71875,64.84375,61.71875,64.0625,64.0625,5184
1989-05-30,64.0625,64.84375,61.71875,64.0625,64.0625,4016
1989-05-31,61.71875,68.75,61.71875,68.75,68.75,5216
1989-06-01,69.53125,73.4375,67.96875,71.875,71.875,10960
1989-06-02,73.4375,82.03125,71.875,82.03125,82.03125,33376
1989-06-05,81.25,82.8125,75.0,76.5625,76.5625,14944
1989-06-06,75.0,79.6875,75.0,78.90625,78.90625,7056
1989-06-07,79.6875,82.03125,79.6875,82.03125,82.03125,10032
1989-06-08,82.03125,84.375,78.90625,79.6875,79.6875,13808
1989-06-09,79.6875,81.25,78.125,81.25,81.25,6064
1989-06-12,81.25,82.8125,79.6875,82.8125,82.8125,5776
1989-06-13,81.25,87.5,81.25,83.59375,83.59375,15856
1989-06-14,84.375,88.28125,83.59375,87.5,87.5,10064
1989-06-15,87.5,88.28125,84.375,86.71875,86.71875,7040
1989-06-16,85.9375,89.0625,84.375,86.71875,86.71875,10544
1989-06-19,87.5,87.5,85.15625,86.71875,86.71875,3664
1989-06-20,86.71875,86.71875,83.59375,86.71875,86.71875,8256
1989-06-21,85.15625,88.28125,84.375,84.375,84.375,11280
1989-06-22,82.8125,84.375,80.46875,81.25,81.25,7968
1989-06-23,82.8125,82.8125,78.125,79.6875,79.6875,2832
1989-06-26,78.125,79.6875,75.78125,77.34375,77.34375,7680
1989-06-27,77.34375,82.03125,77.34375,80.46875,80.46875,6848
1989-06-28,81.25,85.15625,81.25,84.375,84.375,9104
1989-06-29,83.59375,83.59375,80.46875,80.46875,80.46875,3328
1989-06-30,80.46875,80.46875,76.5625,78.125,78.125,13296
1989-07-03,77.34375,78.90625,77.34375,78.90625,78.90625,1312
1989-07-05,78.90625,85.15625,77.34375,83.59375,83.59375,12672
1989-07-06,84.375,85.9375,82.03125,82.8125,82.8125,7760
1989-07-07,84.375,84.375,80.46875,80.46875,80.46875,7072
1989-07-10,82.03125,87.5,81.25,87.5,87.5,13568
1989-07-11,87.5,92.96875,86.71875,90.625,90.625,26688
1989-07-12,90.625,95.3125,90.625,92.1875,92.1875,21904
1989-07-13,92.1875,96.875,90.625,96.875,96.875,23584
1989-07-14,96.875,106.25,96.875,105.46875,105.46875,61920
1989-07-17,107.03125,110.15625,105.46875,108.59375,108.59375,27488
1989-07-18,107.03125,108.59375,101.5625,105.46875,105.46875,17392
1989-07-19,106.25,106.25,103.125,103.125,103.125,8784
1989-07-20,103.125,106.25,89.84375,90.625,90.625,36320
1989-07-21,92.1875,100.0,90.625,99.21875,99.21875,14624
1989-07-24,99.21875,104.6875,98.4375,102.34375,102.34375,13456
1989-07-25,103.125,104.6875,95.3125,96.09375,96.09375,18816
1989-07-26,94.53125,99.21875,92.96875,99.21875,99.21875,18000
1989-07-27,98.4375,99.21875,68.75,78.125,78.125,114864
1989-07-28,80.46875,82.8125,63.28125,73.4375,73.4375,56096
1989-07-31,74.21875,74.21875,67.1875,70.3125,70.3125,21552
1989-08-01,70.3125,75.0,65.625,73.4375,73.4375,22896
1989-08-02,75.78125,78.125,73.4375,76.5625,76.5625,20560
1989-08-03,76.5625,76.5625,73.4375,75.78125,75.78125,3952
1989-08-04,73.4375,75.0,71.09375,72.65625,72.65625,4624
1989-08-07,73.4375,75.0,72.65625,72.65625,72.65625,3200
1989-08-08,72.65625,75.0,71.875,71.875,71.875,4288
1989-08-09,74.21875,74.21875,71.09375,71.09375,71.09375,2400
1989-08-10,71.09375,71.875,68.75,70.3125,70.3125,3264
1989-08-11,71.875,71.875,69.53125,69.53125,69.53125,3008
1989-08-14,71.875,73.4375,69.53125,71.09375,71.09375,5792
1989-08-15,72.65625,73.4375,71.09375,71.875,71.875,11328
1989-08-16,73.4375,77.34375,72.65625,77.34375,77.34375,12624
1989-08-17,78.90625,81.25,77.34375,78.90625,78.90625,17168
1989-08-18,78.90625,83.59375,78.90625,81.25,81.25,16192
1989-08-21,82.03125,82.03125,79.6875,81.25,81.25,1968
1989-08-22,81.25,86.71875,81.25,82.8125,82.8125,15312
1989-08-23,82.8125,84.375,76.5625,78.90625,78.90625,14992
1989-08-24,78.90625,78.90625,77.34375,77.34375,77.34375,1056
1989-08-25,77.34375,78.90625,77.34375,78.90625,78.90625,2720
1989-08-28,77.34375,79.6875,77.34375,79.6875,79.6875,3216
1989-08-29,79.6875,83.59375,78.125,82.03125,82.03125,10592
1989-08-30,81.25,86.71875,81.25,85.9375,85.9375,9760
1989-08-31,85.9375,86.71875,80.46875,82.03125,82.03125,15200
1989-09-01,82.03125,82.03125,75.0,78.90625,78.90625,12880
1989-09-05,77.34375,78.125,73.4375,76.5625,76.5625,16608
1989-09-06,76.5625,77.34375,75.0,75.78125,75.78125,5456
1989-09-07,75.0,80.46875,75.0,78.90625,78.90625,6416
1989-09-08,79.6875,79.6875,76.5625,78.90625,78.90625,5520
1989-09-11,78.90625,78.90625,76.5625,78.125,78.125,4944
1989-09-12,78.90625,78.90625,77.34375,77.34375,77.34375,1136
1989-09-13,78.125,78.125,75.78125,76.5625,76.5625,10464
1989-09-14,78.125,78.125,74.21875,75.78125,75.78125,10848
1989-09-15,75.0,76.5625,75.0,75.78125,75.78125,1024
1989-09-18,75.78125,77.34375,75.0,77.34375,77.34375,3520
1989-09-19,75.78125,76.5625,75.0,75.78125,75.78125,4592
1989-09-20,75.78125,75.78125,71.875,71.875,71.875,13120
1989-09-21,71.09375,77.34375,71.09375,75.0,75.0,11456
1989-09-22,75.0,76.5625,74.21875,76.5625,76.5625,5600
1989-09-25,75.0,76.5625,75.0,75.78125,75.78125,976
1989-09-26,75.78125,80.46875,75.0,78.125,78.125,6832
1989-09-27,78.90625,79.6875,77.34375,79.6875,79.6875,8176
1989-09-28,80.46875,86.71875,78.90625,84.375,84.375,17488
1989-09-29,85.15625,89.84375,85.15625,87.5,87.5,17488
1989-10-02,87.5,91.40625,86.71875,90.625,90.625,19712
1989-10-03,92.96875,94.53125,89.0625,91.40625,91.40625,19216
1989-10-04,92.96875,92.96875,85.9375,90.625,90.625,13696
1989-10-05,91.40625,95.3125,89.84375,92.96875,92.96875,10528
1989-10-06,93.75,94.53125,91.40625,91.40625,91.40625,7616
1989-10-09,92.96875,92.96875,90.625,92.1875,92.1875,3392
1989-10-10,91.40625,92.96875,85.15625,88.28125,88.28125,9024
1989-10-11,87.5,88.28125,84.375,85.9375,85.9375,4864
1989-10-12,85.9375,87.5,81.25,82.03125,82.03125,6880
1989-10-13,82.8125,86.71875,75.0,75.0,75.0,15728
1989-10-16,65.625,73.4375,58.59375,72.65625,72.65625,44384
1989-10-17,72.65625,78.90625,70.3125,78.90625,78.90625,25216
1989-10-18,78.125,78.90625,72.65625,76.5625,76.5625,13360
1989-10-19,78.90625,83.59375,78.90625,80.46875,80.46875,10400
1989-10-20,79.6875,80.46875,77.34375,79.6875,79.6875,6560
1989-10-23,79.6875,82.8125,78.125,78.125,78.125,6000
1989-10-24,78.125,78.125,73.4375,77.34375,77.34375,9680
1989-10-25,78.90625,81.25,78.90625,79.6875,79.6875,5712
1989-10-26,78.90625,79.6875,76.5625,78.125,78.125,2672
1989-10-27,78.125,79.6875,75.0,76.5625,76.5625,5456
1989-10-30,77.34375,78.125,76.5625,76.5625,76.5625,2368
1989-10-31,76.5625,79.6875,76.5625,78.125,78.125,5936
1989-11-01,79.6875,79.6875,77.34375,77.34375,77.34375,1248
1989-11-02,79.6875,79.6875,76.5625,76.5625,76.5625,3680
1989-11-03,76.5625,77.34375,75.0,76.5625,76.5625,3232
1989-11-06,75.0,76.5625,73.4375,75.78125,75.78125,2400
1989-11-07,75.0,77.34375,73.4375,75.78125,75.78125,4112
1989-11-08,76.5625,78.125,75.0,75.78125,75.78125,2928
1989-11-09,77.34375,77.34375,74.21875,74.21875,74.21875,3152
1989-11-10,76.5625,76.5625,74.21875,75.0,75.0,592
1989-11-13,76.5625,77.34375,74.21875,77.34375,77.34375,4768
1989-11-14,77.34375,81.25,76.5625,78.125,78.125,8512
1989-11-15,78.125,82.03125,77.34375,78.90625,78.90625,5424
1989-11-16,82.8125,83.59375,81.25,82.03125,82.03125,8176
1989-11-17,82.03125,83.59375,80.46875,82.03125,82.03125,6032
1989-11-20,83.59375,85.15625,82.03125,84.375,84.375,9936
1989-11-21,85.15625,89.0625,84.375,89.0625,89.0625,16720
1989-11-22,89.0625,89.84375,87.5,87.5,87.5,19584
1989-11-24,86.71875,87.5,82.03125,84.375,84.375,16592
1989-11-27,83.59375,84.375,81.25,81.25,81.25,5792
1989-11-28,82.03125,84.375,81.25,83.59375,83.59375,4224
1989-11-29,85.15625,87.5,82.8125,85.15625,85.15625,9760
1989-11-30,85.9375,87.5,82.8125,82.8125,82.8125,6624
1989-12-01,84.375,84.375,75.0,81.25,81.25,19296
1989-12-04,79.6875,82.03125,78.125,78.125,78.125,8576
1989-12-05,79.6875,79.6875,74.21875,75.0,75.0,8640
1989-12-06,75.78125,76.5625,72.65625,72.65625,72.65625,14880
1989-12-07,73.4375,76.5625,71.875,72.65625,72.65625,16208
1989-12-08,72.65625,75.0,72.65625,75.0,75.0,10144
1989-12-11,75.78125,77.34375,74.21875,77.34375,77.34375,3568
1989-12-12,77.34375,79.6875,77.34375,79.6875,79.6875,9280
1989-12-13,79.6875,80.46875,78.90625,79.6875,79.6875,3024
1989-12-14,78.90625,78.90625,78.125,78.125,78.125,3392
1989-12-15,77.34375,77.34375,73.4375,75.0,75.0,6080
1989-12-18,75.0,75.78125,73.4375,73.4375,73.4375,2912
1989-12-19,75.78125,75.78125,73.4375,73.4375,73.4375,2416
1989-12-20,75.0,75.0,72.65625,75.0,75.0,3392
1989-12-21,74.21875,82.8125,74.21875,82.8125,82.8125,8496
1989-12-22,83.59375,88.28125,83.59375,86.71875,86.71875,17792
1989-12-26,87.5,87.5,81.25,84.375,84.375,10656
1989-12-27,83.59375,85.15625,82.8125,83.59375,83.59375,4528
1989-12-28,82.03125,83.59375,80.46875,82.8125,82.8125,11408
1989-12-29,81.25,85.9375,81.25,85.9375,85.9375,20848
1990-01-02,85.15625,88.28125,85.15625,85.15625,85.15625,13504
1990-01-03,85.15625,86.71875,82.03125,86.71875,86.71875,15200
1990-01-04,87.5,89.0625,85.9375,86.71875,86.71875,10816
1990-01-05,87.5,88.28125,84.375,85.15625,85.15625,16736
1990-01-08,85.15625,85.15625,83.59375,84.375,84.375,1632
1990-01-09,83.59375,85.9375,83.59375,84.375,84.375,4384
1990-01-10,84.375,84.375,82.03125,83.59375,83.59375,4272
1990-01-11,82.03125,84.375,78.90625,79.6875,79.6875,8064
1990-01-12,76.5625,79.6875,76.5625,78.125,78.125,7440
1990-01-15,76.5625,78.125,75.78125,76.5625,76.5625,3168
1990-01-16,75.0,77.34375,75.0,77.34375,77.34375,3760
1990-01-17,76.5625,78.125,75.0,76.5625,76.5625,5520
1990-01-18,75.0,75.78125,73.4375,74.21875,74.21875,5888
1990-01-19,74.21875,76.5625,74.21875,76.5625,76.5625,3408
1990-01-22,76.5625,77.34375,75.0,75.0,75.0,2448
1990-01-23,75.0,77.34375,75.0,76.5625,76.5625,2688
1990-01-24,73.4375,75.0,72.65625,75.0,75.0,6144
1990-01-25,75.0,75.78125,72.65625,72.65625,72.65625,5840
1990-01-26,73.4375,74.21875,70.3125,72.65625,72.65625,9840
1990-01-29,72.65625,75.78125,71.875,75.0,75.0,7552
1990-01-30,75.0,75.78125,71.875,72.65625,72.65625,8416
1990-01-31,72.65625,74.21875,71.09375,73.4375,73.4375,4656
1990-02-01,71.09375,73.4375,71.09375,71.875,71.875,2816
1990-02-02,73.4375,75.78125,72.65625,75.0,75.0,4512
1990-02-05,73.4375,75.0,72.65625,73.4375,73.4375,1584
1990-02-06,73.4375,75.0,72.65625,72.65625,72.65625,1968
1990-02-07,74.21875,78.90625,72.65625,78.90625,78.90625,11760
1990-02-08,78.90625,82.03125,78.90625,80.46875,80.46875,8704
1990-02-09,81.25,85.9375,80.46875,85.9375,85.9375,14864
1990-02-12,85.9375,87.5,84.375,84.375,84.375,5968
1990-02-13,85.9375,85.9375,82.8125,85.15625,85.15625,7648
1990-02-14,84.375,85.15625,81.25,82.03125,82.03125,6448
1990-02-15,82.8125,83.59375,81.25,82.8125,82.8125,8816
1990-02-16,83.59375,83.59375,76.5625,78.125,78.125,7056
1990-02-20,76.5625,79.6875,76.5625,79.6875,79.6875,4704
1990-02-21,77.34375,77.34375,75.78125,76.5625,76.5625,2208
1990-02-22,78.125,78.125,75.0,76.5625,76.5625,3600
1990-02-23,75.0,76.5625,75.0,75.78125,75.78125,2880
1990-02-26,76.5625,77.34375,75.0,75.0,75.0,1792
1990-02-27,75.0,78.125,75.0,78.125,78.125,4000
1990-02-28,78.125,79.6875,77.34375,78.90625,78.90625,2048
1990-03-01,78.125,78.90625,76.5625,76.5625,76.5625,1696
1990-03-02,77.34375,77.34375,73.4375,74.21875,74.21875,6544
1990-03-05,74.21875,75.78125,74.21875,74.21875,74.21875,1072
1990-03-06,75.78125,77.34375,75.0,77.34375,77.34375,1136
1990-03-07,75.78125,79.6875,75.78125,77.34375,77.34375,4944
1990-03-08,78.90625,81.25,78.90625,78.90625,78.90625,9168
1990-03-09,80.46875,80.46875,75.78125,76.5625,76.5625,5488
1990-03-12,75.78125,75.78125,72.65625,74.21875,74.21875,8112
1990-03-13,73.4375,75.0,73.4375,75.0,75.0,688
1990-03-14,73.4375,75.78125,73.4375,75.78125,75.78125,2736
1990-03-15,75.78125,82.8125,74.21875,82.8125,82.8125,15648
1990-03-16,82.03125,86.71875,82.03125,84.375,84.375,16816
1990-03-19,82.8125,84.375,81.25,83.59375,83.59375,8064
1990-03-20,82.03125,85.15625,78.90625,80.46875,80.46875,10096
1990-03-21,78.125,78.90625,77.34375,78.90625,78.90625,6416
1990-03-22,78.90625,78.90625,77.34375,78.125,78.125,6848
1990-03-23,78.90625,83.59375,78.90625,82.8125,82.8125,9088
1990-03-26,83.59375,85.15625,81.25,81.25,81.25,10384
1990-03-27,81.25,82.03125,78.90625,82.03125,82.03125,3280
1990-03-28,79.6875,81.25,79.6875,80.46875,80.46875,1344
1990-03-29,81.25,81.25,78.90625,79.6875,79.6875,2336
1990-03-30,78.90625,78.90625,77.34375,78.125,78.125,3648
1990-04-02,78.125,78.125,73.4375,75.0,75.0,10240
1990-04-03,74.21875,75.78125,74.21875,75.78125,75.78125,5920
1990-04-04,75.0,75.78125,74.21875,75.78125,75.78125,4560
1990-04-05,75.0,76.5625,75.0,75.78125,75.78125,800
1990-04-06,75.0,76.5625,74.21875,76.5625,76.5625,2448
1990-04-09,75.78125,77.34375,75.0,75.0,75.0,3072
1990-04-10,75.0,76.5625,74.21875,75.0,75.0,4576
1990-04-11,75.0,75.78125,73.4375,75.78125,75.78125,816
1990-04-12,75.78125,76.5625,74.21875,75.0,75.0,3616
1990-04-16,75.78125,76.5625,75.0,76.5625,76.5625,1504
1990-04-17,74.21875,75.0,73.4375,75.0,75.0,1616
1990-04-18,75.0,75.0,72.65625,72.65625,72.65625,5472
1990-04-19,72.65625,79.6875,72.65625,78.90625,78.90625,15936
1990-04-20,79.6875,82.8125,77.34375,82.8125,82.8125,11648
1990-04-23,81.25,81.25,78.90625,80.46875,80.46875,8144
1990-04-24,81.25,81.25,77.34375,77.34375,77.34375,3744
1990-04-25,78.125,79.6875,78.125,78.90625,78.90625,3632
1990-04-26,78.90625,81.25,78.90625,80.46875,80.46875,8096
1990-04-27,80.46875,81.25,78.90625,81.25,81.25,2640
1990-04-30,79.6875,81.25,79.6875,79.6875,79.6875,1312
1990-05-01,81.25,81.25,79.6875,80.46875,80.46875,3776
1990-05-02,79.6875,79.6875,75.78125,78.125,78.125,4704
1990-05-03,75.78125,78.125,75.78125,75.78125,75.78125,784
1990-05-04,78.125,78.125,76.5625,76.5625,76.5625,1984
1990-05-07,78.125,78.125,74.21875,74.21875,74.21875,2864
1990-05-08,75.78125,75.78125,74.21875,74.21875,74.21875,992
1990-05-09,75.78125,75.78125,74.21875,75.0,75.0,3792
1990-05-10,75.0,77.34375,75.0,76.5625,76.5625,3504
1990-05-11,77.34375,78.125,76.5625,78.125,78.125,1264
1990-05-14,77.34375,78.90625,77.34375,78.90625,78.90625,4032
1990-05-15,77.34375,78.125,76.5625,76.5625,76.5625,2416
1990-05-16,76.5625,78.125,75.78125,77.34375,77.34375,1360
1990-05-17,77.34375,77.34375,75.0,75.0,75.0,2832
1990-05-18,75.0,77.34375,75.0,75.78125,75.78125,5536
1990-05-21,75.78125,76.5625,75.0,75.78125,75.78125,2640
1990-05-22,75.78125,75.78125,74.21875,75.0,75.0,2992
1990-05-23,75.0,75.0,72.65625,75.0,75.0,9344
1990-05-24,75.0,79.6875,74.21875,75.78125,75.78125,8192
1990-05-25,75.78125,75.78125,71.09375,71.875,71.875,10000
1990-05-29,71.875,75.78125,71.875,75.0,75.0,13184
1990-05-30,75.0,75.0,71.875,71.875,71.875,4976
1990-05-31,71.09375,73.4375,70.3125,72.65625,72.65625,11120
1990-06-01,71.09375,73.4375,71.09375,72.65625,72.65625,7120
1990-06-04,74.21875,75.0,72.65625,73.4375,73.4375,6912
1990-06-05,73.4375,75.0,68.75,71.09375,71.09375,9136
1990-06-06,71.09375,71.875,59.375,63.28125,63.28125,15776
1990-06-07,63.28125,67.96875,63.28125,65.625,65.625,10064
1990-06-08,65.625,65.625,62.5,63.28125,63.28125,8544
1990-06-11,63.28125,64.84375,60.9375,62.5,62.5,13376
1990-06-12,64.0625,64.0625,60.9375,62.5,62.5,7376
1990-06-13,63.28125,64.0625,61.71875,63.28125,63.28125,6448
1990-06-14,63.28125,64.0625,61.71875,61.71875,61.71875,4400
1990-06-15,62.5,64.0625,61.71875,62.5,62.5,2960
1990-06-18,61.71875,63.28125,57.03125,58.59375,58.59375,15136
1990-06-19,58.59375,59.375,50.78125,53.90625,53.90625,29216
1990-06-20,53.90625,56.25,51.5625,54.6875,54.6875,15376
1990-06-21,53.125,58.59375,52.34375,57.03125,57.03125,10912
1990-06-22,58.59375,60.15625,57.03125,58.59375,58.59375,7008
1990-06-25,58.59375,59.375,56.25,56.25,56.25,4112
1990-06-26,57.03125,58.59375,56.25,56.25,56.25,3152
1990-06-27,57.8125,57.8125,55.46875,56.25,56.25,5600
1990-06-28,54.6875,56.25,51.5625,53.90625,53.90625,15280
1990-06-29,55.46875,55.46875,53.90625,53.90625,53.90625,6912
1990-07-02,55.46875,59.375,55.46875,59.375,59.375,7312
1990-07-03,57.8125,59.375,57.03125,58.59375,58.59375,4032
1990-07-05,58.59375,58.59375,56.25,57.8125,57.8125,6336
1990-07-06,57.8125,60.15625,57.03125,60.15625,60.15625,2976
1990-07-09,51.5625,60.15625,50.0,57.8125,57.8125,16560
1990-07-10,57.8125,58.59375,55.46875,56.25,56.25,5312
1990-07-11,57.03125,57.8125,55.46875,55.46875,55.46875,1936
1990-07-12,55.46875,57.03125,55.46875,56.25,56.25,2144
1990-07-13,55.46875,57.8125,54.6875,56.25,56.25,3408
1990-07-16,57.8125,57.8125,56.25,56.25,56.25,944
1990-07-17,57.03125,57.03125,54.6875,55.46875,55.46875,3264
1990-07-18,55.46875,56.25,54.6875,54.6875,54.6875,3248
1990-07-19,55.46875,55.46875,53.125,53.125,53.125,4256
1990-07-20,52.34375,55.46875,52.34375,54.6875,54.6875,11968
1990-07-23,54.6875,56.25,53.125,53.90625,53.90625,8720
1990-07-24,54.6875,55.46875,53.90625,54.6875,54.6875,5376
1990-07-25,54.6875,57.03125,54.6875,55.46875,55.46875,2976
1990-07-26,55.46875,57.03125,55.46875,55.46875,55.46875,1696
1990-07-27,55.46875,57.03125,54.6875,55.46875,55.46875,5904
1990-07-30,55.46875,55.46875,53.125,53.90625,53.90625,4688
1990-07-31,54.6875,54.6875,53.125,53.90625,53.90625,4896
1990-08-01,54.6875,56.25,53.90625,54.6875,54.6875,3504
1990-08-02,53.125,54.6875,53.125,53.90625,53.90625,4720
1990-08-03,52.34375,53.90625,47.65625,51.5625,51.5625,9056
1990-08-06,49.21875,49.21875,42.96875,43.75,43.75,14208
1990-08-07,47.65625,47.65625,42.1875,43.75,43.75,28272
1990-08-08,45.3125,47.65625,44.53125,47.65625,47.65625,13056
1990-08-09,47.65625,51.5625,46.09375,50.78125,50.78125,21456
1990-08-10,52.34375,54.6875,49.21875,52.34375,52.34375,11760
1990-08-13,49.21875,55.46875,49.21875,53.90625,53.90625,8720
1990-08-14,53.90625,56.25,52.34375,56.25,56.25,6288
1990-08-15,56.25,56.25,53.90625,55.46875,55.46875,1200
1990-08-16,55.46875,57.03125,53.125,54.6875,54.6875,2400
1990-08-17,53.90625,54.6875,51.5625,53.125,53.125,7616
1990-08-20,51.5625,53.125,50.0,51.5625,51.5625,10208
1990-08-21,48.4375,50.0,46.09375,48.4375,48.4375,11296
1990-08-22,49.21875,50.0,46.875,46.875,46.875,1040
1990-08-23,47.65625,47.65625,41.40625,42.1875,42.1875,12752
1990-08-24,43.75,44.53125,41.40625,42.96875,42.96875,11760
1990-08-27,42.96875,46.09375,42.1875,46.09375,46.09375,9616
1990-08-28,46.09375,49.21875,44.53125,49.21875,49.21875,6288
1990-08-29,48.4375,49.21875,46.875,49.21875,49.21875,5072
1990-08-30,49.21875,50.78125,47.65625,47.65625,47.65625,15440
1990-08-31,48.4375,50.0,47.65625,50.0,50.0,4080
1990-09-04,49.21875,50.78125,49.21875,50.78125,50.78125,2720
1990-09-05,50.0,53.125,50.0,53.125,53.125,6144
1990-09-06,52.34375,56.25,52.34375,53.90625,53.90625,14048
1990-09-07,54.6875,55.46875,51.5625,52.34375,52.34375,3104
1990-09-10,53.90625,56.25,53.90625,53.90625,53.90625,5264
1990-09-11,53.125,54.6875,52.34375,54.6875,54.6875,2784
1990-09-12,54.6875,55.46875,53.125,54.6875,54.6875,4816
1990-09-13,53.90625,56.25,53.125,53.125,53.125,2384
1990-09-14,54.6875,54.6875,53.125,54.6875,54.6875,3136
1990-09-17,54.6875,56.25,53.125,56.25,56.25,3344
1990-09-18,56.25,64.0625,56.25,61.71875,61.71875,24768
1990-09-19,60.15625,67.1875,59.375,64.84375,64.84375,32096
1990-09-20,67.1875,69.53125,64.84375,67.1875,67.1875,25792
1990-09-21,65.625,67.1875,60.15625,62.5,62.5,10656
1990-09-24,62.5,63.28125,58.59375,59.375,59.375,5984
1990-09-25,59.375,60.9375,57.8125,60.9375,60.9375,4480
1990-09-26,62.5,62.5,59.375,60.9375,60.9375,2240
1990-09-27,63.28125,64.0625,59.375,61.71875,61.71875,6464
1990-09-28,59.375,61.71875,58.59375,58.59375,58.59375,3920
1990-10-01,60.15625,60.9375,58.59375,60.15625,60.15625,3552
1990-10-02,60.15625,60.15625,56.25,57.03125,57.03125,4720
1990-10-03,57.03125,57.03125,53.90625,55.46875,55.46875,12432
1990-10-04,53.90625,54.6875,48.4375,51.5625,51.5625,8592
1990-10-05,48.4375,50.78125,48.4375,50.78125,50.78125,2032
1990-10-08,50.78125,53.125,50.78125,53.125,53.125,3024
1990-10-09,51.5625,51.5625,49.21875,49.21875,49.21875,2128
1990-10-10,50.78125,51.5625,49.21875,49.21875,49.21875,2336
1990-10-11,49.21875,50.78125,45.3125,46.09375,46.09375,4080
1990-10-12,46.875,48.4375,43.75,46.875,46.875,10656
1990-10-15,46.875,50.0,45.3125,50.0,50.0,5808
1990-10-16,50.0,53.125,50.0,50.0,50.0,11264
1990-10-17,49.21875,54.6875,49.21875,53.90625,53.90625,13296
1990-10-18,55.46875,56.25,53.125,54.6875,54.6875,3520
1990-10-19,54.6875,55.46875,53.90625,53.90625,53.90625,1328
1990-10-22,54.6875,56.25,53.125,53.125,53.125,4864
1990-10-23,52.34375,53.90625,52.34375,53.90625,53.90625,704
1990-10-24,53.90625,53.90625,52.34375,53.90625,53.90625,864
1990-10-25,53.90625,53.90625,48.4375,50.0,50.0,5216
1990-10-26,50.0,50.0,48.4375,50.0,50.0,2864
1990-10-29,49.21875,50.0,48.4375,49.21875,49.21875,1616
1990-10-30,49.21875,49.21875,44.53125,46.09375,46.09375,10848
1990-10-31,47.65625,51.5625,47.65625,50.78125,50.78125,11568
1990-11-01,49.21875,50.0,48.4375,50.0,50.0,1584
1990-11-02,50.0,50.78125,48.4375,49.21875,49.21875,15280
1990-11-05,49.21875,50.78125,49.21875,49.21875,49.21875,9232
1990-11-06,50.78125,50.78125,45.3125,45.3125,45.3125,4288
1990-11-07,45.3125,47.65625,45.3125,47.65625,47.65625,4944
1990-11-08,47.65625,49.21875,46.875,48.4375,48.4375,2304
1990-11-09,48.4375,49.21875,46.875,48.4375,48.4375,6432
1990-11-12,49.21875,49.21875,47.65625,49.21875,49.21875,448
1990-11-13,47.65625,48.4375,46.875,47.65625,47.65625,2512
1990-11-14,46.09375,46.875,44.53125,45.3125,45.3125,3872
1990-11-15,45.3125,48.4375,45.3125,46.875,46.875,7632
1990-11-16,48.4375,48.4375,46.875,46.875,46.875,8656
1990-11-19,47.65625,47.65625,46.09375,46.09375,46.09375,2864
1990-11-20,46.875,46.875,44.53125,46.09375,46.09375,2624
1990-11-21,44.53125,46.09375,44.53125,44.53125,44.53125,10112
1990-11-23,46.09375,46.09375,44.53125,45.3125,45.3125,3344
1990-11-26,44.53125,46.875,43.75,45.3125,45.3125,12384
1990-11-27,46.09375,50.0,46.09375,49.21875,49.21875,14880
1990-11-28,49.21875,50.0,48.4375,50.0,50.0,752
1990-11-29,50.0,50.78125,48.4375,50.0,50.0,10032
1990-11-30,50.0,50.0,48.4375,50.0,50.0,2304
1990-12-03,48.4375,50.0,48.4375,48.4375,48.4375,576
1990-12-04,48.4375,50.0,48.4375,49.21875,49.21875,1968
1990-12-05,49.21875,49.21875,47.65625,49.21875,49.21875,2576
1990-12-06,49.21875,49.21875,47.65625,49.21875,49.21875,1104
1990-12-07,49.21875,49.21875,46.09375,46.875,46.875,1456
1990-12-10,47.65625,47.65625,46.09375,47.65625,47.65625,3040
1990-12-11,46.09375,51.5625,46.09375,49.21875,49.21875,14432
1990-12-12,51.5625,57.03125,50.78125,56.25,56.25,19632
1990-12-13,57.8125,68.75,57.8125,64.84375,64.84375,48384
1990-12-14,64.0625,65.625,58.59375,60.15625,60.15625,21984
1990-12-17,58.59375,61.71875,57.8125,61.71875,61.71875,14912
1990-12-18,62.5,67.1875,62.5,65.625,65.625,13136
1990-12-19,64.0625,72.65625,62.5,71.875,71.875,26240
1990-12-20,70.3125,71.09375,67.96875,71.09375,71.09375,21856
1990-12-21,69.53125,71.09375,69.53125,71.09375,71.09375,10784
1990-12-24,71.09375,71.09375,69.53125,71.09375,71.09375,2144
1990-12-26,71.09375,72.65625,70.3125,71.875,71.875,4256
1990-12-27,71.09375,73.4375,68.75,72.65625,72.65625,8880
1990-12-28,72.65625,73.4375,70.3125,71.09375,71.09375,15952
1990-12-31,71.875,71.875,68.75,69.53125,69.53125,9344
1991-01-02,70.3125,72.65625,69.53125,70.3125,70.3125,8256
1991-01-03,70.3125,71.875,67.1875,67.96875,67.96875,20656
1991-01-04,65.625,72.65625,65.625,72.65625,72.65625,18480
1991-01-07,71.875,82.8125,70.3125,82.03125,82.03125,40048
1991-01-08,81.25,92.1875,81.25,89.0625,89.0625,59472
1991-01-09,89.84375,90.625,83.59375,84.375,84.375,29584
1991-01-10,83.59375,85.9375,80.46875,82.8125,82.8125,13808
1991-01-11,81.25,82.03125,76.5625,77.34375,77.34375,16256
1991-01-14,75.0,76.5625,60.9375,64.0625,64.0625,25104
1991-01-15,65.625,75.0,65.625,73.4375,73.4375,17424
1991-01-16,75.0,81.25,75.0,79.6875,79.6875,14608
1991-01-17,82.8125,86.71875,80.46875,85.15625,85.15625,24736
1991-01-18,82.03125,89.0625,82.03125,86.71875,86.71875,18448
1991-01-21,85.15625,87.5,84.375,84.375,84.375,8848
1991-01-22,83.59375,88.28125,83.59375,85.9375,85.9375,19264
1991-01-23,87.5,88.28125,85.15625,85.9375,85.9375,8928
1991-01-24,87.5,88.28125,84.375,84.375,84.375,6800
1991-01-25,84.375,84.375,80.46875,84.375,84.375,11536
1991-01-28,83.59375,85.9375,81.25,85.15625,85.15625,6512
1991-01-29,85.15625,85.15625,80.46875,83.59375,83.59375,11264
1991-01-30,81.25,82.8125,71.875,74.21875,74.21875,19760
1991-01-31,74.21875,86.71875,74.21875,85.15625,85.15625,19248
1991-02-01,86.71875,86.71875,81.25,82.8125,82.8125,7216
1991-02-04,83.59375,83.59375,80.46875,82.8125,82.8125,5344
1991-02-05,80.46875,81.25,78.125,81.25,81.25,5280
1991-02-06,80.46875,84.375,78.90625,84.375,84.375,6464
1991-02-07,82.8125,86.71875,82.8125,82.8125,82.8125,11232
1991-02-08,84.375,88.28125,82.8125,88.28125,88.28125,22304
1991-02-11,97.65625,105.46875,96.09375,98.4375,98.4375,54976
1991-02-12,102.34375,110.9375,96.09375,110.15625,110.15625,75504
1991-02-13,114.84375,125.78125,114.0625,125.78125,125.78125,72224
1991-02-14,126.5625,136.71875,121.09375,123.4375,123.4375,76096
1991-02-15,125.0,128.90625,106.25,114.0625,114.0625,69216
1991-02-19,113.28125,123.4375,110.15625,121.875,121.875,24704
1991-02-20,119.53125,121.875,116.40625,117.1875,117.1875,5696
1991-02-21,121.09375,122.65625,113.28125,113.28125,113.28125,9088
1991-02-22,113.28125,114.84375,107.8125,113.28125,113.28125,14688
1991-02-25,103.125,110.15625,100.0,104.6875,104.6875,32480
1991-02-26,105.46875,107.03125,98.4375,100.78125,100.78125,32144
1991-02-27,103.90625,103.90625,95.3125,95.3125,95.3125,14288
1991-02-28,96.09375,100.0,95.3125,100.0,100.0,8912
1991-03-01,98.4375,107.03125,96.875,104.6875,104.6875,11296
1991-03-04,106.25,117.96875,105.46875,117.96875,117.96875,19536
1991-03-05,119.53125,123.4375,118.75,121.875,121.875,15456
1991-03-06,121.09375,122.65625,113.28125,115.625,115.625,15440
1991-03-07,115.625,117.96875,113.28125,117.96875,117.96875,11856
1991-03-08,118.75,121.09375,117.1875,117.1875,117.1875,16496
1991-03-11,116.40625,120.3125,114.84375,118.75,118.75,8096
1991-03-12,120.3125,121.875,116.40625,116.40625,116.40625,8960
1991-03-13,116.40625,121.875,114.0625,120.3125,120.3125,9888
1991-03-14,121.875,121.875,118.75,120.3125,120.3125,11984
1991-03-15,122.65625,123.4375,119.53125,121.875,121.875,14944
1991-03-18,123.4375,123.4375,120.3125,121.09375,121.09375,5776
1991-03-19,125.0,128.125,114.0625,115.625,115.625,10664
1991-03-20,114.0625,131.25,114.0625,129.6875,129.6875,32360
1991-03-21,135.9375,139.0625,128.125,131.25,131.25,26248
1991-03-22,125.0,131.25,121.875,129.6875,129.6875,11880
1991-03-25,131.25,135.9375,126.5625,128.125,128.125,4480
1991-03-26,128.125,128.125,112.5,115.625,115.625,13304
1991-03-27,118.75,129.6875,117.1875,123.4375,123.4375,15248
1991-03-28,125.0,128.125,123.4375,126.5625,126.5625,5640
1991-04-01,126.5625,126.5625,120.3125,121.875,121.875,9160
1991-04-02,125.0,126.5625,121.875,126.5625,126.5625,6336
1991-04-03,123.4375,128.125,123.4375,128.125,128.125,9928
1991-04-04,128.125,129.6875,123.4375,125.0,125.0,6544
1991-04-05,125.0,131.25,125.0,131.25,131.25,12624
1991-04-08,134.375,153.125,131.25,150.0,150.0,40200
1991-04-09,151.5625,171.875,148.4375,170.3125,170.3125,41744
1991-04-10,171.875,182.8125,170.3125,178.125,178.125,49496
1991-04-11,175.0,176.5625,160.9375,171.875,171.875,22776
1991-04-12,173.4375,184.375,171.875,179.6875,179.6875,31072
1991-04-15,181.25,182.8125,170.3125,175.0,175.0,11672
1991-04-16,176.5625,176.5625,170.3125,173.4375,173.4375,6104
1991-04-17,175.0,176.5625,170.3125,175.0,175.0,3344
1991-04-18,176.5625,176.5625,171.875,173.4375,173.4375,5872
1991-04-19,170.3125,175.0,168.75,171.875,171.875,10552
1991-04-22,168.75,173.4375,165.625,168.75,168.75,6176
1991-04-23,171.875,173.4375,164.0625,168.75,168.75,5368
1991-04-24,168.75,170.3125,165.625,168.75,168.75,5432
1991-04-25,168.75,168.75,153.125,154.6875,154.6875,15560
1991-04-26,153.125,165.625,153.125,164.0625,164.0625,18728
1991-04-29,164.0625,164.0625,156.25,159.375,159.375,6008
1991-04-30,157.8125,157.8125,145.3125,148.4375,148.4375,12080
1991-05-01,148.4375,159.375,145.3125,159.375,159.375,9216
1991-05-02,159.375,165.625,154.6875,165.625,165.625,4512
1991-05-03,162.5,170.3125,162.5,170.3125,170.3125,6904
1991-05-06,167.1875,179.6875,167.1875,179.6875,179.6875,11528
1991-05-07,179.6875,182.8125,176.5625,179.6875,179.6875,11072
1991-05-08,179.6875,181.25,176.5625,178.125,178.125,11136
1991-05-09,178.125,187.5,178.125,185.9375,185.9375,19384
1991-05-10,185.9375,193.75,184.375,189.0625,189.0625,21592
1991-05-13,184.375,187.5,181.25,181.25,181.25,13984
1991-05-14,182.8125,182.8125,170.3125,173.4375,173.4375,9024
1991-05-15,170.3125,173.4375,167.1875,168.75,168.75,5152
1991-05-16,171.875,175.0,168.75,170.3125,170.3125,6312
1991-05-17,173.4375,173.4375,168.75,171.875,171.875,6536
1991-05-20,173.4375,175.0,173.4375,175.0,175.0,7976
1991-05-21,175.0,179.6875,173.4375,175.0,175.0,14088
1991-05-22,176.5625,176.5625,170.3125,170.3125,170.3125,4352
1991-05-23,173.4375,173.4375,162.5,165.625,165.625,8040
1991-05-24,168.75,168.75,159.375,164.0625,164.0625,13040
1991-05-28,165.625,167.1875,146.875,153.125,153.125,31616
1991-05-29,151.5625,157.8125,150.0,151.5625,151.5625,19488
1991-05-30,151.5625,170.3125,151.5625,164.0625,164.0625,17912
1991-05-31,170.3125,170.3125,164.0625,168.75,168.75,13816
1991-06-03,167.1875,167.1875,157.8125,157.8125,157.8125,4824
1991-06-04,153.125,159.375,145.3125,148.4375,148.4375,16064
1991-06-05,150.0,153.125,148.4375,150.0,150.0,13576
1991-06-06,151.5625,151.5625,140.625,140.625,140.625,6984
1991-06-07,143.75,157.8125,140.625,157.8125,157.8125,11368
1991-06-10,157.8125,157.8125,151.5625,154.6875,154.6875,4080
1991-06-11,154.6875,154.6875,139.0625,139.0625,139.0625,10864
1991-06-12,142.1875,146.875,135.9375,146.875,146.875,8728
1991-06-13,145.3125,154.6875,142.1875,153.125,153.125,10712
1991-06-14,156.25,157.8125,151.5625,154.6875,154.6875,8784
1991-06-17,156.25,157.8125,151.5625,153.125,153.125,5200
1991-06-18,154.6875,156.25,148.4375,148.4375,148.4375,7104
1991-06-19,151.5625,151.5625,145.3125,148.4375,148.4375,2504
1991-06-20,145.3125,146.875,139.0625,142.1875,142.1875,5704
1991-06-21,143.75,143.75,139.0625,143.75,143.75,5392
1991-06-24,139.0625,143.75,129.6875,134.375,134.375,13456
1991-06-25,137.5,139.0625,125.0,131.25,131.25,10112
1991-06-26,131.25,131.25,121.875,131.25,131.25,14872
1991-06-27,131.25,132.8125,126.5625,131.25,131.25,7216
1991-06-28,132.8125,132.8125,128.125,129.6875,129.6875,3128
1991-07-01,129.6875,135.9375,128.125,135.9375,135.9375,10664
1991-07-02,135.9375,135.9375,129.6875,129.6875,129.6875,3336
1991-07-03,129.6875,132.8125,121.875,126.5625,126.5625,4872
1991-07-05,126.5625,129.6875,125.0,125.0,125.0,4440
1991-07-08,125.0,128.125,121.875,125.0,125.0,5928
1991-07-09,128.125,131.25,125.0,128.125,128.125,5296
1991-07-10,129.6875,132.8125,126.5625,126.5625,126.5625,3584
1991-07-11,132.8125,132.8125,123.4375,125.0,125.0,2992
1991-07-12,128.125,128.125,121.875,125.0,125.0,4424
1991-07-15,123.4375,139.0625,123.4375,139.0625,139.0625,8472
1991-07-16,140.625,142.1875,137.5,142.1875,142.1875,10400
1991-07-17,142.1875,142.1875,132.8125,135.9375,135.9375,7008
1991-07-18,135.9375,135.9375,128.125,131.25,131.25,4864
1991-07-19,131.25,131.25,128.125,128.125,128.125,1520
1991-07-22,129.6875,129.6875,120.3125,125.0,125.0,7224
1991-07-23,125.0,126.5625,120.3125,121.875,121.875,2000
1991-07-24,123.4375,123.4375,120.3125,120.3125,120.3125,2472
1991-07-25,120.3125,121.875,103.125,112.5,112.5,21384
1991-07-26,109.375,117.1875,107.8125,115.625,115.625,7832
1991-07-29,115.625,115.625,110.9375,114.0625,114.0625,2360
1991-07-30,114.0625,114.0625,106.25,107.8125,107.8125,6824
1991-07-31,109.375,110.9375,103.125,103.125,103.125,8256
1991-08-01,104.6875,106.25,92.1875,93.75,93.75,23592
1991-08-02,95.3125,106.25,93.75,103.125,103.125,18176
1991-08-05,104.6875,109.375,103.125,107.8125,107.8125,8608
1991-08-06,107.8125,107.8125,92.1875,92.1875,92.1875,13560
1991-08-07,92.1875,96.875,89.0625,95.3125,95.3125,11408
1991-08-08,96.875,110.9375,96.875,107.8125,107.8125,19632
1991-08-09,110.9375,112.5,104.6875,104.6875,104.6875,6256
1991-08-12,109.375,112.5,104.6875,107.8125,107.8125,4792
1991-08-13,110.9375,114.0625,107.8125,112.5,112.5,3696
1991-08-14,114.0625,114.0625,104.6875,107.8125,107.8125,4656
1991-08-15,109.375,109.375,104.6875,106.25,106.25,1232
1991-08-16,106.25,106.25,103.125,106.25,106.25,1608
1991-08-19,103.125,104.6875,93.75,104.6875,104.6875,5272
1991-08-20,106.25,107.8125,100.0,101.5625,101.5625,4376
1991-08-21,103.125,103.125,96.875,96.875,96.875,3472
1991-08-22,100.0,101.5625,96.875,96.875,96.875,2376
1991-08-23,98.4375,101.5625,95.3125,101.5625,101.5625,3496
1991-08-26,101.5625,101.5625,98.4375,98.4375,98.4375,496
1991-08-27,101.5625,101.5625,96.875,96.875,96.875,1360
1991-08-28,96.875,103.125,95.3125,101.5625,101.5625,5968
1991-08-29,101.5625,107.8125,101.5625,106.25,106.25,5872
1991-08-30,106.25,106.25,103.125,104.6875,104.6875,1912
1991-09-03,109.375,125.0,106.25,121.875,121.875,15072
1991-09-04,121.875,128.125,118.75,125.0,125.0,12104
1991-09-05,126.5625,126.5625,115.625,120.3125,120.3125,4480
1991-09-06,120.3125,120.3125,114.0625,118.75,118.75,3352
1991-09-09,118.75,118.75,112.5,115.625,115.625,2368
1991-09-10,117.1875,120.3125,115.625,118.75,118.75,3984
1991-09-11,118.75,118.75,110.9375,112.5,112.5,4048
1991-09-12,112.5,115.625,112.5,112.5,112.5,1736
1991-09-13,112.5,115.625,110.9375,115.625,115.625,2184
1991-09-16,117.1875,128.125,117.1875,128.125,128.125,10160
1991-09-17,125.0,132.8125,125.0,132.8125,132.8125,11728
1991-09-18,132.8125,135.9375,129.6875,132.8125,132.8125,12120
1991-09-19,134.375,134.375,128.125,134.375,134.375,5240
1991-09-20,131.25,134.375,125.0,134.375,134.375,7792
1991-09-23,131.25,145.3125,131.25,145.3125,145.3125,24384
1991-09-24,145.3125,150.0,143.75,146.875,146.875,12456
1991-09-25,148.4375,160.9375,145.3125,159.375,159.375,24104
1991-09-26,159.375,178.125,157.8125,168.75,168.75,27264
1991-09-27,168.75,170.3125,148.4375,150.0,150.0,23824
1991-09-30,153.125,156.25,145.3125,154.6875,154.6875,18760
1991-10-01,156.25,164.0625,150.0,164.0625,164.0625,8312
1991-10-02,164.0625,164.0625,154.6875,160.9375,160.9375,10120
1991-10-03,160.9375,160.9375,153.125,153.125,153.125,6120
1991-10-04,156.25,159.375,150.0,159.375,159.375,6752
1991-10-07,154.6875,156.25,146.875,154.6875,154.6875,13528
1991-10-08,156.25,156.25,146.875,151.5625,151.5625,3936
1991-10-09,151.5625,151.5625,137.5,139.0625,139.0625,9944
1991-10-10,139.0625,139.0625,110.9375,131.25,131.25,26840
1991-10-11,128.125,140.625,123.4375,137.5,137.5,11320
1991-10-14,140.625,142.1875,135.9375,140.625,140.625,5184
1991-10-15,140.625,153.125,139.0625,150.0,150.0,6392
1991-10-16,153.125,156.25,151.5625,153.125,153.125,8456
1991-10-17,151.5625,156.25,140.625,142.1875,142.1875,9280
1991-10-18,142.1875,142.1875,134.375,137.5,137.5,5040
1991-10-21,131.25,135.9375,129.6875,131.25,131.25,4416
1991-10-22,132.8125,145.3125,129.6875,142.1875,142.1875,7104
1991-10-23,142.1875,153.125,140.625,150.0,150.0,9072
1991-10-24,150.0,151.5625,140.625,148.4375,148.4375,7416
1991-10-25,146.875,156.25,140.625,140.625,140.625,11176
1991-10-28,143.75,143.75,134.375,140.625,140.625,9968
1991-10-29,142.1875,142.1875,137.5,142.1875,142.1875,2592
1991-10-30,142.1875,148.4375,134.375,148.4375,148.4375,6824
1991-10-31,150.0,150.0,145.3125,150.0,150.0,2408
1991-11-01,150.0,150.0,139.0625,139.0625,139.0625,5472
1991-11-04,137.5,139.0625,132.8125,134.375,134.375,5160
1991-11-05,135.9375,137.5,132.8125,135.9375,135.9375,6144
1991-11-06,132.8125,135.9375,129.6875,132.8125,132.8125,5008
1991-11-07,129.6875,148.4375,129.6875,148.4375,148.4375,6544
1991-11-08,151.5625,157.8125,145.3125,148.4375,148.4375,16336
1991-11-11,146.875,153.125,146.875,150.0,150.0,4656
1991-11-12,150.0,154.6875,148.4375,148.4375,148.4375,3768
1991-11-13,148.4375,148.4375,145.3125,148.4375,148.4375,5496
1991-11-14,146.875,150.0,143.75,143.75,143.75,4664
1991-11-15,148.4375,151.5625,139.0625,139.0625,139.0625,10112
1991-11-18,134.375,140.625,132.8125,139.0625,139.0625,8760
1991-11-19,139.0625,139.0625,129.6875,134.375,134.375,11056
1991-11-20,132.8125,137.5,131.25,137.5,137.5,5232
1991-11-21,134.375,137.5,126.5625,128.125,128.125,19856
1991-11-22,125.0,128.125,123.4375,123.4375,123.4375,19304
1991-11-25,123.4375,131.25,120.3125,128.125,128.125,7504
1991-11-26,135.9375,137.5,126.5625,132.8125,132.8125,7296
1991-11-27,129.6875,134.375,126.5625,134.375,134.375,4568
1991-11-29,131.25,132.8125,129.6875,132.8125,132.8125,696
1991-12-02,129.6875,132.8125,128.125,129.6875,129.6875,3712
1991-12-03,129.6875,140.625,129.6875,139.0625,139.0625,11120
1991-12-04,139.0625,148.4375,135.9375,143.75,143.75,8000
1991-12-05,143.75,143.75,135.9375,140.625,140.625,9288
1991-12-06,137.5,140.625,135.9375,139.0625,139.0625,10040
1991-12-09,140.625,148.4375,140.625,143.75,143.75,4488
1991-12-10,146.875,150.0,143.75,148.4375,148.4375,6192
1991-12-11,148.4375,148.4375,142.1875,145.3125,145.3125,8448
1991-12-12,145.3125,145.3125,134.375,135.9375,135.9375,6752
1991-12-13,132.8125,139.0625,131.25,132.8125,132.8125,6224
1991-12-16,134.375,135.9375,131.25,135.9375,135.9375,2416
1991-12-17,132.8125,139.0625,132.8125,135.9375,135.9375,3704
1991-12-18,137.5,145.3125,132.8125,145.3125,145.3125,8728
1991-12-19,143.75,148.4375,139.0625,139.0625,139.0625,8960
1991-12-20,143.75,143.75,135.9375,137.5,137.5,2192
1991-12-23,137.5,139.0625,132.8125,137.5,137.5,9136
1991-12-24,137.5,139.0625,134.375,134.375,134.375,1976
1991-12-26,137.5,139.0625,134.375,139.0625,139.0625,3352
1991-12-27,139.0625,140.625,137.5,137.5,137.5,5800
1991-12-30,137.5,148.4375,137.5,148.4375,148.4375,8360
1991-12-31,148.4375,153.125,145.3125,150.0,150.0,16664
1992-01-02,150.0,153.125,145.3125,150.0,150.0,23440
1992-01-03,145.3125,160.9375,145.3125,157.8125,157.8125,21368
1992-01-06,160.9375,171.875,160.9375,171.875,171.875,27992
1992-01-07,168.75,181.25,168.75,179.6875,179.6875,24344
1992-01-08,176.5625,179.6875,175.0,179.6875,179.6875,23728
1992-01-09,176.5625,179.6875,176.5625,176.5625,176.5625,10312
1992-01-10,176.5625,179.6875,160.9375,170.3125,170.3125,26496
1992-01-13,167.1875,175.0,167.1875,173.4375,173.4375,6440
1992-01-14,170.3125,173.4375,165.625,171.875,171.875,9024
1992-01-15,171.875,184.375,168.75,184.375,184.375,21784
1992-01-16,184.375,193.75,181.25,193.75,193.75,24616
1992-01-17,195.3125,210.9375,192.1875,204.6875,204.6875,31696
1992-01-20,209.375,220.3125,203.125,215.625,215.625,35960
1992-01-21,215.625,226.5625,198.4375,201.5625,201.5625,39168
1992-01-22,200.0,209.375,200.0,203.125,203.125,11744
1992-01-23,206.25,206.25,182.8125,198.4375,198.4375,19168
1992-01-24,198.4375,206.25,193.75,201.5625,201.5625,7568
1992-01-27,204.6875,214.0625,201.5625,210.9375,210.9375,13592
1992-01-28,210.9375,214.0625,185.9375,196.875,196.875,13264
1992-01-29,192.1875,204.6875,192.1875,196.875,196.875,8704
1992-01-30,196.875,209.375,193.75,203.125,203.125,15560
1992-01-31,203.125,206.25,200.0,203.125,203.125,7920
1992-02-03,204.6875,209.375,201.5625,204.6875,204.6875,9680
1992-02-04,207.8125,214.0625,206.25,210.9375,210.9375,13912
1992-02-05,209.375,212.5,201.5625,206.25,206.25,3880
1992-02-06,204.6875,210.9375,203.125,210.9375,210.9375,9872
1992-02-07,214.0625,214.0625,207.8125,209.375,209.375,4360
1992-02-10,212.5,212.5,200.0,204.6875,204.6875,4184
1992-02-11,207.8125,207.8125,201.5625,203.125,203.125,3872
1992-02-12,206.25,207.8125,203.125,204.6875,204.6875,2888
1992-02-13,204.6875,207.8125,204.6875,204.6875,204.6875,2488
1992-02-14,204.6875,206.25,200.0,200.0,200.0,2616
1992-02-18,203.125,203.125,190.625,190.625,190.625,13256
1992-02-19,190.625,195.3125,190.625,192.1875,192.1875,12824
1992-02-20,193.75,196.875,190.625,195.3125,195.3125,8912
1992-02-21,196.875,196.875,192.1875,196.875,196.875,3424
1992-02-24,198.4375,200.0,195.3125,195.3125,195.3125,11968
1992-02-25,195.3125,198.4375,195.3125,195.3125,195.3125,5024
1992-02-26,195.3125,203.125,195.3125,203.125,203.125,6040
1992-02-27,200.0,203.125,196.875,198.4375,198.4375,10224
1992-02-28,203.125,203.125,198.4375,198.4375,198.4375,5816
1992-03-02,203.125,203.125,198.4375,198.4375,198.4375,2776
1992-03-03,198.4375,203.125,189.0625,192.1875,192.1875,5672
1992-03-04,193.75,193.75,178.125,182.8125,182.8125,15184
1992-03-05,182.8125,184.375,170.3125,170.3125,170.3125,16488
1992-03-06,170.3125,175.0,156.25,156.25,156.25,23880
1992-03-09,156.25,168.75,156.25,165.625,165.625,11912
1992-03-10,167.1875,168.75,160.9375,160.9375,160.9375,7600
1992-03-11,160.9375,164.0625,156.25,156.25,156.25,3888
1992-03-12,154.6875,157.8125,150.0,150.0,150.0,9688
1992-03-13,153.125,173.4375,150.0,167.1875,167.1875,16504
1992-03-16,170.3125,178.125,170.3125,176.5625,176.5625,7872
1992-03-17,176.5625,181.25,173.4375,178.125,178.125,2672
1992-03-18,181.25,181.25,176.5625,179.6875,179.6875,3416
1992-03-19,178.125,181.25,175.0,179.6875,179.6875,3496
1992-03-20,175.0,178.125,171.875,178.125,178.125,7760
1992-03-23,178.125,184.375,176.5625,181.25,181.25,6368
1992-03-24,179.6875,184.375,179.6875,181.25,181.25,5520
1992-03-25,181.25,184.375,175.0,179.6875,179.6875,5936
1992-03-26,184.375,184.375,181.25,182.8125,182.8125,5720
1992-03-27,184.375,184.375,176.5625,178.125,178.125,11968
1992-03-30,175.0,175.0,153.125,153.125,153.125,8416
1992-03-31,154.6875,167.1875,154.6875,164.0625,164.0625,8312
1992-04-01,159.375,164.0625,159.375,162.5,162.5,2160
1992-04-02,159.375,162.5,151.5625,156.25,156.25,6360
1992-04-03,157.8125,159.375,156.25,159.375,159.375,3160
1992-04-06,156.25,164.0625,156.25,159.375,159.375,2424
1992-04-07,162.5,165.625,160.9375,162.5,162.5,5792
1992-04-08,162.5,164.0625,156.25,159.375,159.375,18224
1992-04-09,160.9375,167.1875,159.375,162.5,162.5,6072
1992-04-10,168.75,170.3125,167.1875,168.75,168.75,8360
1992-04-13,168.75,168.75,162.5,162.5,162.5,8576
1992-04-14,165.625,167.1875,162.5,165.625,165.625,4616
1992-04-15,167.1875,173.4375,165.625,171.875,171.875,9056
1992-04-16,171.875,171.875,162.5,162.5,162.5,4824
1992-04-20,164.0625,164.0625,157.8125,162.5,162.5,8176
1992-04-21,164.0625,164.0625,159.375,160.9375,160.9375,8376
1992-04-22,160.9375,164.0625,159.375,159.375,159.375,4224
1992-04-23,162.5,178.125,160.9375,171.875,171.875,19192
1992-04-24,176.5625,176.5625,159.375,159.375,159.375,8616
1992-04-27,160.9375,160.9375,156.25,160.9375,160.9375,7232
1992-04-28,154.6875,157.8125,151.5625,157.8125,157.8125,8448
1992-04-29,157.8125,162.5,156.25,162.5,162.5,4664
1992-04-30,162.5,165.625,160.9375,160.9375,160.9375,632
1992-05-01,159.375,165.625,159.375,162.5,162.5,11320
1992-05-04,165.625,175.0,160.9375,168.75,168.75,9696
1992-05-05,171.875,175.0,168.75,175.0,175.0,8728
1992-05-06,175.0,176.5625,170.3125,170.3125,170.3125,8832
1992-05-07,171.875,175.0,170.3125,175.0,175.0,7664
1992-05-08,170.3125,175.0,170.3125,175.0,175.0,4128
1992-05-11,175.0,178.125,171.875,176.5625,176.5625,8664
1992-05-12,179.6875,179.6875,173.4375,176.5625,176.5625,7200
1992-05-13,179.6875,179.6875,168.75,173.4375,173.4375,6824
1992-05-14,175.0,178.125,170.3125,173.4375,173.4375,6480
1992-05-15,173.4375,184.375,171.875,181.25,181.25,14208
1992-05-18,184.375,206.25,181.25,200.0,200.0,24384
1992-05-19,198.4375,203.125,195.3125,200.0,200.0,10272
1992-05-20,203.125,203.125,195.3125,203.125,203.125,9720
1992-05-21,203.125,203.125,190.625,196.875,196.875,13360
1992-05-22,192.1875,201.5625,190.625,200.0,200.0,8840
1992-05-26,200.0,200.0,195.3125,198.4375,198.4375,7928
1992-05-27,196.875,200.0,193.75,196.875,196.875,5784
1992-05-28,196.875,198.4375,192.1875,193.75,193.75,6784
1992-05-29,192.1875,196.875,179.6875,185.9375,185.9375,10448
1992-06-01,187.5,192.1875,184.375,192.1875,192.1875,7152
1992-06-02,192.1875,192.1875,181.25,182.8125,182.8125,9136
1992-06-03,184.375,184.375,170.3125,176.5625,176.5625,9928
1992-06-04,176.5625,187.5,175.0,182.8125,182.8125,12256
1992-06-05,185.9375,187.5,182.8125,184.375,184.375,6192
1992-06-08,185.9375,190.625,184.375,185.9375,185.9375,7352
1992-06-09,185.9375,185.9375,159.375,165.625,165.625,24048
1992-06-10,168.75,182.8125,146.875,146.875,146.875,43352
1992-06-11,142.1875,143.75,132.8125,143.75,143.75,49864
1992-06-12,146.875,148.4375,142.1875,146.875,146.875,13328
1992-06-15,143.75,146.875,137.5,140.625,140.625,13880
1992-06-16,137.5,140.625,132.8125,137.5,137.5,10320
1992-06-17,132.8125,137.5,125.0,128.125,128.125,25728
1992-06-18,123.4375,125.0,109.375,120.3125,120.3125,42920
1992-06-19,118.75,137.5,118.75,134.375,134.375,12792
1992-06-22,132.8125,134.375,125.0,128.125,128.125,8392
1992-06-23,132.8125,132.8125,126.5625,128.125,128.125,7152
1992-06-24,126.5625,129.6875,126.5625,129.6875,129.6875,1504
1992-06-25,129.6875,134.375,126.5625,132.8125,132.8125,4008
1992-06-26,134.375,134.375,129.6875,131.25,131.25,1408
1992-06-29,132.8125,142.1875,132.8125,137.5,137.5,6640
1992-06-30,140.625,140.625,135.9375,137.5,137.5,2400
1992-07-01,139.0625,139.0625,132.8125,137.5,137.5,4176
1992-07-02,139.0625,140.625,134.375,135.9375,135.9375,14608
1992-07-06,137.5,137.5,125.0,125.0,125.0,5808
1992-07-07,131.25,131.25,123.4375,128.125,128.125,4096
1992-07-08,126.5625,128.125,123.4375,128.125,128.125,7520
1992-07-09,128.125,132.8125,128.125,131.25,131.25,4520
1992-07-10,134.375,143.75,131.25,137.5,137.5,9664
1992-07-13,139.0625,139.0625,134.375,139.0625,139.0625,2296
1992-07-14,140.625,140.625,131.25,137.5,137.5,5968
1992-07-15,137.5,140.625,134.375,135.9375,135.9375,5584
1992-07-16,139.0625,146.875,139.0625,145.3125,145.3125,7416
1992-07-17,145.3125,145.3125,139.0625,143.75,143.75,3840
1992-07-20,139.0625,139.0625,134.375,134.375,134.375,2656
1992-07-21,134.375,137.5,132.8125,135.9375,135.9375,4096
1992-07-22,134.375,135.9375,129.6875,132.8125,132.8125,11528
1992-07-23,135.9375,135.9375,129.6875,131.25,131.25,3856
1992-07-24,129.6875,131.25,121.875,125.0,125.0,6464
1992-07-27,126.5625,128.125,125.0,128.125,128.125,1168
1992-07-28,125.0,132.8125,125.0,132.8125,132.8125,1720
1992-07-29,129.6875,132.8125,126.5625,129.6875,129.6875,4432
1992-07-30,126.5625,129.6875,125.0,126.5625,126.5625,2960
1992-07-31,128.125,134.375,128.125,128.125,128.125,5968
1992-08-03,128.125,132.8125,128.125,128.125,128.125,728
1992-08-04,128.125,134.375,128.125,128.125,128.125,3896
1992-08-05,128.125,132.8125,128.125,131.25,131.25,4312
1992-08-06,131.25,132.8125,128.125,132.8125,132.8125,5520
1992-08-07,132.8125,134.375,129.6875,129.6875,129.6875,5616
1992-08-10,131.25,132.8125,128.125,128.125,128.125,1280
1992-08-11,132.8125,134.375,126.5625,134.375,134.375,7240
1992-08-12,129.6875,134.375,129.6875,132.8125,132.8125,2184
1992-08-13,128.125,134.375,128.125,134.375,134.375,1312
1992-08-14,132.8125,134.375,131.25,134.375,134.375,7416
1992-08-17,131.25,134.375,128.125,129.6875,129.6875,1600
1992-08-18,126.5625,131.25,126.5625,129.6875,129.6875,2112
1992-08-19,131.25,132.8125,129.6875,129.6875,129.6875,2144
1992-08-20,128.125,139.0625,128.125,139.0625,139.0625,9216
1992-08-21,140.625,140.625,132.8125,132.8125,132.8125,6328
1992-08-24,131.25,139.0625,128.125,131.25,131.25,7472
1992-08-25,131.25,132.8125,128.125,129.6875,129.6875,4744
1992-08-26,128.125,132.8125,125.0,128.125,128.125,15952
1992-08-27,129.6875,131.25,126.5625,129.6875,129.6875,2032
1992-08-28,126.5625,131.25,126.5625,129.6875,129.6875,2848
1992-08-31,129.6875,129.6875,125.0,126.5625,126.5625,3072
1992-09-01,126.5625,131.25,126.5625,129.6875,129.6875,2200
1992-09-02,132.8125,135.9375,128.125,134.375,134.375,5992
1992-09-03,134.375,143.75,134.375,137.5,137.5,13312
1992-09-04,139.0625,143.75,135.9375,143.75,143.75,5488
1992-09-08,145.3125,156.25,145.3125,151.5625,151.5625,16416
1992-09-09,151.5625,165.625,150.0,164.0625,164.0625,18584
1992-09-10,164.0625,170.3125,160.9375,165.625,165.625,12512
1992-09-11,165.625,170.3125,153.125,153.125,153.125,11120
1992-09-14,157.8125,162.5,156.25,160.9375,160.9375,8184
1992-09-15,157.8125,167.1875,157.8125,167.1875,167.1875,9344
1992-09-16,164.0625,165.625,157.8125,159.375,159.375,6552
1992-09-17,160.9375,162.5,157.8125,157.8125,157.8125,2432
1992-09-18,160.9375,162.5,151.5625,151.5625,151.5625,4440
1992-09-21,151.5625,156.25,151.5625,151.5625,151.5625,4160
1992-09-22,154.6875,164.0625,151.5625,162.5,162.5,7808
1992-09-23,164.0625,164.0625,159.375,162.5,162.5,3872
1992-09-24,157.8125,164.0625,157.8125,162.5,162.5,5424
1992-09-25,162.5,164.0625,154.6875,157.8125,157.8125,5536
1992-09-28,153.125,154.6875,150.0,153.125,153.125,4568
1992-09-29,154.6875,159.375,153.125,157.8125,157.8125,2000
1992-09-30,160.9375,160.9375,157.8125,157.8125,157.8125,2064
1992-10-01,160.9375,160.9375,143.75,145.3125,145.3125,7160
1992-10-02,146.875,150.0,142.1875,142.1875,142.1875,5408
1992-10-05,140.625,143.75,126.5625,134.375,134.375,16560
1992-10-06,131.25,139.0625,131.25,134.375,134.375,2384
1992-10-07,134.375,137.5,129.6875,129.6875,129.6875,4680
1992-10-08,132.8125,134.375,129.6875,134.375,134.375,5072
1992-10-09,134.375,134.375,125.0,125.0,125.0,10272
1992-10-12,132.8125,132.8125,126.5625,128.125,128.125,7696
1992-10-13,128.125,134.375,128.125,131.25,131.25,4248
1992-10-14,135.9375,137.5,131.25,134.375,134.375,8328
1992-10-15,134.375,135.9375,131.25,134.375,134.375,4792
1992-10-16,135.9375,135.9375,131.25,135.9375,135.9375,3184
1992-10-19,132.8125,140.625,131.25,137.5,137.5,3768
1992-10-20,140.625,142.1875,137.5,137.5,137.5,3864
1992-10-21,135.9375,140.625,135.9375,135.9375,135.9375,2576
1992-10-22,137.5,139.0625,132.8125,132.8125,132.8125,2360
1992-10-23,132.8125,135.9375,132.8125,132.8125,132.8125,7784
1992-10-26,135.9375,135.9375,132.8125,132.8125,132.8125,3496
1992-10-27,134.375,135.9375,132.8125,132.8125,132.8125,4072
1992-10-28,132.8125,148.4375,132.8125,143.75,143.75,11192
1992-10-29,148.4375,164.0625,145.3125,162.5,162.5,28336
1992-10-30,160.9375,170.3125,150.0,156.25,156.25,22392
1992-11-02,157.8125,157.8125,153.125,157.8125,157.8125,4752
1992-11-03,157.8125,157.8125,142.1875,142.1875,142.1875,5584
1992-11-04,143.75,150.0,140.625,145.3125,145.3125,4696
1992-11-05,145.3125,156.25,145.3125,154.6875,154.6875,5496
1992-11-06,157.8125,157.8125,153.125,157.8125,157.8125,1696
1992-11-09,153.125,157.8125,153.125,154.6875,154.6875,3760
1992-11-10,157.8125,159.375,156.25,156.25,156.25,1592
1992-11-11,159.375,162.5,156.25,157.8125,157.8125,11536
1992-11-12,156.25,162.5,156.25,162.5,162.5,2680
1992-11-13,159.375,162.5,157.8125,159.375,159.375,3144
1992-11-16,160.9375,160.9375,146.875,146.875,146.875,6280
1992-11-17,143.75,148.4375,143.75,145.3125,145.3125,3736
1992-11-18,143.75,154.6875,143.75,151.5625,151.5625,3224
1992-11-19,153.125,157.8125,150.0,153.125,153.125,7872
1992-11-20,154.6875,156.25,148.4375,153.125,153.125,4272
1992-11-23,159.375,159.375,150.0,151.5625,151.5625,6792
1992-11-24,151.5625,154.6875,150.0,154.6875,154.6875,4328
1992-11-25,151.5625,157.8125,150.0,157.8125,157.8125,4104
1992-11-27,159.375,164.0625,156.25,160.9375,160.9375,7992
1992-11-30,162.5,167.1875,156.25,165.625,165.625,7976
1992-12-01,165.625,165.625,160.9375,162.5,162.5,14120
1992-12-02,160.9375,170.3125,160.9375,165.625,165.625,9824
1992-12-03,170.3125,170.3125,164.0625,164.0625,164.0625,10904
1992-12-04,164.0625,168.75,164.0625,165.625,165.625,4920
1992-12-07,168.75,170.3125,165.625,170.3125,170.3125,1992
1992-12-08,165.625,170.3125,162.5,164.0625,164.0625,5304
1992-12-09,165.625,165.625,157.8125,159.375,159.375,5272
1992-12-10,160.9375,167.1875,159.375,165.625,165.625,10544
1992-12-11,162.5,175.0,162.5,175.0,175.0,14640
1992-12-14,175.0,193.75,173.4375,184.375,184.375,49112
1992-12-15,179.6875,182.8125,175.0,179.6875,179.6875,10640
1992-12-16,178.125,182.8125,167.1875,170.3125,170.3125,9680
1992-12-17,171.875,171.875,167.1875,170.3125,170.3125,10128
1992-12-18,167.1875,173.4375,167.1875,168.75,168.75,4216
1992-12-21,168.75,173.4375,156.25,162.5,162.5,9672
1992-12-22,164.0625,164.0625,156.25,156.25,156.25,15736
1992-12-23,156.25,159.375,151.5625,156.25,156.25,30496
1992-12-24,156.25,157.8125,153.125,157.8125,157.8125,4176
1992-12-28,156.25,157.8125,151.5625,153.125,153.125,2640
1992-12-29,156.25,159.375,153.125,159.375,159.375,6392
1992-12-30,159.375,159.375,154.6875,154.6875,154.6875,6200
1992-12-31,156.25,156.25,150.0,153.125,153.125,5096
1993-01-04,154.6875,156.25,145.3125,145.3125,145.3125,10216
1993-01-05,146.875,148.4375,140.625,143.75,143.75,12568
1993-01-06,146.875,148.4375,143.75,143.75,143.75,6144
1993-01-07,153.125,154.6875,150.0,150.0,150.0,8088
1993-01-08,151.5625,168.75,148.4375,162.5,162.5,15968
1993-01-11,162.5,165.625,160.9375,162.5,162.5,8600
1993-01-12,164.0625,164.0625,157.8125,164.0625,164.0625,7168
1993-01-13,164.0625,168.75,157.8125,167.1875,167.1875,13960
1993-01-14,171.875,178.125,167.1875,175.0,175.0,19704
1993-01-15,176.5625,176.5625,171.875,171.875,171.875,16456
1993-01-18,175.0,175.0,165.625,167.1875,167.1875,7264
1993-01-19,168.75,168.75,162.5,162.5,162.5,12480
1993-01-20,167.1875,170.3125,162.5,167.1875,167.1875,11800
1993-01-21,170.3125,171.875,167.1875,168.75,168.75,11200
1993-01-22,173.4375,173.4375,165.625,171.875,171.875,7616
1993-01-25,171.875,175.0,170.3125,170.3125,170.3125,7176
1993-01-26,173.4375,176.5625,168.75,170.3125,170.3125,6096
1993-01-27,171.875,171.875,164.0625,164.0625,164.0625,6248
1993-01-28,168.75,168.75,153.125,156.25,156.25,11224
1993-01-29,159.375,167.1875,157.8125,164.0625,164.0625,4856
1993-02-01,165.625,167.1875,153.125,153.125,153.125,10104
1993-02-02,157.8125,157.8125,146.875,156.25,156.25,8464
1993-02-03,157.8125,164.0625,156.25,160.9375,160.9375,5632
1993-02-04,160.9375,160.9375,153.125,154.6875,154.6875,3248
1993-02-05,154.6875,157.8125,150.0,150.0,150.0,5688
1993-02-08,153.125,154.6875,148.4375,148.4375,148.4375,8816
1993-02-09,150.0,151.5625,139.0625,140.625,140.625,17944
1993-02-10,142.1875,146.875,140.625,142.1875,142.1875,14224
1993-02-11,142.1875,148.4375,142.1875,143.75,143.75,3920
1993-02-12,148.4375,148.4375,143.75,143.75,143.75,2224
1993-02-16,145.3125,145.3125,132.8125,137.5,137.5,10888
1993-02-17,139.0625,140.625,134.375,134.375,134.375,6432
1993-02-18,139.0625,142.1875,134.375,135.9375,135.9375,6608
1993-02-19,139.0625,139.0625,134.375,134.375,134.375,1496
1993-02-22,134.375,139.0625,134.375,139.0625,139.0625,2448
1993-02-23,139.0625,139.0625,131.25,132.8125,132.8125,3608
1993-02-24,132.8125,140.625,128.125,140.625,140.625,9200
1993-02-25,137.5,140.625,135.9375,135.9375,135.9375,2264
1993-02-26,139.0625,139.0625,132.8125,132.8125,132.8125,3128
1993-03-01,135.9375,139.0625,131.25,135.9375,135.9375,7400
1993-03-02,137.5,139.0625,134.375,135.9375,135.9375,5272
1993-03-03,139.0625,139.0625,135.9375,135.9375,135.9375,3808
1993-03-04,135.9375,137.5,134.375,135.9375,135.9375,840
1993-03-05,135.9375,135.9375,131.25,131.25,131.25,3032
1993-03-08,135.9375,135.9375,131.25,132.8125,132.8125,1256
1993-03-09,131.25,135.9375,131.25,134.375,134.375,4616
1993-03-10,132.8125,139.0625,129.6875,139.0625,139.0625,5720
1993-03-11,135.9375,139.0625,132.8125,132.8125,132.8125,3168
1993-03-12,137.5,137.5,132.8125,134.375,134.375,2200
1993-03-15,134.375,137.5,134.375,137.5,137.5,1224
1993-03-16,137.5,137.5,132.8125,134.375,134.375,3696
1993-03-17,134.375,135.9375,131.25,132.8125,132.8125,2408
1993-03-18,134.375,153.125,129.6875,146.875,146.875,29000
1993-03-19,150.0,151.5625,143.75,145.3125,145.3125,9144
1993-03-22,143.75,146.875,132.8125,132.8125,132.8125,5944
1993-03-23,132.8125,140.625,129.6875,140.625,140.625,6632
1993-03-24,137.5,140.625,132.8125,132.8125,132.8125,4064
1993-03-25,135.9375,137.5,132.8125,134.375,134.375,1696
1993-03-26,134.375,137.5,132.8125,135.9375,135.9375,4336
1993-03-29,137.5,137.5,134.375,134.375,134.375,1656
1993-03-30,134.375,135.9375,132.8125,132.8125,132.8125,2600
1993-03-31,135.9375,142.1875,134.375,142.1875,142.1875,6864
1993-04-01,142.1875,142.1875,135.9375,137.5,137.5,4848
1993-04-02,139.0625,139.0625,132.8125,135.9375,135.9375,3456
1993-04-05,135.9375,139.0625,134.375,137.5,137.5,3608
1993-04-06,139.0625,139.0625,134.375,137.5,137.5,6400
1993-04-07,137.5,139.0625,132.8125,132.8125,132.8125,4056
1993-04-08,132.8125,135.9375,132.8125,132.8125,132.8125,7408
1993-04-12,132.8125,135.9375,126.5625,128.125,128.125,6560
1993-04-13,126.5625,129.6875,117.1875,117.1875,117.1875,13264
1993-04-14,118.75,129.6875,117.1875,126.5625,126.5625,17192
1993-04-15,125.0,128.125,123.4375,125.0,125.0,8568
1993-04-16,128.125,128.125,125.0,126.5625,126.5625,3672
1993-04-19,125.0,128.125,117.1875,121.875,121.875,6256
1993-04-20,118.75,126.5625,118.75,121.875,121.875,7320
1993-04-21,121.875,125.0,120.3125,121.875,121.875,3136
1993-04-22,131.25,137.5,128.125,132.8125,132.8125,10192
1993-04-23,137.5,145.3125,137.5,139.0625,139.0625,18712
1993-04-26,139.0625,142.1875,131.25,131.25,131.25,5736
1993-04-27,132.8125,135.9375,131.25,135.9375,135.9375,5464
1993-04-28,135.9375,145.3125,134.375,145.3125,145.3125,20072
1993-04-29,145.3125,159.375,142.1875,156.25,156.25,50040
1993-04-30,157.8125,160.9375,154.6875,157.8125,157.8125,20304
1993-05-03,150.0,154.6875,146.875,150.0,150.0,7504
1993-05-04,153.125,153.125,145.3125,148.4375,148.4375,7768
1993-05-05,150.0,159.375,148.4375,159.375,159.375,12216
1993-05-06,164.0625,171.875,160.9375,165.625,165.625,62328
1993-05-07,165.625,179.6875,162.5,178.125,178.125,50408
1993-05-10,179.6875,185.9375,170.3125,171.875,171.875,40208
1993-05-11,173.4375,179.6875,171.875,178.125,178.125,19544
1993-05-12,175.0,178.125,171.875,175.0,175.0,14616
1993-05-13,168.75,173.4375,167.1875,167.1875,167.1875,18248
1993-05-14,167.1875,176.5625,164.0625,176.5625,176.5625,17144
1993-05-17,179.6875,184.375,171.875,178.125,178.125,22296
1993-05-18,178.125,179.6875,173.4375,179.6875,179.6875,6664
1993-05-19,179.6875,184.375,176.5625,184.375,184.375,17560
1993-05-20,187.5,187.5,181.25,184.375,184.375,14728
1993-05-21,185.9375,185.9375,175.0,179.6875,179.6875,16616
1993-05-24,175.0,179.6875,165.625,165.625,165.625,15864
1993-05-25,168.75,175.0,168.75,171.875,171.875,5904
1993-05-26,181.25,181.25,171.875,179.6875,179.6875,10088
1993-05-27,179.6875,184.375,173.4375,175.0,175.0,12840
1993-05-28,173.4375,178.125,170.3125,173.4375,173.4375,14032
1993-06-01,176.5625,181.25,171.875,176.5625,176.5625,8648
1993-06-02,179.6875,182.8125,175.0,179.6875,179.6875,15376
1993-06-03,176.5625,179.6875,168.75,178.125,178.125,12024
1993-06-04,178.125,178.125,159.375,168.75,168.75,14696
1993-06-07,167.1875,170.3125,159.375,159.375,159.375,9216
1993-06-08,164.0625,164.0625,156.25,156.25,156.25,12984
1993-06-09,156.25,159.375,153.125,156.25,156.25,9560
1993-06-10,156.25,165.625,153.125,164.0625,164.0625,18144
1993-06-11,162.5,171.875,162.5,171.875,171.875,10080
1993-06-14,171.875,175.0,168.75,171.875,171.875,8072
1993-06-15,176.5625,178.125,170.3125,171.875,171.875,14048
1993-06-16,171.875,173.4375,164.0625,168.75,168.75,11184
1993-06-17,168.75,168.75,153.125,160.9375,160.9375,11864
1993-06-18,160.9375,160.9375,154.6875,160.9375,160.9375,12304
1993-06-21,160.9375,167.1875,156.25,162.5,162.5,12160
1993-06-22,165.625,165.625,159.375,162.5,162.5,6536
1993-06-23,167.1875,168.75,162.5,168.75,168.75,9160
1993-06-24,168.75,179.6875,165.625,175.0,175.0,23896
1993-06-25,176.5625,178.125,164.0625,165.625,165.625,14616
1993-06-28,168.75,168.75,156.25,159.375,159.375,10888
1993-06-29,162.5,162.5,154.6875,157.8125,157.8125,7440
1993-06-30,162.5,165.625,157.8125,164.0625,164.0625,5232
1993-07-01,165.625,165.625,160.9375,162.5,162.5,4424
1993-07-02,164.0625,164.0625,156.25,162.5,162.5,9448
1993-07-06,162.5,176.5625,159.375,170.3125,170.3125,18584
1993-07-07,170.3125,259.375,170.3125,229.6875,229.6875,237144
1993-07-08,237.5,245.3125,206.25,220.3125,220.3125,159728
1993-07-09,232.8125,234.375,209.375,215.625,215.625,62768
1993-07-12,221.875,239.0625,218.75,239.0625,239.0625,61048
1993-07-13,243.75,248.4375,231.25,237.5,237.5,87768
1993-07-14,237.5,240.625,193.75,212.5,212.5,193560
1993-07-15,204.6875,207.8125,187.5,196.875,196.875,86960
1993-07-16,190.625,195.3125,173.4375,178.125,178.125,75280
1993-07-19,168.75,168.75,146.875,156.25,156.25,100440
1993-07-20,157.8125,176.5625,154.6875,170.3125,170.3125,64112
1993-07-21,173.4375,173.4375,165.625,170.3125,170.3125,17000
1993-07-22,170.3125,171.875,151.5625,156.25,156.25,33784
1993-07-23,154.6875,171.875,154.6875,156.25,156.25,28944
1993-07-26,165.625,165.625,157.8125,164.0625,164.0625,7176
1993-07-27,165.625,165.625,156.25,159.375,159.375,6720
1993-07-28,159.375,162.5,157.8125,157.8125,157.8125,10936
1993-07-29,160.9375,167.1875,157.8125,167.1875,167.1875,10376
1993-07-30,167.1875,167.1875,160.9375,165.625,165.625,7888
1993-08-02,162.5,171.875,162.5,168.75,168.75,5872
1993-08-03,170.3125,171.875,165.625,168.75,168.75,6528
1993-08-04,168.75,168.75,160.9375,160.9375,160.9375,9688
1993-08-05,164.0625,165.625,160.9375,164.0625,164.0625,7424
1993-08-06,162.5,170.3125,162.5,168.75,168.75,9096
1993-08-09,170.3125,173.4375,167.1875,170.3125,170.3125,4504
1993-08-10,170.3125,170.3125,165.625,168.75,168.75,3784
1993-08-11,168.75,168.75,164.0625,168.75,168.75,6776
1993-08-12,168.75,170.3125,164.0625,168.75,168.75,11936
1993-08-13,165.625,170.3125,164.0625,168.75,168.75,11176
1993-08-16,171.875,171.875,167.1875,170.3125,170.3125,6312
1993-08-17,171.875,175.0,170.3125,173.4375,173.4375,6120
1993-08-18,175.0,178.125,170.3125,173.4375,173.4375,8720
1993-08-19,173.4375,173.4375,168.75,171.875,171.875,4840
1993-08-20,170.3125,170.3125,167.1875,168.75,168.75,3888
1993-08-23,168.75,178.125,167.1875,178.125,178.125,9472
1993-08-24,179.6875,184.375,176.5625,178.125,178.125,13672
1993-08-25,179.6875,182.8125,173.4375,175.0,175.0,5440
1993-08-26,176.5625,176.5625,165.625,165.625,165.625,5880
1993-08-27,165.625,170.3125,164.0625,167.1875,167.1875,5136
1993-08-30,168.75,170.3125,165.625,170.3125,170.3125,2664
1993-08-31,168.75,171.875,168.75,171.875,171.875,3480
1993-09-01,168.75,179.6875,168.75,175.0,175.0,16904
1993-09-02,176.5625,176.5625,170.3125,173.4375,173.4375,3784
1993-09-03,178.125,178.125,173.4375,173.4375,173.4375,3520
1993-09-07,175.0,175.0,164.0625,165.625,165.625,10016
1993-09-08,167.1875,167.1875,154.6875,162.5,162.5,22104
1993-09-09,159.375,167.1875,159.375,167.1875,167.1875,5744
1993-09-10,168.75,170.3125,159.375,160.9375,160.9375,15288
1993-09-13,160.9375,167.1875,159.375,159.375,159.375,8472
1993-09-14,159.375,162.5,157.8125,159.375,159.375,5440
1993-09-15,160.9375,168.75,157.8125,165.625,165.625,13184
1993-09-16,165.625,165.625,162.5,164.0625,164.0625,13368
1993-09-17,164.0625,164.0625,159.375,164.0625,164.0625,11392
1993-09-20,165.625,167.1875,160.9375,164.0625,164.0625,8840
1993-09-21,164.0625,164.0625,159.375,160.9375,160.9375,3944
1993-09-22,164.0625,164.0625,160.9375,164.0625,164.0625,3576
1993-09-23,160.9375,164.0625,159.375,160.9375,160.9375,5096
1993-09-24,160.9375,164.0625,160.9375,160.9375,160.9375,3776
1993-09-27,164.0625,167.1875,160.9375,162.5,162.5,10112
1993-09-28,165.625,168.75,162.5,168.75,168.75,7072
1993-09-29,168.75,168.75,162.5,164.0625,164.0625,7424
1993-09-30,165.625,167.1875,162.5,165.625,165.625,15864
1993-10-01,165.625,165.625,160.9375,162.5,162.5,9952
1993-10-04,160.9375,165.625,157.8125,160.9375,160.9375,3736
1993-10-05,162.5,162.5,156.25,156.25,156.25,4872
1993-10-06,157.8125,165.625,157.8125,165.625,165.625,10376
1993-10-07,165.625,168.75,162.5,162.5,162.5,8048
1993-10-08,162.5,165.625,162.5,165.625,165.625,4824
1993-10-11,162.5,165.625,160.9375,164.0625,164.0625,1904
1993-10-12,165.625,165.625,160.9375,165.625,165.625,2928
1993-10-13,167.1875,167.1875,164.0625,164.0625,164.0625,7616
1993-10-14,167.1875,167.1875,160.9375,164.0625,164.0625,3264
1993-10-15,162.5,164.0625,160.9375,164.0625,164.0625,11712
1993-10-18,164.0625,164.0625,160.9375,160.9375,160.9375,5600
1993-10-19,159.375,164.0625,159.375,164.0625,164.0625,6424
1993-10-20,160.9375,164.0625,157.8125,160.9375,160.9375,16960
1993-10-21,157.8125,160.9375,150.0,151.5625,151.5625,21456
1993-10-22,153.125,160.9375,139.0625,145.3125,145.3125,55016
1993-10-25,140.625,150.0,140.625,142.1875,142.1875,12568
1993-10-26,148.4375,150.0,143.75,150.0,150.0,5720
1993-10-27,145.3125,151.5625,145.3125,150.0,150.0,8704
1993-10-28,150.0,153.125,143.75,145.3125,145.3125,16688
1993-10-29,145.3125,148.4375,140.625,140.625,140.625,13744
1993-11-01,139.0625,142.1875,135.9375,140.625,140.625,8832
1993-11-02,137.5,142.1875,135.9375,139.0625,139.0625,4992
1993-11-03,142.1875,142.1875,137.5,140.625,140.625,2176
1993-11-04,139.0625,150.0,139.0625,139.0625,139.0625,17248
1993-11-05,140.625,142.1875,137.5,142.1875,142.1875,6248
1993-11-08,142.1875,142.1875,140.625,140.625,140.625,2040
1993-11-09,142.1875,142.1875,139.0625,142.1875,142.1875,4512
1993-11-10,142.1875,150.0,140.625,150.0,150.0,11152
1993-11-11,151.5625,175.0,150.0,170.3125,170.3125,36976
1993-11-12,171.875,176.5625,170.3125,171.875,171.875,10464
1993-11-15,170.3125,173.4375,164.0625,170.3125,170.3125,9664
1993-11-16,171.875,171.875,164.0625,167.1875,167.1875,8008
1993-11-17,167.1875,167.1875,160.9375,164.0625,164.0625,3064
1993-11-18,162.5,164.0625,157.8125,159.375,159.375,2504
1993-11-19,157.8125,160.9375,154.6875,159.375,159.375,5960
1993-11-22,159.375,160.9375,148.4375,151.5625,151.5625,9816
1993-11-23,154.6875,154.6875,145.3125,148.4375,148.4375,14976
1993-11-24,151.5625,154.6875,148.4375,154.6875,154.6875,5448
1993-11-26,156.25,157.8125,153.125,157.8125,157.8125,1536
1993-11-29,157.8125,159.375,154.6875,154.6875,154.6875,2656
1993-11-30,156.25,156.25,153.125,156.25,156.25,2496
1993-12-01,156.25,162.5,154.6875,157.8125,157.8125,3792
1993-12-02,160.9375,162.5,157.8125,160.9375,160.9375,6208
1993-12-03,162.5,164.0625,159.375,162.5,162.5,7544
1993-12-06,162.5,164.0625,160.9375,162.5,162.5,2504
1993-12-07,162.5,164.0625,159.375,164.0625,164.0625,6496
1993-12-08,162.5,165.625,160.9375,164.0625,164.0625,1520
1993-12-09,162.5,164.0625,159.375,160.9375,160.9375,3712
1993-12-10,164.0625,164.0625,153.125,154.6875,154.6875,7160
1993-12-13,153.125,153.125,148.4375,148.4375,148.4375,6224
1993-12-14,148.4375,150.0,143.75,146.875,146.875,4712
1993-12-15,146.875,156.25,146.875,151.5625,151.5625,5760
1993-12-16,156.25,156.25,150.0,151.5625,151.5625,4488
1993-12-17,150.0,153.125,148.4375,150.0,150.0,5128
1993-12-20,148.4375,148.4375,142.1875,142.1875,142.1875,7408
1993-12-21,143.75,150.0,140.625,148.4375,148.4375,8008
1993-12-22,148.4375,150.0,146.875,148.4375,148.4375,4424
1993-12-23,146.875,150.0,145.3125,145.3125,145.3125,6760
1993-12-27,145.3125,156.25,145.3125,154.6875,154.6875,4264
1993-12-28,156.25,159.375,153.125,153.125,153.125,2160
1993-12-29,151.5625,156.25,145.3125,150.0,150.0,8000
1993-12-30,146.875,156.25,146.875,156.25,156.25,6928
1993-12-31,156.25,165.625,154.6875,162.5,162.5,17600
1994-01-03,167.1875,168.75,157.8125,159.375,159.375,9728
1994-01-04,162.5,164.0625,159.375,160.9375,160.9375,10320
1994-01-05,162.5,162.5,156.25,157.8125,157.8125,8848
1994-01-06,156.25,157.8125,151.5625,153.125,153.125,9440
1994-01-07,153.125,156.25,151.5625,153.125,153.125,8024
1994-01-10,151.5625,156.25,148.4375,156.25,156.25,5432
1994-01-11,157.8125,159.375,153.125,156.25,156.25,3280
1994-01-12,156.25,156.25,151.5625,151.5625,151.5625,5432
1994-01-13,154.6875,157.8125,150.0,154.6875,154.6875,7496
1994-01-14,154.6875,157.8125,148.4375,151.5625,151.5625,14496
1994-01-17,150.0,151.5625,143.75,151.5625,151.5625,5376
1994-01-18,151.5625,153.125,148.4375,150.0,150.0,1352
1994-01-19,146.875,153.125,146.875,148.4375,148.4375,6368
1994-01-20,153.125,153.125,148.4375,150.0,150.0,2248
1994-01-21,148.4375,151.5625,148.4375,150.0,150.0,5288
1994-01-24,151.5625,159.375,148.4375,156.25,156.25,10160
1994-01-25,156.25,160.9375,154.6875,156.25,156.25,8200
1994-01-26,156.25,159.375,154.6875,156.25,156.25,2984
1994-01-27,154.6875,157.8125,154.6875,154.6875,154.6875,3728
1994-01-28,154.6875,157.8125,150.0,150.0,150.0,5408
1994-01-31,154.6875,156.25,148.4375,150.0,150.0,13928
1994-02-01,148.4375,151.5625,146.875,151.5625,151.5625,5912
1994-02-02,148.4375,153.125,148.4375,150.0,150.0,1736
1994-02-03,154.6875,154.6875,150.0,150.0,150.0,2008
1994-02-04,150.0,151.5625,142.1875,143.75,143.75,16904
1994-02-07,140.625,148.4375,140.625,148.4375,148.4375,4632
1994-02-08,143.75,148.4375,143.75,145.3125,145.3125,3360
1994-02-09,143.75,146.875,143.75,146.875,146.875,2576
1994-02-10,145.3125,148.4375,143.75,143.75,143.75,5224
1994-02-11,143.75,145.3125,142.1875,143.75,143.75,3616
1994-02-14,142.1875,143.75,142.1875,143.75,143.75,5568
1994-02-15,143.75,143.75,140.625,143.75,143.75,25872
1994-02-16,143.75,153.125,143.75,148.4375,148.4375,29640
1994-02-17,150.0,151.5625,146.875,148.4375,148.4375,7336
1994-02-18,150.0,150.0,146.875,150.0,150.0,7160
1994-02-22,148.4375,150.0,146.875,148.4375,148.4375,1824
1994-02-23,146.875,150.0,142.1875,145.3125,145.3125,5736
1994-02-24,143.75,146.875,142.1875,143.75,143.75,3112
1994-02-25,145.3125,148.4375,143.75,146.875,146.875,728
1994-02-28,143.75,146.875,139.0625,142.1875,142.1875,3376
1994-03-01,142.1875,143.75,137.5,139.0625,139.0625,3080
1994-03-02,140.625,140.625,134.375,139.0625,139.0625,5552
1994-03-03,135.9375,140.625,135.9375,139.0625,139.0625,1912
1994-03-04,137.5,140.625,134.375,134.375,134.375,3056
1994-03-07,139.0625,139.0625,135.9375,135.9375,135.9375,2576
1994-03-08,135.9375,139.0625,129.6875,129.6875,129.6875,8168
1994-03-09,129.6875,139.0625,129.6875,139.0625,139.0625,6208
1994-03-10,139.0625,140.625,135.9375,139.0625,139.0625,3936
1994-03-11,135.9375,142.1875,135.9375,142.1875,142.1875,3224
1994-03-14,142.1875,142.1875,139.0625,139.0625,139.0625,1064
1994-03-15,139.0625,142.1875,139.0625,140.625,140.625,2504
1994-03-16,140.625,142.1875,134.375,134.375,134.375,5424
1994-03-17,134.375,135.9375,132.8125,132.8125,132.8125,4288
1994-03-18,131.25,131.25,121.875,129.6875,129.6875,12664
1994-03-21,129.6875,129.6875,126.5625,129.6875,129.6875,8192
1994-03-22,128.125,132.8125,126.5625,131.25,131.25,3016
1994-03-23,131.25,131.25,125.0,128.125,128.125,6912
1994-03-24,125.0,126.5625,121.875,126.5625,126.5625,3896
1994-03-25,126.5625,128.125,121.875,125.0,125.0,11312
1994-03-28,125.0,125.0,118.75,121.875,121.875,5104
1994-03-29,121.875,121.875,117.1875,117.1875,117.1875,4152
1994-03-30,112.5,115.625,110.9375,112.5,112.5,14640
1994-03-31,112.5,121.875,101.5625,117.1875,117.1875,32760
1994-04-04,112.5,121.875,110.9375,121.875,121.875,6688
1994-04-05,123.4375,134.375,121.875,129.6875,129.6875,7912
1994-04-06,132.8125,137.5,129.6875,134.375,134.375,6040
1994-04-07,134.375,134.375,126.5625,126.5625,126.5625,4488
1994-04-08,125.0,126.5625,117.1875,120.3125,120.3125,6088
1994-04-11,117.1875,123.4375,117.1875,121.875,121.875,3264
1994-04-12,120.3125,123.4375,118.75,118.75,118.75,3160
1994-04-13,121.875,128.125,121.875,126.5625,126.5625,7400
1994-04-14,123.4375,129.6875,123.4375,129.6875,129.6875,3072
1994-04-15,131.25,132.8125,126.5625,126.5625,126.5625,3496
1994-04-18,131.25,131.25,121.875,125.0,125.0,9160
1994-04-19,123.4375,125.0,123.4375,123.4375,123.4375,4280
1994-04-20,125.0,126.5625,123.4375,123.4375,123.4375,768
1994-04-21,123.4375,126.5625,123.4375,125.0,125.0,2600
1994-04-22,126.5625,132.8125,125.0,132.8125,132.8125,7648
1994-04-25,134.375,135.9375,131.25,134.375,134.375,4592
1994-04-26,135.9375,135.9375,131.25,134.375,134.375,1456
1994-04-28,132.8125,151.5625,132.8125,142.1875,142.1875,16952
1994-04-29,143.75,145.3125,134.375,142.1875,142.1875,11568
1994-05-02,145.3125,145.3125,135.9375,142.1875,142.1875,17016
1994-05-03,143.75,150.0,143.75,143.75,143.75,8464
1994-05-04,145.3125,146.875,139.0625,140.625,140.625,2832
1994-05-05,146.875,146.875,142.1875,145.3125,145.3125,5080
1994-05-06,140.625,145.3125,139.0625,143.75,143.75,5336
1994-05-09,143.75,143.75,135.9375,139.0625,139.0625,7744
1994-05-10,139.0625,140.625,134.375,137.5,137.5,4560
1994-05-11,132.8125,132.8125,121.875,125.0,125.0,24872
1994-05-12,125.0,128.125,121.875,126.5625,126.5625,10744
1994-05-13,128.125,128.125,126.5625,128.125,128.125,3584
1994-05-16,126.5625,134.375,125.0,134.375,134.375,4792
1994-05-17,132.8125,139.0625,129.6875,137.5,137.5,7152
1994-05-18,140.625,140.625,135.9375,139.0625,139.0625,7160
1994-05-19,139.0625,139.0625,135.9375,139.0625,139.0625,9104
1994-05-20,139.0625,139.0625,135.9375,136.71875,136.71875,9576
1994-05-23,139.0625,139.0625,129.6875,131.25,131.25,8400
1994-05-24,132.8125,135.9375,131.25,134.375,134.375,2456
1994-05-25,134.375,134.375,131.25,134.375,134.375,1416
1994-05-26,134.375,134.375,129.6875,131.25,131.25,4248
1994-05-27,131.25,132.8125,129.6875,131.25,131.25,1848
1994-05-31,131.25,134.375,131.25,134.375,134.375,1520
1994-06-01,131.25,132.8125,129.6875,129.6875,129.6875,3864
1994-06-02,132.8125,132.8125,128.125,129.6875,129.6875,2120
1994-06-03,131.25,131.25,128.125,129.6875,129.6875,1776
1994-06-06,132.8125,132.8125,128.125,129.6875,129.6875,2224
1994-06-07,132.8125,132.8125,128.125,129.6875,129.6875,4568
1994-06-08,131.25,131.25,118.75,125.0,125.0,15136
1994-06-09,121.875,125.0,118.75,123.4375,123.4375,6528
1994-06-10,121.875,131.25,121.875,128.125,128.125,3624
1994-06-13,128.125,131.25,126.5625,128.125,128.125,1016
1994-06-14,131.25,131.25,128.125,129.6875,129.6875,5480
1994-06-15,128.125,131.25,125.0,125.0,125.0,2080
1994-06-16,129.6875,129.6875,125.0,126.5625,126.5625,1088
1994-06-17,125.0,128.125,123.4375,125.0,125.0,2480
1994-06-20,123.4375,125.0,118.75,121.875,121.875,6984
1994-06-21,118.75,121.875,117.1875,120.3125,120.3125,4928
1994-06-22,121.875,121.875,115.625,117.1875,117.1875,4400
1994-06-23,115.625,118.75,114.0625,114.0625,114.0625,10264
1994-06-24,117.1875,117.1875,110.9375,114.0625,114.0625,7192
1994-06-27,112.5,118.75,107.8125,116.40625,116.40625,8136
1994-06-28,115.625,120.3125,115.625,115.625,115.625,6528
1994-06-29,117.1875,117.1875,110.9375,112.5,112.5,9576
1994-06-30,110.9375,118.75,110.9375,118.75,118.75,10352
1994-07-01,114.0625,118.75,114.0625,118.75,118.75,3024
1994-07-05,118.75,118.75,114.0625,117.1875,117.1875,3552
1994-07-06,114.0625,117.1875,107.8125,107.8125,107.8125,3688
1994-07-07,112.5,114.0625,107.8125,109.375,109.375,11744
1994-07-08,110.9375,110.9375,107.8125,109.375,109.375,4680
1994-07-11,110.9375,112.5,109.375,110.9375,110.9375,1384
1994-07-12,112.5,120.3125,109.375,120.3125,120.3125,6712
1994-07-13,117.1875,118.75,115.625,115.625,115.625,8504
1994-07-14,115.625,117.1875,112.5,116.40625,116.40625,6912
1994-07-15,115.625,129.6875,115.625,129.6875,129.6875,16840
1994-07-18,129.6875,134.375,123.4375,126.5625,126.5625,19960
1994-07-19,126.5625,126.5625,111.71875,117.1875,117.1875,15336
1994-07-20,117.1875,117.1875,95.3125,98.4375,98.4375,29256
1994-07-21,103.125,115.625,100.0,114.0625,114.0625,24648
1994-07-22,114.0625,114.0625,114.0625,114.0625,114.0625,0
1994-07-25,112.5,115.625,107.8125,114.0625,114.0625,6168
1994-07-26,114.0625,114.0625,109.375,114.0625,114.0625,2544
1994-07-27,114.0625,114.0625,106.25,110.9375,110.9375,3008
1994-07-28,107.8125,110.9375,106.25,106.25,106.25,5880
1994-07-29,107.8125,115.625,107.8125,110.9375,110.9375,6496
1994-08-01,110.9375,114.0625,109.375,112.5,112.5,1504
1994-08-02,112.5,112.5,104.6875,109.375,109.375,4392
1994-08-03,106.25,109.375,100.0,101.5625,101.5625,10112
1994-08-04,100.0,103.125,90.625,92.1875,92.1875,18392
1994-08-05,95.3125,98.4375,90.625,94.53125,94.53125,13944
1994-08-08,98.4375,100.0,92.1875,96.875,96.875,7992
1994-08-09,96.875,96.875,89.0625,92.1875,92.1875,16496
1994-08-10,87.5,90.625,67.1875,77.34375,77.34375,74496
1994-08-11,46.875,67.1875,46.875,64.0625,64.0625,118408
1994-08-12,60.9375,67.1875,59.375,62.5,62.5,49648
1994-08-15,60.9375,64.0625,59.375,64.0625,64.0625,21712
1994-08-16,64.0625,75.0,64.0625,70.3125,70.3125,25808
1994-08-17,75.0,78.125,71.875,73.4375,73.4375,20392
1994-08-18,75.0,76.5625,73.4375,73.4375,73.4375,11792
1994-08-19,75.0,82.8125,75.0,82.03125,82.03125,19376
1994-08-22,82.8125,89.0625,76.5625,79.6875,79.6875,23416
1994-08-23,79.6875,79.6875,73.4375,75.0,75.0,8264
1994-08-24,76.5625,79.6875,71.875,79.6875,79.6875,15240
1994-08-25,79.6875,79.6875,73.4375,75.0,75.0,12072
1994-08-26,75.0,76.5625,73.4375,73.4375,73.4375,1856
1994-08-29,73.4375,76.5625,73.4375,73.4375,73.4375,3080
1994-08-30,75.0,78.125,71.875,72.65625,72.65625,2112
1994-08-31,73.4375,74.21875,64.0625,67.96875,67.96875,8728
1994-09-01,68.75,68.75,60.9375,62.5,62.5,12232
1994-09-02,62.5,63.28125,59.375,60.9375,60.9375,6064
1994-09-06,63.28125,63.28125,56.25,56.25,56.25,26240
1994-09-07,56.25,60.9375,54.6875,60.9375,60.9375,14888
1994-09-08,62.5,65.625,57.03125,60.15625,60.15625,25432
1994-09-09,53.125,60.9375,53.125,59.375,59.375,13880
1994-09-12,56.25,60.15625,56.25,57.8125,57.8125,3008
1994-09-13,57.8125,60.15625,56.25,58.59375,58.59375,8112
1994-09-14,58.59375,59.375,57.8125,59.375,59.375,3464
1994-09-15,59.375,64.0625,58.59375,62.5,62.5,11064
1994-09-16,64.0625,64.0625,59.375,60.9375,60.9375,9640
1994-09-19,61.71875,61.71875,59.375,60.9375,60.9375,3968
1994-09-20,60.9375,62.5,59.375,61.71875,61.71875,2376
1994-09-21,61.71875,61.71875,59.375,60.15625,60.15625,2792
1994-09-22,61.71875,62.5,60.9375,62.5,62.5,2768
1994-09-23,62.5,64.0625,60.9375,63.28125,63.28125,12096
1994-09-26,60.9375,63.28125,58.59375,60.9375,60.9375,2016
1994-09-27,60.9375,62.5,57.8125,62.5,62.5,5048
1994-09-28,60.9375,64.0625,60.9375,62.5,62.5,12168
1994-09-29,62.5,62.5,60.9375,62.5,62.5,1632
1994-09-30,62.5,64.0625,60.9375,60.9375,60.9375,2224
1994-10-03,64.0625,64.0625,59.375,59.375,59.375,1408
1994-10-04,60.9375,60.9375,57.8125,57.8125,57.8125,3992
1994-10-05,56.25,59.375,54.6875,59.375,59.375,7080
1994-10-06,57.8125,60.9375,57.8125,60.9375,60.9375,3688
1994-10-07,57.8125,73.4375,57.8125,70.3125,70.3125,24280
1994-10-10,73.4375,76.5625,71.875,72.65625,72.65625,10952
1994-10-11,72.65625,74.21875,61.71875,61.71875,61.71875,8712
1994-10-12,64.84375,64.84375,60.9375,63.28125,63.28125,3360
1994-10-13,63.28125,65.625,62.5,62.5,62.5,3216
1994-10-14,60.9375,60.9375,59.375,60.9375,60.9375,3048
1994-10-17,60.9375,60.9375,56.25,60.15625,60.15625,3280
1994-10-18,61.71875,61.71875,57.8125,61.71875,61.71875,3144
1994-10-19,60.9375,63.28125,60.15625,60.9375,60.9375,2216
1994-10-20,63.28125,63.28125,59.375,59.375,59.375,3176
1994-10-21,59.375,63.28125,59.375,60.9375,60.9375,5912
1994-10-24,60.9375,62.5,58.59375,60.9375,60.9375,14160
1994-10-25,59.375,60.9375,56.25,57.8125,57.8125,10064
1994-10-26,58.59375,60.9375,57.8125,60.9375,60.9375,2864
1994-10-27,60.9375,61.71875,59.375,61.71875,61.71875,2656
1994-10-28,61.71875,63.28125,59.375,63.28125,63.28125,4648
1994-10-31,63.28125,63.28125,60.9375,60.9375,60.9375,432
1994-11-01,59.375,62.5,59.375,60.9375,60.9375,4104
1994-11-02,59.375,62.5,59.375,60.9375,60.9375,2472
1994-11-03,61.71875,61.71875,59.375,61.71875,61.71875,1528
1994-11-04,61.71875,62.5,59.375,61.71875,61.71875,2160
1994-11-07,61.71875,63.28125,60.9375,60.9375,60.9375,7600
1994-11-08,63.28125,63.28125,60.9375,62.5,62.5,4304
1994-11-09,60.9375,62.5,59.375,61.71875,61.71875,3480
1994-11-10,62.5,63.28125,59.375,61.71875,61.71875,3320
1994-11-11,61.71875,62.5,59.375,60.9375,60.9375,3080
1994-11-14,60.9375,62.5,60.9375,60.9375,60.9375,2920
1994-11-15,60.9375,62.5,60.9375,62.5,62.5,6232
1994-11-16,62.5,62.5,60.9375,62.5,62.5,6216
1994-11-17,60.9375,63.28125,60.9375,60.9375,60.9375,3248
1994-11-18,60.9375,62.5,60.9375,62.5,62.5,4616
1994-11-21,62.5,78.125,61.71875,73.4375,73.4375,31944
1994-11-22,75.0,78.125,71.875,73.4375,73.4375,17168
1994-11-23,70.3125,73.4375,68.75,71.09375,71.09375,6176
1994-11-25,72.65625,72.65625,69.53125,72.65625,72.65625,1680
1994-11-28,72.65625,72.65625,68.75,68.75,68.75,3264
1994-11-29,72.65625,75.0,68.75,75.0,75.0,7504
1994-11-30,76.5625,80.46875,75.0,75.0,75.0,11368
1994-12-01,76.5625,82.8125,76.5625,79.6875,79.6875,12208
1994-12-02,82.03125,92.96875,82.03125,92.1875,92.1875,30520
1994-12-05,92.96875,100.0,92.96875,96.09375,96.09375,22536
1994-12-06,96.875,96.875,89.0625,92.1875,92.1875,13808
1994-12-07,106.25,110.9375,89.0625,89.0625,89.0625,31264
1994-12-08,92.1875,93.75,83.59375,87.5,87.5,13952
1994-12-09,87.5,92.1875,84.375,87.5,87.5,8720
1994-12-12,87.5,90.625,84.375,86.71875,86.71875,6400
1994-12-13,86.71875,86.71875,82.8125,82.8125,82.8125,4040
1994-12-14,82.8125,85.15625,82.8125,84.375,84.375,3536
1994-12-15,84.375,85.9375,82.8125,82.8125,82.8125,7232
1994-12-16,84.375,84.375,81.25,84.375,84.375,4880
1994-12-19,82.8125,82.8125,79.6875,82.03125,82.03125,6288
1994-12-20,79.6875,82.8125,79.6875,82.8125,82.8125,5720
1994-12-21,81.25,82.03125,78.125,78.90625,78.90625,5112
1994-12-22,78.90625,82.03125,76.5625,76.5625,76.5625,10264
1994-12-23,76.5625,78.125,75.0,78.125,78.125,7256
1994-12-27,75.78125,78.125,75.0,78.125,78.125,2552
1994-12-28,75.0,78.90625,75.0,78.90625,78.90625,2504
1994-12-29,76.5625,82.8125,76.5625,81.25,81.25,4752
1994-12-30,78.125,78.90625,76.5625,78.90625,78.90625,9544
1995-01-03,76.5625,78.90625,76.5625,78.90625,78.90625,328
1995-01-04,77.34375,79.6875,75.0,76.5625,76.5625,5216
1995-01-05,79.6875,86.71875,77.34375,86.71875,86.71875,5816
1995-01-06,86.71875,89.0625,85.9375,88.28125,88.28125,8496
1995-01-09,87.5,87.5,84.375,84.375,84.375,3248
1995-01-10,87.5,87.5,82.8125,84.375,84.375,1312
1995-01-11,87.5,87.5,81.25,81.25,81.25,1800
1995-01-12,81.25,84.375,81.25,82.8125,82.8125,816
1995-01-13,82.8125,82.8125,79.6875,79.6875,79.6875,1360
1995-01-16,82.8125,84.375,81.25,84.375,84.375,576
1995-01-17,82.8125,84.375,82.8125,82.8125,82.8125,1000
1995-01-18,82.8125,84.375,81.25,82.8125,82.8125,2752
1995-01-19,82.03125,84.375,78.125,78.125,78.125,2928
1995-01-20,78.125,79.6875,73.4375,75.0,75.0,5088
1995-01-23,71.875,73.4375,67.1875,70.3125,70.3125,3056
1995-01-24,71.875,76.5625,70.3125,75.0,75.0,4968
1995-01-25,76.5625,82.03125,73.4375,79.6875,79.6875,5312
1995-01-26,80.46875,84.375,78.125,83.59375,83.59375,3848
1995-01-27,83.59375,84.375,79.6875,82.8125,82.8125,5632
1995-01-30,82.8125,82.8125,79.6875,82.8125,82.8125,4328
1995-01-31,80.46875,83.59375,79.6875,81.25,81.25,6352
1995-02-01,82.8125,85.9375,81.25,83.59375,83.59375,3960
1995-02-02,83.59375,84.375,79.6875,79.6875,79.6875,4792
1995-02-03,79.6875,81.25,78.90625,81.25,81.25,1000
1995-02-06,78.90625,84.375,78.90625,82.03125,82.03125,5664
1995-02-07,82.8125,83.59375,79.6875,82.8125,82.8125,6624
1995-02-08,81.25,82.8125,78.90625,78.90625,78.90625,2336
1995-02-09,80.46875,80.46875,78.90625,78.90625,78.90625,1584
1995-02-10,80.46875,80.46875,78.90625,80.46875,80.46875,2040
1995-02-13,78.90625,80.46875,77.34375,78.90625,78.90625,5296
1995-02-14,78.90625,78.90625,73.4375,77.34375,77.34375,4064
1995-02-15,75.0,78.125,74.21875,78.125,78.125,2840
1995-02-16,75.0,78.125,74.21875,77.34375,77.34375,2016
1995-02-17,75.78125,77.34375,73.4375,76.5625,76.5625,4936
1995-02-21,76.5625,76.5625,73.4375,76.5625,76.5625,2648
1995-02-22,75.78125,78.125,75.0,78.125,78.125,2232
1995-02-23,78.125,80.46875,76.5625,78.125,78.125,13712
1995-02-24,79.6875,81.25,76.5625,80.46875,80.46875,4456
1995-02-27,78.125,80.46875,76.5625,79.6875,79.6875,4448
1995-02-28,79.6875,81.25,76.5625,79.6875,79.6875,4904
1995-03-01,79.6875,81.25,78.125,78.90625,78.90625,10976
1995-03-02,78.125,78.125,75.0,77.34375,77.34375,1416
1995-03-03,79.6875,79.6875,75.78125,78.125,78.125,3592
1995-03-06,75.78125,78.125,72.65625,75.0,75.0,4072
1995-03-07,75.0,75.0,70.3125,73.4375,73.4375,10360
1995-03-08,71.875,78.90625,71.875,78.125,78.125,8880
1995-03-09,76.5625,79.6875,76.5625,78.90625,78.90625,2672
1995-03-10,78.90625,79.6875,75.78125,79.6875,79.6875,3984
1995-03-13,75.78125,79.6875,75.78125,78.125,78.125,712
1995-03-14,76.5625,79.6875,74.21875,78.125,78.125,4624
1995-03-15,77.34375,78.90625,73.4375,78.90625,78.90625,5456
1995-03-16,76.5625,79.6875,76.5625,79.6875,79.6875,3888
1995-03-17,78.90625,79.6875,75.0,76.5625,76.5625,3024
1995-03-20,78.125,78.125,75.0,77.34375,77.34375,2232
1995-03-21,75.0,78.125,73.4375,76.5625,76.5625,3208
1995-03-22,76.5625,78.125,75.0,75.0,75.0,3024
1995-03-23,75.78125,90.625,75.0,90.625,90.625,16872
1995-03-24,93.75,103.125,93.75,96.875,96.875,37480
1995-03-27,96.875,101.5625,93.75,96.875,96.875,16240
1995-03-28,103.125,103.125,92.1875,96.875,96.875,25272
1995-03-29,98.4375,98.4375,92.1875,95.3125,95.3125,17696
1995-03-30,95.3125,95.3125,85.9375,90.625,90.625,8776
1995-03-31,89.0625,90.625,85.9375,89.0625,89.0625,6080
1995-04-03,90.625,90.625,85.9375,89.0625,89.0625,3616
1995-04-04,89.0625,89.0625,85.9375,85.9375,85.9375,8296
1995-04-05,89.0625,89.0625,85.9375,87.5,87.5,5488
1995-04-06,89.0625,90.625,85.15625,85.15625,85.15625,8496
1995-04-07,87.5,89.0625,85.15625,87.5,87.5,2336
1995-04-10,88.28125,95.3125,85.9375,92.96875,92.96875,21176
1995-04-11,92.96875,94.53125,81.25,92.96875,92.96875,24104
1995-04-12,93.75,94.53125,91.40625,92.96875,92.96875,10656
1995-04-13,94.53125,94.53125,91.40625,92.1875,92.1875,10736
1995-04-17,93.75,93.75,90.625,93.75,93.75,7424
1995-04-18,93.75,93.75,90.625,92.1875,92.1875,7512
1995-04-19,92.96875,92.96875,90.625,90.625,90.625,2632
1995-04-20,89.0625,90.625,86.71875,89.0625,89.0625,2352
1995-04-21,89.0625,90.625,86.71875,90.625,90.625,2856
1995-04-24,88.28125,90.625,85.9375,87.5,87.5,4888
1995-04-25,87.5,89.84375,87.5,89.84375,89.84375,1440
1995-04-26,88.28125,89.84375,87.5,88.28125,88.28125,3856
1995-04-27,89.84375,89.84375,85.9375,85.9375,85.9375,11592
1995-04-28,87.5,87.5,82.8125,82.8125,82.8125,7136
1995-05-01,84.375,84.375,79.6875,81.25,81.25,3800
1995-05-02,82.03125,82.8125,79.6875,82.03125,82.03125,5416
1995-05-03,79.6875,82.8125,79.6875,82.8125,82.8125,4152
1995-05-04,82.8125,85.9375,82.03125,84.375,84.375,2992
1995-05-05,82.8125,84.375,82.03125,82.03125,82.03125,1752
1995-05-08,84.375,85.9375,82.03125,85.9375,85.9375,2048
1995-05-09,82.8125,85.9375,82.8125,85.9375,85.9375,1720
1995-05-10,82.8125,89.0625,82.8125,85.9375,85.9375,8312
1995-05-11,87.5,87.5,85.9375,87.5,87.5,1048
1995-05-12,85.9375,87.5,85.9375,87.5,87.5,1272
1995-05-15,85.9375,87.5,85.15625,86.71875,86.71875,1232
1995-05-16,85.15625,86.71875,85.15625,85.15625,85.15625,1768
1995-05-17,85.15625,85.15625,81.25,84.375,84.375,1320
1995-05-18,81.25,86.71875,81.25,86.71875,86.71875,3512
1995-05-19,84.375,86.71875,82.8125,84.375,84.375,2752
1995-05-22,83.59375,85.15625,82.03125,85.15625,85.15625,4720
1995-05-23,85.15625,86.71875,82.03125,86.71875,86.71875,6472
1995-05-24,84.375,86.71875,81.25,84.375,84.375,3992
1995-05-25,84.375,84.375,79.6875,84.375,84.375,3120
1995-05-26,79.6875,84.375,79.6875,84.375,84.375,712
1995-05-30,84.375,84.375,80.46875,82.8125,82.8125,2688
1995-05-31,80.46875,84.375,80.46875,84.375,84.375,984
1995-06-01,84.375,84.375,80.46875,84.375,84.375,1824
1995-06-02,81.25,87.5,79.6875,87.5,87.5,4776
1995-06-05,84.375,87.5,82.8125,85.9375,85.9375,6808
1995-06-06,85.9375,85.9375,82.8125,84.375,84.375,4640
1995-06-07,82.8125,84.375,81.25,83.59375,83.59375,3104
1995-06-08,82.03125,89.84375,81.25,88.28125,88.28125,24696
1995-06-09,89.0625,90.625,86.71875,89.0625,89.0625,17520
1995-06-12,89.0625,89.0625,86.71875,86.71875,86.71875,10440
1995-06-13,88.28125,88.28125,86.71875,88.28125,88.28125,7352
1995-06-14,88.28125,89.0625,85.9375,87.5,87.5,9280
1995-06-15,89.0625,89.0625,85.9375,87.5,87.5,3840
1995-06-16,85.9375,89.0625,85.9375,89.0625,89.0625,8328
1995-06-19,90.625,90.625,85.9375,88.28125,88.28125,8792
1995-06-20,85.9375,92.1875,85.9375,90.625,90.625,16600
1995-06-21,91.40625,92.1875,89.0625,92.1875,92.1875,5344
1995-06-22,92.1875,95.3125,91.40625,92.1875,92.1875,18248
1995-06-23,91.40625,96.875,89.0625,96.875,96.875,7504
1995-06-26,93.75,96.875,92.1875,92.1875,92.1875,12040
1995-06-27,95.3125,115.625,92.1875,106.25,106.25,75176
1995-06-28,109.375,117.1875,104.6875,110.9375,110.9375,36336
1995-06-29,112.5,117.1875,110.9375,114.0625,114.0625,21528
1995-06-30,115.625,126.5625,112.5,123.4375,123.4375,39064
1995-07-03,123.4375,128.125,121.875,128.125,128.125,7160
1995-07-05,126.5625,135.9375,126.5625,131.25,131.25,32592
1995-07-06,131.25,132.8125,112.5,117.1875,117.1875,24768
1995-07-07,118.75,126.5625,117.1875,126.5625,126.5625,13688
1995-07-10,126.5625,137.5,120.3125,120.3125,120.3125,19416
1995-07-11,125.0,128.125,120.3125,125.0,125.0,11832
1995-07-12,125.0,131.25,125.0,129.6875,129.6875,12256
1995-07-13,129.6875,129.6875,121.875,123.4375,123.4375,8152
1995-07-14,121.875,126.5625,115.625,117.1875,117.1875,15664
1995-07-17,115.625,120.3125,115.625,119.53125,119.53125,7328
1995-07-18,120.3125,120.3125,106.25,106.25,106.25,20864
1995-07-19,109.375,121.875,103.125,111.71875,111.71875,36688
1995-07-20,115.625,120.3125,114.0625,117.1875,117.1875,20680
1995-07-21,118.75,121.875,114.0625,114.0625,114.0625,15088
1995-07-24,112.5,120.3125,112.5,120.3125,120.3125,10984
1995-07-25,120.3125,120.3125,115.625,117.1875,117.1875,8192
1995-07-26,117.1875,121.875,114.0625,114.84375,114.84375,10496
1995-07-27,112.5,118.75,110.9375,112.5,112.5,7192
1995-07-28,110.9375,120.3125,107.8125,115.625,115.625,8216
1995-07-31,115.625,120.3125,115.625,120.3125,120.3125,4880
1995-08-01,117.1875,120.3125,112.5,115.625,115.625,4720
1995-08-02,112.5,117.1875,112.5,114.0625,114.0625,2168
1995-08-03,112.5,117.1875,110.9375,113.28125,113.28125,2032
1995-08-04,117.1875,117.1875,110.9375,115.625,115.625,3680
1995-08-07,110.9375,117.1875,110.9375,117.1875,117.1875,3240
1995-08-08,117.1875,117.1875,112.5,112.5,112.5,1392
1995-08-09,117.1875,118.75,112.5,115.625,115.625,4480
1995-08-10,118.75,118.75,112.5,112.5,112.5,2952
1995-08-11,115.625,117.1875,109.375,117.1875,117.1875,5216
1995-08-14,117.1875,120.3125,114.0625,117.1875,117.1875,11904
1995-08-15,117.1875,120.3125,112.5,115.625,115.625,9384
1995-08-16,115.625,115.625,109.375,110.9375,110.9375,5808
1995-08-17,114.0625,115.625,109.375,112.5,112.5,4616
1995-08-18,115.625,120.3125,112.5,118.75,118.75,8480
1995-08-21,120.3125,120.3125,115.625,118.75,118.75,3920
1995-08-22,118.75,118.75,114.0625,118.75,118.75,4192
1995-08-23,114.0625,118.75,114.0625,116.40625,116.40625,2208
1995-08-24,114.84375,118.75,114.0625,114.0625,114.0625,4480
1995-08-25,112.5,115.625,103.125,110.9375,110.9375,13704
1995-08-28,110.9375,115.625,107.8125,112.5,112.5,4240
1995-08-29,112.5,118.75,109.375,112.5,112.5,5296
1995-08-30,114.0625,114.0625,110.9375,110.9375,110.9375,1760
1995-08-31,109.375,121.875,109.375,120.3125,120.3125,15072
1995-09-01,117.1875,131.25,103.125,109.375,109.375,106720
1995-09-05,106.25,120.3125,104.6875,115.625,115.625,37864
1995-09-06,115.625,117.1875,110.9375,115.625,115.625,8944
1995-09-07,115.625,115.625,107.8125,110.9375,110.9375,4376
1995-09-08,108.59375,110.9375,106.25,110.9375,110.9375,6296
1995-09-11,107.8125,114.0625,107.8125,114.0625,114.0625,5048
1995-09-12,114.0625,114.0625,109.375,110.15625,110.15625,3272
1995-09-13,109.375,114.0625,104.6875,110.9375,110.9375,9400
1995-09-14,107.8125,112.5,107.8125,112.5,112.5,3048
1995-09-15,109.375,114.0625,107.8125,112.5,112.5,4320
1995-09-18,112.5,112.5,107.8125,109.375,109.375,2760
1995-09-19,110.9375,112.5,106.25,112.5,112.5,5248
1995-09-20,112.5,112.5,107.8125,112.5,112.5,1880
1995-09-21,109.375,112.5,107.8125,108.59375,108.59375,2904
1995-09-22,106.25,109.375,106.25,107.8125,107.8125,1872
1995-09-25,106.25,110.9375,106.25,109.375,109.375,1984
1995-09-26,107.8125,110.9375,104.6875,105.46875,105.46875,5680
1995-09-27,101.5625,104.6875,90.625,99.21875,99.21875,21488
1995-09-28,96.875,100.0,95.3125,98.4375,98.4375,3240
1995-09-29,95.3125,98.4375,95.3125,95.3125,95.3125,5384
1995-10-02,96.875,96.875,90.625,93.75,93.75,8712
1995-10-03,90.625,95.3125,85.9375,90.625,90.625,13024
1995-10-04,87.5,90.625,85.9375,89.0625,89.0625,5016
1995-10-05,89.0625,92.1875,87.5,90.625,90.625,3592
1995-10-06,92.1875,106.25,89.0625,101.5625,101.5625,16296
1995-10-09,98.4375,101.5625,95.3125,96.875,96.875,3064
1995-10-10,96.875,96.875,90.625,95.3125,95.3125,5416
1995-10-11,95.3125,96.875,92.1875,95.3125,95.3125,3184
1995-10-12,95.3125,100.0,95.3125,98.4375,98.4375,4696
1995-10-13,98.4375,98.4375,93.75,98.4375,98.4375,3792
1995-10-16,95.3125,98.4375,95.3125,96.875,96.875,3072
1995-10-17,100.0,100.0,95.3125,96.875,96.875,5280
1995-10-18,100.0,100.0,95.3125,98.4375,98.4375,2592
1995-10-19,93.75,96.875,93.75,95.3125,95.3125,1176
1995-10-20,95.3125,95.3125,85.9375,92.1875,92.1875,10504
1995-10-23,93.75,95.3125,90.625,90.625,90.625,4248
1995-10-24,95.3125,103.125,90.625,100.0,100.0,19904
1995-10-25,101.5625,104.6875,98.4375,100.0,100.0,10944
1995-10-26,101.5625,103.125,98.4375,98.4375,98.4375,4872
1995-10-27,100.0,103.125,96.875,103.125,103.125,2768
1995-10-30,103.125,109.375,103.125,106.25,106.25,11016
1995-10-31,106.25,107.8125,103.125,104.6875,104.6875,5016
1995-11-01,104.6875,107.8125,101.5625,101.5625,101.5625,2272
1995-11-02,104.6875,110.9375,101.5625,107.8125,107.8125,14768
1995-11-03,110.9375,115.625,107.8125,112.5,112.5,13272
1995-11-06,115.625,126.5625,112.5,125.0,125.0,38248
1995-11-07,134.375,139.0625,123.4375,129.6875,129.6875,79944
1995-11-08,132.8125,132.8125,118.75,118.75,118.75,18032
1995-11-09,121.875,126.5625,117.1875,126.5625,126.5625,8592
1995-11-10,126.5625,134.375,125.0,128.125,128.125,37024
1995-11-13,131.25,131.25,123.4375,126.5625,126.5625,9888
1995-11-14,125.0,126.5625,121.875,125.0,125.0,5216
1995-11-15,125.0,125.0,120.3125,121.875,121.875,7112
1995-11-16,123.4375,126.5625,120.3125,125.0,125.0,7240
1995-11-17,121.875,129.6875,121.875,126.5625,126.5625,9608
1995-11-20,132.8125,134.375,123.4375,123.4375,123.4375,11448
1995-11-21,123.4375,125.0,118.75,121.875,121.875,5800
1995-11-22,120.3125,121.875,115.625,117.1875,117.1875,6632
1995-11-24,118.75,120.3125,115.625,118.75,118.75,7176
1995-11-27,120.3125,125.0,120.3125,123.4375,123.4375,7304
1995-11-28,120.3125,128.125,120.3125,125.0,125.0,10456
1995-11-29,125.0,131.25,125.0,126.5625,126.5625,12168
1995-11-30,129.6875,129.6875,120.3125,121.875,121.875,14296
1995-12-01,120.3125,125.0,115.625,123.4375,123.4375,6808
1995-12-04,123.4375,128.125,120.3125,125.0,125.0,10336
1995-12-05,128.125,132.8125,125.0,126.5625,126.5625,17888
1995-12-06,126.5625,129.6875,121.875,121.875,121.875,6936
1995-12-07,125.0,126.5625,120.3125,121.875,121.875,7016
1995-12-08,125.0,131.25,121.875,126.5625,126.5625,15264
1995-12-11,129.6875,132.8125,125.0,128.125,128.125,6296
1995-12-12,128.125,131.25,125.0,128.125,128.125,9248
1995-12-13,126.5625,131.25,123.4375,123.4375,123.4375,11968
1995-12-14,123.4375,128.125,120.3125,125.0,125.0,6064
1995-12-15,125.0,125.0,120.3125,123.4375,123.4375,2240
1995-12-18,120.3125,125.0,114.0625,119.53125,119.53125,9336
1995-12-19,117.1875,120.3125,109.375,116.40625,116.40625,8536
1995-12-20,115.625,118.75,114.0625,118.75,118.75,3008
1995-12-21,115.625,121.875,115.625,121.875,121.875,4408
1995-12-22,118.75,126.5625,118.75,124.21875,124.21875,7672
1995-12-26,125.0,129.6875,123.4375,126.5625,126.5625,3560
1995-12-27,126.5625,126.5625,117.1875,118.75,118.75,5032
1995-12-28,120.3125,123.4375,114.0625,121.875,121.875,15456
1995-12-29,123.4375,123.4375,118.75,120.3125,120.3125,11248
1996-01-02,123.4375,129.6875,118.75,126.5625,126.5625,17160
1996-01-03,125.0,132.8125,125.0,125.78125,125.78125,10104
1996-01-04,128.125,128.125,123.4375,125.0,125.0,5824
1996-01-05,123.4375,126.5625,120.3125,123.4375,123.4375,4536
1996-01-08,128.125,131.25,125.0,131.25,131.25,3512
1996-01-09,128.125,139.0625,125.0,132.8125,132.8125,27928
1996-01-10,132.8125,132.8125,123.4375,127.34375,127.34375,21976
1996-01-11,131.25,135.9375,128.125,132.03125,132.03125,10496
1996-01-12,134.375,135.9375,129.6875,134.375,134.375,7936
1996-01-15,131.25,134.375,126.5625,131.25,131.25,7472
1996-01-16,129.6875,132.8125,125.0,129.6875,129.6875,6112
1996-01-17,128.90625,134.375,128.125,129.6875,129.6875,6448
1996-01-18,128.90625,132.8125,128.125,128.125,128.125,4720
1996-01-19,132.8125,132.8125,126.5625,128.125,128.125,5088
1996-01-22,126.5625,131.25,125.0,128.125,128.125,3504
1996-01-23,128.125,129.6875,125.0,128.125,128.125,7648
1996-01-24,129.6875,129.6875,121.875,125.0,125.0,6160
1996-01-25,126.5625,126.5625,120.3125,125.0,125.0,5432
1996-01-26,125.0,126.5625,122.65625,122.65625,122.65625,4928
1996-01-29,126.5625,126.5625,121.875,125.0,125.0,5400
1996-01-30,125.0,129.6875,121.875,126.5625,126.5625,18760
1996-01-31,129.6875,139.0625,126.5625,137.5,137.5,35360
1996-02-01,142.1875,145.3125,135.9375,137.5,137.5,35600
1996-02-02,140.625,140.625,135.9375,139.0625,139.0625,7744
1996-02-05,139.0625,143.75,135.9375,139.0625,139.0625,18248
1996-02-06,142.1875,142.1875,135.9375,139.0625,139.0625,7520
1996-02-07,139.0625,142.1875,135.9375,140.625,140.625,3096
1996-02-08,140.625,140.625,135.9375,137.5,137.5,3464
1996-02-09,137.5,137.5,132.8125,135.15625,135.15625,4896
1996-02-12,132.8125,135.9375,132.8125,135.9375,135.9375,4056
1996-02-13,131.25,134.375,126.5625,134.375,134.375,6312
1996-02-14,134.375,134.375,131.25,131.25,131.25,3904
1996-02-15,134.375,134.375,129.6875,132.8125,132.8125,4424
1996-02-16,131.25,131.25,126.5625,129.6875,129.6875,4808
1996-02-20,128.125,129.6875,125.0,128.125,128.125,8384
1996-02-21,129.6875,131.25,126.5625,131.25,131.25,4984
1996-02-22,131.25,137.5,131.25,134.375,134.375,15328
1996-02-23,134.375,135.9375,131.25,133.59375,133.59375,9480
1996-02-26,134.375,134.375,129.6875,131.25,131.25,9256
1996-02-27,132.8125,132.8125,129.6875,132.8125,132.8125,3624
1996-02-28,129.6875,132.8125,129.6875,131.25,131.25,2880
1996-02-29,129.6875,132.8125,126.5625,129.6875,129.6875,6608
1996-03-01,126.5625,129.6875,126.5625,128.125,128.125,5320
1996-03-04,128.125,131.25,128.125,131.25,131.25,2496
1996-03-05,128.125,129.6875,126.5625,128.125,128.125,4640
1996-03-06,129.6875,129.6875,126.5625,126.5625,126.5625,4528
1996-03-07,126.5625,126.5625,125.0,125.0,125.0,8528
1996-03-08,125.0,125.0,117.1875,121.875,121.875,9984
1996-03-11,118.75,126.5625,118.75,126.5625,126.5625,9872
1996-03-12,123.4375,131.25,121.875,125.0,125.0,8616
1996-03-13,126.5625,128.125,123.4375,124.21875,124.21875,3432
1996-03-14,125.0,126.5625,121.875,122.65625,122.65625,5584
1996-03-15,123.4375,125.0,121.875,121.875,121.875,10392
1996-03-18,125.0,125.0,120.3125,123.4375,123.4375,5992
1996-03-19,121.875,125.0,121.875,123.4375,123.4375,5032
1996-03-20,123.4375,123.4375,117.1875,120.3125,120.3125,6104
1996-03-21,120.3125,120.3125,117.1875,120.3125,120.3125,1552
1996-03-22,121.875,125.0,118.75,123.4375,123.4375,9840
1996-03-25,121.875,123.4375,120.3125,120.3125,120.3125,4552
1996-03-26,120.3125,125.0,120.3125,123.4375,123.4375,5304
1996-03-27,120.3125,125.0,120.3125,121.875,121.875,4168
1996-03-28,121.875,125.0,120.3125,123.4375,123.4375,7456
1996-03-29,125.0,126.5625,121.875,122.65625,122.65625,8624
1996-04-01,121.875,126.5625,121.875,123.4375,123.4375,4152
1996-04-02,123.4375,125.0,120.3125,123.4375,123.4375,5616
1996-04-03,123.4375,123.4375,120.3125,121.875,121.875,5280
1996-04-04,123.4375,123.4375,118.75,120.3125,120.3125,5656
1996-04-08,117.1875,120.3125,117.1875,117.1875,117.1875,7128
1996-04-09,118.75,123.4375,118.75,120.3125,120.3125,4360
1996-04-10,117.1875,125.0,117.1875,124.21875,124.21875,10832
1996-04-11,125.0,126.5625,121.875,121.875,121.875,7360
1996-04-12,125.0,126.5625,121.875,126.5625,126.5625,5432
1996-04-15,126.5625,126.5625,121.875,126.5625,126.5625,5080
1996-04-16,126.5625,126.5625,121.875,125.0,125.0,6560
1996-04-17,125.0,125.0,120.3125,121.875,121.875,5568
1996-04-18,123.4375,123.4375,118.75,121.875,121.875,9072
1996-04-19,121.875,123.4375,120.3125,121.875,121.875,13872
1996-04-22,121.875,123.4375,120.3125,120.3125,120.3125,2368
1996-04-23,120.3125,125.0,115.625,125.0,125.0,17608
1996-04-24,123.4375,132.8125,123.4375,129.6875,129.6875,21096
1996-04-25,128.125,131.25,126.5625,129.6875,129.6875,11008
1996-04-26,129.6875,132.8125,126.5625,132.8125,132.8125,31184
1996-04-29,132.8125,137.5,128.125,134.375,134.375,25248
1996-04-30,132.8125,151.5625,132.8125,150.0,150.0,53800
1996-05-01,157.8125,176.5625,154.6875,164.84375,164.84375,117376
1996-05-02,167.1875,170.3125,157.8125,162.5,162.5,32728
1996-05-03,159.375,162.5,148.4375,156.25,156.25,43640
1996-05-06,157.8125,170.3125,157.8125,162.5,162.5,39680
1996-05-07,168.75,168.75,156.25,159.375,159.375,14176
1996-05-08,156.25,164.0625,154.6875,164.0625,164.0625,18480
1996-05-09,164.0625,170.3125,159.375,160.9375,160.9375,28088
1996-05-10,162.5,168.75,162.5,164.0625,164.0625,14848
1996-05-13,165.625,171.875,162.5,168.75,168.75,21136
1996-05-14,173.4375,173.4375,159.375,160.15625,160.15625,18128
1996-05-15,162.5,164.0625,156.25,160.9375,160.9375,11216
1996-05-16,160.9375,170.3125,159.375,168.75,168.75,12664
1996-05-17,170.3125,171.875,165.625,170.3125,170.3125,11240
1996-05-20,167.1875,171.875,165.625,167.1875,167.1875,9160
1996-05-21,170.3125,170.3125,162.5,165.625,165.625,15816
1996-05-22,164.0625,167.1875,162.5,165.625,165.625,6648
1996-05-23,165.625,196.875,164.0625,192.1875,192.1875,106264
1996-05-24,207.8125,229.6875,207.8125,225.0,225.0,150424
1996-05-28,234.375,234.375,192.1875,214.0625,214.0625,107216
1996-05-29,214.0625,221.875,196.875,221.875,221.875,45272
1996-05-30,228.125,234.375,212.5,231.25,231.25,54352
1996-05-31,231.25,234.375,223.4375,232.8125,232.8125,31296
1996-06-03,232.8125,242.1875,228.125,237.5,237.5,44048
1996-06-04,240.625,245.3125,231.25,239.0625,239.0625,39976
1996-06-05,239.0625,245.3125,234.375,236.71875,236.71875,20792
1996-06-06,239.0625,239.0625,210.9375,216.40625,216.40625,46592
1996-06-07,215.625,226.5625,209.375,225.0,225.0,29728
1996-06-10,226.5625,243.75,226.5625,235.9375,235.9375,39760
1996-06-11,240.625,242.1875,234.375,239.0625,239.0625,12600
1996-06-12,239.0625,245.3125,231.25,235.9375,235.9375,33800
1996-06-13,235.9375,243.75,225.0,242.1875,242.1875,18552
1996-06-14,245.3125,246.875,234.375,240.625,240.625,19408
1996-06-17,243.75,246.875,228.125,231.25,231.25,24480
1996-06-18,243.75,243.75,203.125,209.375,209.375,27396
1996-06-19,209.375,209.375,178.125,200.0,200.0,35508
1996-06-20,203.125,204.6875,178.125,190.625,190.625,23980
1996-06-21,196.875,200.0,184.375,190.625,190.625,24904
1996-06-24,193.75,193.75,187.5,187.5,187.5,11080
1996-06-25,187.5,193.75,165.625,176.5625,176.5625,30480
1996-06-26,175.0,178.125,162.5,173.4375,173.4375,22664
1996-06-27,175.0,190.625,168.75,187.5,187.5,13912
1996-06-28,190.625,225.0,187.5,218.75,218.75,23116
1996-07-01,221.875,221.875,196.875,200.0,200.0,15808
1996-07-02,206.25,206.25,184.375,187.5,187.5,10676
1996-07-03,190.625,193.75,175.0,193.75,193.75,7440
1996-07-05,181.25,190.625,178.125,190.625,190.625,7180
1996-07-08,187.5,190.625,181.25,187.5,187.5,7596
1996-07-09,187.5,187.5,175.0,181.25,181.25,11504
1996-07-10,181.25,181.25,171.875,178.125,178.125,10564
1996-07-11,178.125,178.125,162.5,171.875,171.875,8156
1996-07-12,171.875,171.875,143.75,156.25,156.25,30768
1996-07-15,156.25,156.25,134.375,146.875,146.875,21468
1996-07-16,146.875,159.375,140.625,156.25,156.25,15240
1996-07-17,162.5,178.125,156.25,175.0,175.0,15568
1996-07-18,181.25,184.375,168.75,175.0,175.0,10024
1996-07-19,175.0,175.0,156.25,162.5,162.5,8588
1996-07-22,162.5,162.5,143.75,153.125,153.125,13108
1996-07-23,156.25,162.5,143.75,146.875,146.875,14192
1996-07-24,143.75,165.625,137.5,139.0625,139.0625,22916
1996-07-25,153.125,159.375,146.875,150.0,150.0,11644
1996-07-26,146.875,156.25,146.875,153.125,153.125,8864
1996-07-29,150.0,153.125,140.625,150.0,150.0,8880
1996-07-30,150.0,150.0,140.625,145.3125,145.3125,3976
1996-07-31,143.75,150.0,131.25,132.8125,132.8125,14760
1996-08-01,137.5,146.875,131.25,146.875,146.875,7352
1996-08-02,143.75,159.375,143.75,153.125,153.125,6676
1996-08-05,159.375,159.375,140.625,146.875,146.875,5564
1996-08-06,140.625,146.875,137.5,140.625,140.625,3812
1996-08-07,146.875,153.125,140.625,143.75,143.75,7740
1996-08-08,143.75,150.0,135.9375,150.0,150.0,3480
1996-08-09,150.0,159.375,143.75,150.0,150.0,8740
1996-08-12,153.125,159.375,143.75,153.125,153.125,5828
1996-08-13,153.125,153.125,146.875,150.0,150.0,2396
1996-08-14,153.125,159.375,150.0,159.375,159.375,4264
1996-08-15,159.375,162.5,150.0,159.375,159.375,4820
1996-08-16,153.125,159.375,150.0,150.0,150.0,3188
1996-08-19,156.25,156.25,150.0,153.125,153.125,2152
1996-08-20,153.125,159.375,150.0,156.25,156.25,3724
1996-08-21,159.375,159.375,153.125,153.125,153.125,2860
1996-08-22,159.375,159.375,143.75,150.0,150.0,3052
1996-08-23,153.125,156.25,143.75,146.875,146.875,4372
1996-08-26,146.875,156.25,146.875,154.6875,154.6875,3052
1996-08-27,156.25,156.25,150.0,151.5625,151.5625,4304
1996-08-28,156.25,159.375,150.0,150.0,150.0,4064
1996-08-29,156.25,156.25,146.875,156.25,156.25,3696
1996-08-30,159.375,165.625,150.0,156.25,156.25,8912
1996-09-03,156.25,162.5,150.0,159.375,159.375,4824
1996-09-04,165.625,175.0,159.375,171.875,171.875,13436
1996-09-05,171.875,175.0,165.625,171.875,171.875,6692
1996-09-06,171.875,181.25,168.75,171.875,171.875,12588
1996-09-09,178.125,178.125,165.625,168.75,168.75,5796
1996-09-10,168.75,171.875,162.5,165.625,165.625,4132
1996-09-11,168.75,171.875,162.5,167.1875,167.1875,5996
1996-09-12,165.625,171.875,162.5,171.875,171.875,6944
1996-09-13,175.0,178.125,165.625,170.3125,170.3125,5196
1996-09-16,171.875,171.875,162.5,165.625,165.625,4880
1996-09-17,171.875,171.875,159.375,168.75,168.75,8416
1996-09-18,165.625,168.75,162.5,168.75,168.75,3072
1996-09-19,168.75,168.75,159.375,159.375,159.375,5140
1996-09-20,159.375,168.75,159.375,165.625,165.625,4716
1996-09-23,168.75,171.875,162.5,171.875,171.875,7476
1996-09-24,171.875,175.0,165.625,165.625,165.625,7056
1996-09-25,171.875,171.875,167.1875,168.75,168.75,5888
1996-09-26,171.875,178.125,165.625,178.125,178.125,5772
1996-09-27,178.125,184.375,175.0,181.25,181.25,11960
1996-09-30,184.375,184.375,171.875,181.25,181.25,16528
1996-10-01,181.25,184.375,178.125,179.6875,179.6875,15076
1996-10-02,184.375,184.375,171.875,175.0,175.0,7084
1996-10-03,171.875,181.25,171.875,171.875,171.875,8860
1996-10-04,175.0,178.125,171.875,175.0,175.0,7356
1996-10-07,175.0,178.125,171.875,175.0,175.0,4044
1996-10-08,171.875,175.0,162.5,168.75,168.75,6360
1996-10-09,168.75,168.75,153.125,160.9375,160.9375,11228
1996-10-10,162.5,162.5,156.25,162.5,162.5,4392
1996-10-11,162.5,175.0,159.375,171.875,171.875,5840
1996-10-14,175.0,175.0,168.75,171.875,171.875,2144
1996-10-15,175.0,175.0,165.625,168.75,168.75,5444
1996-10-16,171.875,175.0,162.5,173.4375,173.4375,5240
1996-10-17,173.4375,178.125,170.3125,176.5625,176.5625,8756
1996-10-18,171.875,176.5625,171.875,173.4375,173.4375,4472
1996-10-21,171.875,175.0,167.1875,173.4375,173.4375,5988
1996-10-22,170.3125,173.4375,165.625,171.875,171.875,7416
1996-10-23,171.875,175.0,168.75,175.0,175.0,3580
1996-10-24,175.0,181.25,171.875,181.25,181.25,14876
1996-10-25,181.25,184.375,175.0,182.8125,182.8125,5324
1996-10-28,190.625,190.625,178.125,184.375,184.375,11544
1996-10-29,185.9375,185.9375,179.6875,181.25,181.25,12968
1996-10-30,182.8125,184.375,178.125,179.6875,179.6875,5984
1996-10-31,184.375,185.9375,178.125,178.90625,178.90625,16352
1996-11-01,181.25,182.8125,168.75,173.4375,173.4375,11588
1996-11-04,171.875,178.125,168.75,175.0,175.0,4924
1996-11-05,176.5625,176.5625,167.1875,167.1875,167.1875,7344
1996-11-06,168.75,173.4375,167.1875,167.1875,167.1875,2528
1996-11-07,167.1875,171.875,150.0,150.0,150.0,10596
1996-11-08,146.875,165.625,137.5,165.625,165.625,16232
1996-11-11,168.75,178.125,167.1875,171.875,171.875,7964
1996-11-12,173.4375,173.4375,157.8125,159.375,159.375,4932
1996-11-13,162.5,175.0,156.25,168.75,168.75,12780
1996-11-14,170.3125,175.0,168.75,171.875,171.875,4892
1996-11-15,168.75,173.4375,159.375,165.625,165.625,7428
1996-11-18,162.5,165.625,159.375,162.5,162.5,3584
1996-11-19,165.625,173.4375,159.375,162.5,162.5,6676
1996-11-20,157.8125,165.625,157.8125,160.9375,160.9375,6192
1996-11-21,164.0625,165.625,157.8125,165.625,165.625,3428
1996-11-22,159.375,165.625,156.25,156.25,156.25,8964
1996-11-25,162.5,165.625,159.375,162.5,162.5,6768
1996-11-26,160.9375,164.0625,154.6875,154.6875,154.6875,8532
1996-11-27,157.8125,157.8125,145.3125,146.875,146.875,8196
1996-11-29,146.875,151.5625,145.3125,150.0,150.0,6104
1996-12-02,146.875,150.0,137.5,143.75,143.75,12216
1996-12-03,140.625,143.75,128.125,137.5,137.5,13120
1996-12-04,140.625,150.0,135.9375,140.625,140.625,9268
1996-12-05,142.1875,145.3125,140.625,143.75,143.75,4540
1996-12-06,139.0625,145.3125,132.8125,137.5,137.5,7612
1996-12-09,145.3125,145.3125,135.9375,137.5,137.5,4528
1996-12-10,137.5,143.75,137.5,137.5,137.5,6476
1996-12-11,137.5,140.625,131.25,132.8125,132.8125,10540
1996-12-12,137.5,137.5,121.875,126.5625,126.5625,14256
1996-12-13,125.0,125.0,114.0625,118.75,118.75,23840
1996-12-16,120.3125,120.3125,93.75,98.4375,98.4375,32548
1996-12-17,96.875,115.625,96.875,112.5,112.5,33532
1996-12-18,112.5,125.0,112.5,120.3125,120.3125,13816
1996-12-19,121.875,131.25,115.625,125.0,125.0,18956
1996-12-20,131.25,131.25,125.0,126.5625,126.5625,7796
1996-12-23,129.6875,132.8125,121.875,125.0,125.0,9684
1996-12-24,123.4375,125.0,121.875,125.0,125.0,3280
1996-12-26,123.4375,128.125,112.5,115.625,115.625,7428
1996-12-27,115.625,115.625,106.25,115.625,115.625,7944
1996-12-30,115.625,118.75,109.375,118.75,118.75,12612
1996-12-31,114.0625,126.5625,112.5,123.4375,123.4375,13240
1997-01-02,128.125,135.9375,123.4375,131.25,131.25,5184
1997-01-03,132.8125,138.28125,128.125,129.6875,129.6875,5096
1997-01-06,134.375,134.375,121.875,125.78125,125.78125,3904
1997-01-07,128.125,128.125,121.875,125.0,125.0,3000
1997-01-08,128.125,128.125,121.875,125.0,125.0,4640
1997-01-09,125.0,131.25,121.875,131.25,131.25,4944
1997-01-10,128.125,132.8125,125.0,131.25,131.25,4664
1997-01-13,128.125,137.5,128.125,135.9375,135.9375,7472
1997-01-14,135.9375,175.0,132.8125,168.75,168.75,46492
1997-01-15,178.125,184.375,168.75,175.0,175.0,61136
1997-01-16,175.0,179.6875,159.375,162.5,162.5,21176
1997-01-17,162.5,165.625,150.0,165.625,165.625,19592
1997-01-20,165.625,173.4375,162.5,170.3125,170.3125,15576
1997-01-21,170.3125,170.3125,164.0625,167.1875,167.1875,7696
1997-01-22,168.75,178.125,167.1875,175.0,175.0,13084
1997-01-23,170.3125,178.125,168.75,173.4375,173.4375,11044
1997-01-24,173.4375,176.5625,170.3125,173.4375,173.4375,8460
1997-01-27,175.0,181.25,171.875,173.4375,173.4375,9536
1997-01-28,171.875,178.125,165.625,165.625,165.625,6836
1997-01-29,165.625,170.3125,162.5,162.5,162.5,2844
1997-01-30,168.75,173.4375,165.625,171.875,171.875,5968
1997-01-31,173.4375,173.4375,167.1875,171.875,171.875,8312
1997-02-03,171.875,173.4375,165.625,170.3125,170.3125,5920
1997-02-04,165.625,170.3125,162.5,164.0625,164.0625,3312
1997-02-05,162.5,165.625,154.6875,157.8125,157.8125,5440
1997-02-06,162.5,162.5,154.6875,157.8125,157.8125,4912
1997-02-07,157.8125,162.5,151.5625,156.25,156.25,10788
1997-02-10,156.25,162.5,153.125,154.6875,154.6875,6224
1997-02-11,162.5,164.0625,151.5625,162.5,162.5,8660
1997-02-12,165.625,181.25,159.375,174.609375,174.609375,33452
1997-02-13,181.25,181.25,162.5,162.5,162.5,12356
1997-02-14,171.875,173.4375,164.0625,167.1875,167.1875,9448
1997-02-18,175.0,181.25,168.75,171.875,171.875,12488
1997-02-19,173.4375,175.0,168.75,168.75,168.75,5892
1997-02-20,168.75,171.875,162.5,165.625,165.625,4324
1997-02-21,168.75,168.75,159.375,160.9375,160.9375,4588
1997-02-24,160.9375,165.625,159.375,162.5,162.5,5208
1997-02-25,165.625,165.625,150.0,151.5625,151.5625,9344
1997-02-26,151.5625,159.375,150.0,153.125,153.125,10232
1997-02-27,156.25,170.3125,156.25,162.5,162.5,13956
1997-02-28,159.375,168.75,159.375,167.1875,167.1875,6532
1997-03-03,162.5,165.625,159.375,162.5,162.5,4600
1997-03-04,164.0625,164.0625,156.25,156.25,156.25,3844
1997-03-05,162.5,162.5,151.5625,156.25,156.25,3920
1997-03-06,153.125,157.8125,148.4375,153.125,153.125,8492
1997-03-07,148.4375,157.8125,148.4375,151.5625,151.5625,4772
1997-03-10,157.8125,165.625,153.125,164.0625,164.0625,5980
1997-03-11,165.625,165.625,156.25,165.625,165.625,5612
1997-03-12,159.375,171.875,159.375,168.75,168.75,9540
1997-03-13,164.0625,170.3125,162.5,162.5,162.5,13844
1997-03-14,168.75,168.75,162.5,167.1875,167.1875,3920
1997-03-17,168.75,168.75,159.375,165.625,165.625,1484
1997-03-18,165.625,165.625,153.125,157.8125,157.8125,4692
1997-03-19,156.25,165.625,154.6875,162.5,162.5,9788
1997-03-20,162.5,162.5,153.125,153.125,153.125,3728
1997-03-21,156.25,156.25,150.0,156.25,156.25,5752
1997-03-24,154.6875,159.375,148.4375,148.4375,148.4375,5544
1997-03-25,150.0,154.6875,143.75,151.5625,151.5625,5948
1997-03-26,154.6875,156.25,150.0,156.25,156.25,2476
1997-03-27,150.0,157.8125,146.875,153.125,153.125,2724
1997-03-31,148.4375,148.4375,132.8125,135.9375,135.9375,10744
1997-04-01,134.375,140.625,129.6875,134.375,134.375,5916
1997-04-02,134.375,134.375,120.3125,128.125,128.125,10720
1997-04-03,131.25,131.25,123.4375,131.25,131.25,5600
1997-04-04,131.25,137.5,125.0,131.25,131.25,9728
1997-04-07,137.5,143.75,131.25,135.9375,135.9375,3260
1997-04-08,137.5,137.5,128.125,131.25,131.25,6852
1997-04-09,131.25,132.8125,128.125,132.8125,132.8125,2540
1997-04-10,129.6875,137.5,126.5625,134.375,134.375,5120
1997-04-11,134.375,134.375,125.0,129.6875,129.6875,5560
1997-04-14,128.125,131.25,125.0,125.0,125.0,4336
1997-04-15,125.0,129.6875,125.0,128.125,128.125,5696
1997-04-16,128.125,128.125,120.3125,126.5625,126.5625,4364
1997-04-17,125.0,128.125,118.75,121.875,121.875,5036
1997-04-18,118.75,125.0,118.75,121.875,121.875,3596
1997-04-21,120.3125,125.0,109.375,109.375,109.375,6524
1997-04-22,112.5,120.3125,106.25,120.3125,120.3125,7420
1997-04-23,117.1875,129.6875,115.625,128.125,128.125,5684
1997-04-24,128.125,135.9375,128.125,135.9375,135.9375,3492
1997-04-25,135.9375,137.5,131.25,134.375,134.375,2116
1997-04-28,140.625,140.625,128.125,131.25,131.25,2108
1997-04-29,128.125,132.8125,120.3125,123.4375,123.4375,2612
1997-04-30,121.875,125.0,110.9375,112.5,112.5,5320
1997-05-01,112.5,128.125,112.5,120.3125,120.3125,5500
1997-05-02,125.0,134.375,125.0,131.25,131.25,5636
1997-05-05,128.125,137.5,125.0,135.9375,135.9375,5168
1997-05-06,132.8125,140.625,129.6875,135.9375,135.9375,3452
1997-05-07,131.25,139.0625,126.5625,128.125,128.125,3520
1997-05-08,128.125,134.375,128.125,131.25,131.25,2400
1997-05-09,131.25,131.25,126.5625,128.125,128.125,2828
1997-05-12,126.5625,131.25,125.0,126.5625,126.5625,4660
1997-05-13,125.0,131.25,121.875,128.125,128.125,3956
1997-05-14,128.125,128.125,121.875,123.4375,123.4375,4592
1997-05-15,123.4375,128.125,120.3125,121.875,121.875,5728
1997-05-16,120.3125,126.5625,120.3125,125.0,125.0,6552
1997-05-19,125.0,129.6875,120.3125,125.0,125.0,2988
1997-05-20,118.75,123.4375,115.625,121.875,121.875,5052
1997-05-21,123.4375,125.0,118.75,125.0,125.0,3644
1997-05-22,125.0,137.5,118.75,134.375,134.375,7924
1997-05-23,137.5,146.875,134.375,145.3125,145.3125,12444
1997-05-27,145.3125,145.3125,134.375,134.375,134.375,5604
1997-05-28,131.25,139.0625,131.25,137.5,137.5,2580
1997-05-29,139.0625,139.0625,131.25,131.25,131.25,2308
1997-05-30,131.25,135.9375,129.6875,129.6875,129.6875,3468
1997-06-02,132.8125,132.8125,128.125,132.8125,132.8125,3324
1997-06-03,128.125,131.25,125.0,128.125,128.125,2296
1997-06-04,128.125,132.8125,126.5625,131.25,131.25,3916
1997-06-05,128.125,132.8125,126.5625,131.25,131.25,3556
1997-06-06,131.25,132.8125,125.0,128.125,128.125,6244
1997-06-09,129.6875,143.75,125.0,139.0625,139.0625,8068
1997-06-10,135.9375,145.3125,135.9375,143.75,143.75,9452
1997-06-11,139.0625,145.3125,139.0625,142.1875,142.1875,4224
1997-06-12,140.625,145.3125,129.6875,142.1875,142.1875,16888
1997-06-13,143.75,146.875,137.5,142.1875,142.1875,10724
1997-06-16,143.75,145.3125,137.5,143.75,143.75,4800
1997-06-17,140.625,143.75,134.375,135.9375,135.9375,3984
1997-06-18,139.0625,139.0625,129.6875,129.6875,129.6875,3188
1997-06-19,134.375,134.375,125.0,128.125,128.125,5808
1997-06-20,126.5625,135.9375,123.4375,129.6875,129.6875,5124
1997-06-23,129.6875,134.375,125.0,126.5625,126.5625,7056
1997-06-24,128.125,131.25,123.4375,125.78125,125.78125,7560
1997-06-25,125.0,131.25,124.21875,125.0,125.0,3588
1997-06-26,126.5625,126.5625,123.4375,123.4375,123.4375,5084
1997-06-27,123.4375,125.0,120.3125,123.4375,123.4375,4156
1997-06-30,125.0,135.9375,118.75,135.9375,135.9375,7604
1997-07-01,131.25,143.75,128.125,139.0625,139.0625,5716
1997-07-02,134.375,139.0625,131.25,137.5,137.5,3384
1997-07-03,131.25,139.0625,131.25,137.5,137.5,1080
1997-07-07,132.8125,134.375,125.0,129.6875,129.6875,2904
1997-07-08,125.0,129.6875,121.875,129.6875,129.6875,2204
1997-07-09,126.5625,129.6875,121.875,125.0,125.0,6044
1997-07-10,121.875,126.5625,118.75,121.875,121.875,5616
1997-07-11,121.875,129.6875,118.75,128.125,128.125,5452
1997-07-14,126.5625,131.25,121.875,125.0,125.0,6596
1997-07-15,126.5625,126.5625,121.875,126.5625,126.5625,5652
1997-07-16,125.0,134.375,125.0,129.6875,129.6875,8144
1997-07-17,128.125,132.8125,126.5625,132.8125,132.8125,5008
1997-07-18,132.8125,140.625,128.125,134.375,134.375,11640
1997-07-21,128.125,135.9375,128.125,131.25,131.25,4240
1997-07-22,126.5625,134.375,126.5625,132.8125,132.8125,5796
1997-07-23,132.8125,137.5,126.5625,131.25,131.25,8160
1997-07-24,131.25,131.25,123.4375,128.125,128.125,5068
1997-07-25,128.125,134.375,121.875,126.5625,126.5625,7912
1997-07-28,126.5625,126.5625,118.75,118.75,118.75,4668
1997-07-29,118.75,126.5625,118.75,123.4375,123.4375,5488
1997-07-30,123.4375,128.125,123.4375,125.0,125.0,4512
1997-07-31,125.0,128.125,123.4375,123.4375,123.4375,2272
1997-08-01,125.0,125.0,120.3125,125.0,125.0,3056
1997-08-04,125.0,128.125,120.3125,128.125,128.125,4876
1997-08-05,128.125,129.6875,123.4375,127.734375,127.734375,6432
1997-08-06,125.0,128.125,121.875,125.0,125.0,5772
1997-08-07,123.4375,125.0,117.1875,118.75,118.75,4520
1997-08-08,117.1875,121.875,115.625,117.96875,117.96875,2408
1997-08-11,121.875,121.875,114.0625,114.0625,114.0625,4044
1997-08-12,117.1875,117.1875,110.9375,114.0625,114.0625,5112
1997-08-13,112.5,117.1875,110.9375,115.625,115.625,5496
1997-08-14,117.1875,125.0,114.0625,125.0,125.0,4092
1997-08-15,120.3125,125.0,117.1875,123.4375,123.4375,1192
1997-08-18,120.3125,121.875,117.1875,120.3125,120.3125,1028
1997-08-19,121.875,121.875,114.0625,118.75,118.75,4520
1997-08-20,118.75,118.75,112.5,115.625,115.625,2776
1997-08-21,112.5,115.625,110.9375,114.0625,114.0625,4432
1997-08-22,107.8125,115.625,103.125,115.625,115.625,5340
1997-08-25,115.625,115.625,109.375,114.0625,114.0625,4744
1997-08-26,109.375,114.0625,104.6875,104.6875,104.6875,6768
1997-08-27,106.25,109.375,104.6875,109.375,109.375,6324
1997-08-28,109.375,115.625,107.8125,112.5,112.5,3120
1997-08-29,112.5,117.1875,109.375,114.0625,114.0625,5200
1997-09-02,114.0625,123.4375,110.9375,118.75,118.75,9216
1997-09-03,118.75,125.0,109.375,112.5,112.5,9704
1997-09-04,112.5,118.75,109.375,115.625,115.625,3232
1997-09-05,114.0625,121.875,114.0625,118.75,118.75,3248
1997-09-08,118.75,120.3125,112.5,118.75,118.75,3932
1997-09-09,112.5,118.75,112.5,114.0625,114.0625,5232
1997-09-10,112.5,118.75,112.5,117.1875,117.1875,7108
1997-09-11,118.75,121.875,114.0625,117.1875,117.1875,5840
1997-09-12,121.875,125.0,115.625,125.0,125.0,7200
1997-09-15,125.0,128.125,121.875,126.5625,126.5625,7580
1997-09-16,125.78125,131.25,125.0,131.25,131.25,9620
1997-09-17,128.125,131.25,123.4375,125.0,125.0,4636
1997-09-18,123.4375,129.6875,121.875,128.125,128.125,5084
1997-09-19,126.5625,128.125,125.0,127.34375,127.34375,7036
1997-09-22,125.0,127.34375,117.1875,123.4375,123.4375,11216
1997-09-23,123.4375,126.5625,121.875,126.5625,126.5625,3856
1997-09-24,126.5625,128.125,125.0,128.125,128.125,9916
1997-09-25,125.0,131.25,125.0,130.46875,130.46875,5800
1997-09-26,128.125,129.6875,126.5625,128.90625,128.90625,3992
1997-09-29,126.5625,129.6875,126.5625,128.125,128.125,5624
1997-09-30,125.0,128.125,125.0,126.5625,126.5625,7500
1997-10-01,126.5625,129.6875,126.5625,126.5625,126.5625,5160
1997-10-02,128.125,128.125,125.0,126.5625,126.5625,8916
1997-10-03,126.5625,128.125,126.5625,128.125,128.125,4480
1997-10-06,128.125,128.125,125.0,128.125,128.125,4224
1997-10-07,126.5625,128.125,121.09375,121.09375,121.09375,6068
1997-10-08,121.09375,125.0,118.75,121.875,121.875,4584
1997-10-09,118.75,125.0,118.75,125.0,125.0,2276
1997-10-10,123.4375,128.125,123.4375,125.0,125.0,1364
1997-10-13,123.4375,129.6875,123.4375,128.125,128.125,4308
1997-10-14,125.0,128.125,120.3125,123.4375,123.4375,8284
1997-10-15,125.0,125.0,120.3125,121.875,121.875,3256
1997-10-16,118.75,125.0,118.75,125.0,125.0,4528
1997-10-17,121.875,125.0,120.3125,121.875,121.875,4120
1997-10-20,120.3125,123.4375,118.75,121.875,121.875,6720
1997-10-21,123.4375,123.4375,120.3125,121.875,121.875,3136
1997-10-22,120.3125,123.4375,120.3125,120.3125,120.3125,1308
1997-10-23,118.75,121.875,117.1875,121.875,121.875,2760
1997-10-24,121.875,123.4375,118.75,118.75,118.75,3412
1997-10-27,118.75,118.75,103.125,106.25,106.25,6628
1997-10-28,95.3125,114.0625,90.625,114.0625,114.0625,11916
1997-10-29,118.75,121.875,109.375,112.5,112.5,6392
1997-10-30,106.25,117.1875,106.25,110.9375,110.9375,2252
1997-10-31,110.9375,118.75,109.375,118.75,118.75,4096
1997-11-03,114.0625,118.75,112.5,112.5,112.5,3548
1997-11-04,114.0625,115.625,107.8125,109.375,109.375,3460
1997-11-05,112.5,112.5,103.125,103.125,103.125,4048
1997-11-06,103.125,109.375,93.75,105.46875,105.46875,12680
1997-11-07,103.125,106.25,98.4375,100.0,100.0,4584
1997-11-10,98.4375,101.5625,90.625,93.75,93.75,7860
1997-11-11,98.4375,98.4375,90.625,92.1875,92.1875,10340
1997-11-12,93.75,93.75,81.25,84.375,84.375,11580
1997-11-13,89.0625,106.25,85.9375,100.0,100.0,12112
1997-11-14,103.125,106.25,100.0,106.25,106.25,4100
1997-11-17,103.125,109.375,100.0,102.734375,102.734375,4064
1997-11-18,104.6875,106.25,100.0,103.125,103.125,7112
1997-11-19,100.0,103.125,93.75,93.75,93.75,3548
1997-11-20,100.0,100.0,90.625,95.3125,95.3125,2520
1997-11-21,96.875,96.875,87.5,89.0625,89.0625,6504
1997-11-24,87.5,93.75,87.5,92.1875,92.1875,9856
1997-11-25,89.0625,93.75,84.375,93.75,93.75,5876
1997-11-26,93.75,96.875,89.0625,89.0625,89.0625,6440
1997-11-28,96.875,96.875,87.5,89.0625,89.0625,1552
1997-12-01,89.0625,92.1875,81.25,81.25,81.25,9324
1997-12-02,81.25,87.5,79.6875,85.15625,85.15625,11224
1997-12-03,87.5,104.6875,84.375,104.6875,104.6875,15044
1997-12-04,103.125,104.6875,87.5,93.75,93.75,13332
1997-12-05,95.3125,100.0,90.625,98.4375,98.4375,6328
1997-12-08,96.875,100.0,95.3125,95.3125,95.3125,6064
1997-12-09,93.75,98.4375,91.40625,93.75,93.75,5028
1997-12-10,96.875,98.4375,84.375,87.5,87.5,8544
1997-12-11,85.9375,92.1875,81.25,84.375,84.375,13956
1997-12-12,84.375,90.625,81.25,85.15625,85.15625,6620
1997-12-15,84.375,85.9375,79.6875,82.8125,82.8125,9256
1997-12-16,84.375,87.5,78.125,82.8125,82.8125,10628
1997-12-17,82.8125,84.375,79.6875,82.8125,82.8125,7984
1997-12-18,82.8125,82.8125,75.0,79.6875,79.6875,15712
1997-12-19,75.78125,85.9375,75.0,84.375,84.375,9232
1997-12-22,81.25,89.0625,78.125,78.125,78.125,13508
1997-12-23,81.25,82.03125,75.0,82.03125,82.03125,12112
1997-12-24,81.25,82.8125,79.6875,82.8125,82.8125,11304
1997-12-26,81.25,81.25,76.5625,78.125,78.125,3512
1997-12-29,76.5625,79.6875,75.0,75.0,75.0,8480
1997-12-30,75.0,77.34375,68.75,73.4375,73.4375,23456
1997-12-31,73.4375,89.84375,71.875,87.5,87.5,23372
1998-01-02,89.0625,90.625,84.375,86.71875,86.71875,4292
1998-01-05,85.9375,90.625,85.9375,87.5,87.5,3012
1998-01-06,84.375,89.0625,84.375,89.0625,89.0625,3812
1998-01-07,87.5,89.0625,84.375,84.375,84.375,2664
1998-01-08,87.5,87.5,81.25,81.25,81.25,3176
1998-01-09,81.25,84.375,75.0,76.5625,76.5625,7036
1998-01-12,75.0,76.5625,71.875,76.5625,76.5625,5064
1998-01-13,73.4375,84.375,73.4375,82.8125,82.8125,5964
1998-01-14,87.5,87.5,78.125,82.8125,82.8125,3244
1998-01-15,82.8125,85.15625,78.125,81.25,81.25,4240
1998-01-16,81.25,81.25,78.125,79.6875,79.6875,1412
1998-01-20,78.125,87.5,78.125,83.59375,83.59375,6964
1998-01-21,82.8125,84.375,79.6875,81.25,81.25,2984
1998-01-22,77.34375,80.46875,76.5625,78.125,78.125,2920
1998-01-23,78.125,84.375,78.125,81.25,81.25,4160
1998-01-26,78.125,81.25,78.125,78.125,78.125,1568
1998-01-27,78.125,81.25,75.0,81.25,81.25,3012
1998-01-28,76.5625,79.6875,74.21875,78.125,78.125,6752
1998-01-29,78.125,78.125,69.53125,75.78125,75.78125,9100
1998-01-30,73.4375,73.4375,59.375,64.0625,64.0625,14128
1998-02-02,76.5625,78.125,65.625,68.75,68.75,8240
1998-02-03,71.875,71.875,44.53125,53.125,53.125,22012
1998-02-04,53.125,56.25,50.0,53.125,53.125,21072
1998-02-05,53.125,60.9375,51.5625,56.25,56.25,13164
1998-02-06,57.03125,59.375,53.125,59.375,59.375,14384
1998-02-09,59.375,60.9375,56.25,60.9375,60.9375,4844
1998-02-10,61.71875,70.3125,59.375,70.3125,70.3125,18736
1998-02-11,73.4375,76.5625,71.875,75.78125,75.78125,9416
1998-02-12,75.0,75.78125,73.4375,75.78125,75.78125,7192
1998-02-13,76.5625,76.5625,70.3125,71.875,71.875,2592
1998-02-17,70.3125,73.4375,62.5,67.96875,67.96875,4328
1998-02-18,68.75,70.3125,62.5,67.1875,67.1875,5456
1998-02-19,67.1875,70.3125,64.0625,67.1875,67.1875,6580
1998-02-20,70.3125,71.875,64.0625,67.1875,67.1875,3436
1998-02-23,67.1875,68.75,63.28125,68.75,68.75,2764
1998-02-24,68.75,68.75,64.0625,67.1875,67.1875,1624
1998-02-25,62.5,67.1875,62.5,62.5,62.5,1256
1998-02-26,67.1875,67.1875,60.9375,65.625,65.625,4412
1998-02-27,65.625,65.625,57.8125,61.71875,61.71875,3328
1998-03-02,62.5,64.0625,54.6875,56.25,56.25,8128
1998-03-03,56.25,64.0625,53.90625,63.28125,63.28125,7604
1998-03-04,63.28125,65.625,62.5,65.625,65.625,4332
1998-03-05,65.625,65.625,60.9375,60.9375,60.9375,2624
1998-03-06,59.375,73.4375,59.375,71.875,71.875,12292
1998-03-09,71.875,81.25,68.75,78.125,78.125,9256
1998-03-10,75.0,81.25,73.4375,73.4375,73.4375,5912
1998-03-11,75.0,76.5625,71.875,73.4375,73.4375,2396
1998-03-12,73.4375,75.0,70.3125,73.4375,73.4375,2264
1998-03-13,68.75,76.5625,68.75,75.0,75.0,4888
1998-03-16,76.5625,89.0625,68.75,87.5,87.5,19304
1998-03-17,84.375,109.375,81.25,106.25,106.25,21672
1998-03-18,109.375,115.625,98.4375,100.0,100.0,22752
1998-03-19,98.4375,100.0,82.8125,82.8125,82.8125,12492
1998-03-20,89.0625,89.0625,69.53125,71.875,71.875,14864
1998-03-23,78.125,81.25,68.75,70.3125,70.3125,8856
1998-03-24,71.875,75.0,65.625,65.625,65.625,7860
1998-03-25,70.3125,71.875,65.625,70.3125,70.3125,3368
1998-03-26,70.3125,77.34375,70.3125,76.5625,76.5625,7336
1998-03-27,78.125,81.25,75.78125,77.34375,77.34375,3780
1998-03-30,78.125,80.46875,75.0,78.90625,78.90625,3888
1998-03-31,79.6875,85.9375,78.125,84.375,84.375,3096
1998-04-01,85.9375,92.96875,82.03125,88.28125,88.28125,7236
1998-04-02,89.84375,89.84375,83.59375,84.375,84.375,3500
1998-04-03,83.59375,85.9375,78.90625,79.6875,79.6875,1940
1998-04-06,78.90625,84.375,72.65625,75.0,75.0,3820
1998-04-07,76.5625,78.125,71.875,78.125,78.125,3476
1998-04-08,79.6875,79.6875,71.875,75.0,75.0,2312
1998-04-09,71.875,77.34375,68.75,71.875,71.875,3456
1998-04-13,75.0,75.0,69.53125,72.65625,72.65625,2424
1998-04-14,75.0,79.6875,71.875,75.0,75.0,7740
1998-04-15,76.5625,77.34375,68.75,75.0,75.0,4840
1998-04-16,75.0,75.0,71.875,73.4375,73.4375,1180
1998-04-17,72.65625,76.5625,72.65625,73.4375,73.4375,3000
1998-04-20,75.0,76.5625,73.4375,73.4375,73.4375,2228
1998-04-21,75.0,75.78125,70.3125,75.0,75.0,4152
1998-04-22,71.875,75.0,70.3125,71.875,71.875,2324
1998-04-23,70.3125,75.0,70.3125,72.65625,72.65625,3312
1998-04-24,72.65625,72.65625,68.75,71.875,71.875,1368
1998-04-27,68.75,73.4375,68.75,69.53125,69.53125,4252
1998-04-28,68.75,74.21875,68.75,71.875,71.875,1720
1998-04-29,69.53125,70.3125,67.1875,70.3125,70.3125,4832
1998-04-30,68.75,73.4375,67.1875,70.3125,70.3125,4560
1998-05-01,68.75,73.4375,68.75,73.4375,73.4375,844
1998-05-04,69.53125,75.0,69.53125,72.65625,72.65625,2916
1998-05-05,72.65625,85.9375,70.3125,84.375,84.375,11452
1998-05-06,89.0625,92.1875,79.6875,86.71875,86.71875,15384
1998-05-07,84.375,100.0,81.25,92.1875,92.1875,16904
1998-05-08,95.3125,96.875,84.375,90.625,90.625,7236
1998-05-11,90.625,93.75,87.5,89.0625,89.0625,2936
1998-05-12,90.625,90.625,81.25,87.5,87.5,3908
1998-05-13,84.375,87.5,79.6875,84.375,84.375,3788
1998-05-14,81.25,93.75,81.25,92.1875,92.1875,4844
1998-05-15,93.75,101.5625,90.625,101.5625,101.5625,17232
1998-05-18,103.125,103.125,87.5,90.625,90.625,9244
1998-05-19,93.75,93.75,87.5,93.75,93.75,2836
1998-05-20,93.75,93.75,88.28125,92.1875,92.1875,2872
1998-05-21,89.0625,89.0625,84.375,87.5,87.5,3068
1998-05-22,84.375,87.5,81.25,87.5,87.5,4408
1998-05-26,84.375,84.375,78.125,81.25,81.25,2240
1998-05-27,78.125,79.6875,73.4375,78.125,78.125,5296
1998-05-28,75.0,79.6875,75.0,78.125,78.125,2716
1998-05-29,81.25,84.375,79.6875,84.375,84.375,5528
1998-06-01,84.375,84.375,78.125,81.25,81.25,3164
1998-06-02,78.125,82.8125,75.0,82.8125,82.8125,3144
1998-06-03,82.8125,82.8125,75.0,76.5625,76.5625,3460
1998-06-04,76.5625,76.5625,70.3125,73.4375,73.4375,10284
1998-06-05,73.4375,73.4375,68.75,73.4375,73.4375,5216
1998-06-08,73.4375,73.4375,64.0625,65.625,65.625,10736
1998-06-09,70.3125,71.875,68.75,70.3125,70.3125,8624
1998-06-10,70.3125,70.3125,67.1875,67.96875,67.96875,3576
1998-06-11,67.96875,70.3125,65.625,67.1875,67.1875,7380
1998-06-12,67.1875,68.75,65.625,67.1875,67.1875,8724
1998-06-15,68.75,71.875,65.625,65.625,65.625,7824
1998-06-16,65.625,68.75,61.71875,64.0625,64.0625,15524
1998-06-17,64.0625,64.0625,53.90625,58.59375,58.59375,16468
1998-06-18,58.59375,58.59375,48.4375,56.25,56.25,20768
1998-06-19,53.125,53.125,48.4375,50.78125,50.78125,9460
1998-06-22,50.0,51.5625,42.1875,46.875,46.875,14772
1998-06-23,48.4375,50.0,45.3125,46.875,46.875,24232
1998-06-24,46.875,51.5625,40.625,43.75,43.75,13840
1998-06-25,45.3125,46.875,28.125,38.28125,38.28125,45720
1998-06-26,40.625,40.625,34.375,38.28125,38.28125,21616
1998-06-29,40.625,62.5,39.0625,62.5,62.5,20656
1998-06-30,57.8125,62.5,46.875,56.25,56.25,29128
1998-07-01,56.25,70.3125,54.6875,65.625,65.625,18732
1998-07-02,67.1875,67.1875,56.25,60.9375,60.9375,4508
1998-07-06,62.5,64.0625,56.25,59.375,59.375,5556
1998-07-07,57.8125,73.4375,51.5625,62.5,62.5,21792
1998-07-08,59.375,65.625,59.375,60.9375,60.9375,4892
1998-07-09,64.0625,64.0625,53.125,56.25,56.25,9672
1998-07-10,53.90625,57.8125,51.5625,57.8125,57.8125,4724
1998-07-13,56.25,61.71875,53.125,61.71875,61.71875,7616
1998-07-14,62.5,62.5,56.25,57.03125,57.03125,3108
1998-07-15,57.8125,67.1875,56.25,65.625,65.625,15868
1998-07-16,64.0625,67.96875,57.8125,62.5,62.5,14432
1998-07-17,65.625,65.625,60.9375,64.0625,64.0625,3640
1998-07-20,62.5,71.09375,62.5,67.1875,67.1875,7364
1998-07-21,68.75,70.3125,59.375,62.5,62.5,5680
1998-07-22,62.5,68.75,60.9375,67.1875,67.1875,3496
1998-07-23,65.625,67.1875,60.15625,64.0625,64.0625,4452
1998-07-24,60.9375,66.40625,53.125,65.625,65.625,6440
1998-07-27,64.0625,67.1875,60.9375,63.28125,63.28125,11280
1998-07-28,62.5,65.625,61.71875,62.5,62.5,12660
1998-07-29,65.625,67.1875,35.9375,54.6875,54.6875,21300
1998-07-30,53.125,59.375,48.4375,51.5625,51.5625,5044
1998-07-31,50.0,55.46875,48.4375,50.78125,50.78125,5856
1998-08-03,53.125,53.125,43.75,47.65625,47.65625,5980
1998-08-04,50.78125,50.78125,43.75,48.4375,48.4375,11440
1998-08-05,48.4375,48.4375,40.625,45.3125,45.3125,5656
1998-08-06,45.3125,50.0,45.3125,46.484375,46.484375,4312
1998-08-07,46.875,50.0,45.3125,47.65625,47.65625,3032
1998-08-10,45.3125,46.875,42.96875,46.875,46.875,2908
1998-08-11,46.875,46.875,40.625,45.3125,45.3125,5100
1998-08-12,48.4375,50.0,47.65625,50.0,50.0,7080
1998-08-13,50.0,51.5625,48.4375,50.0,50.0,4908
1998-08-14,49.21875,50.78125,46.875,50.0,50.0,2896
1998-08-17,46.875,50.0,46.875,46.875,46.875,780
1998-08-18,46.875,50.0,45.3125,48.4375,48.4375,4972
1998-08-19,45.3125,50.0,45.3125,49.21875,49.21875,2512
1998-08-20,45.3125,50.0,43.75,46.875,46.875,2968
1998-08-21,46.875,46.875,43.75,46.875,46.875,5004
1998-08-24,46.875,50.78125,45.3125,48.4375,48.4375,11352
1998-08-25,48.4375,52.34375,46.875,46.875,46.875,5560
1998-08-26,46.875,48.4375,40.625,42.1875,42.1875,4684
1998-08-27,40.625,40.625,37.5,40.625,40.625,4728
1998-08-28,42.1875,46.875,37.5,46.875,46.875,3236
1998-08-31,40.625,43.75,34.375,37.5,37.5,6684
1998-09-01,40.625,40.625,28.125,39.0625,39.0625,9476
1998-09-02,40.625,43.75,34.375,34.375,34.375,3868
1998-09-03,35.9375,37.5,32.8125,34.375,34.375,4968
1998-09-04,35.9375,42.1875,35.9375,37.5,37.5,5680
1998-09-08,37.5,40.625,30.46875,33.59375,33.59375,8340
1998-09-09,31.25,34.375,29.6875,34.375,34.375,3920
1998-09-10,32.8125,37.5,28.125,34.375,34.375,3116
1998-09-11,35.9375,40.234375,31.25,37.5,37.5,4468
1998-09-14,34.375,40.625,34.375,37.5,37.5,1440
1998-09-15,34.375,35.9375,29.6875,34.375,34.375,3744
1998-09-16,34.375,34.375,31.25,34.375,34.375,3800
1998-09-17,31.25,34.375,31.25,34.375,34.375,7776
1998-09-18,37.5,37.5,32.8125,35.9375,35.9375,7048
1998-09-21,32.8125,37.5,31.25,34.375,34.375,3052
1998-09-22,34.375,37.5,32.8125,37.5,37.5,2840
1998-09-23,34.375,37.5,34.375,35.9375,35.9375,6144
1998-09-24,35.9375,35.9375,32.03125,34.375,34.375,2972
1998-09-25,34.375,34.375,28.125,31.25,31.25,7716
1998-09-28,32.8125,35.9375,28.125,34.375,34.375,6384
1998-09-29,32.8125,34.375,31.25,32.8125,32.8125,932
1998-09-30,33.59375,33.59375,29.6875,32.8125,32.8125,1364
1998-10-01,32.8125,32.8125,29.6875,29.6875,29.6875,3716
1998-10-02,30.46875,32.8125,27.34375,30.46875,30.46875,4720
1998-10-05,29.6875,31.25,28.125,28.125,28.125,2884
1998-10-06,29.6875,29.6875,27.34375,28.90625,28.90625,4832
1998-10-07,27.34375,28.125,18.75,21.875,21.875,14848
1998-10-08,21.875,23.4375,15.625,23.4375,23.4375,7472
1998-10-09,18.75,27.34375,18.75,27.34375,27.34375,2528
1998-10-12,28.125,30.46875,25.0,29.6875,29.6875,2972
1998-10-13,26.5625,30.46875,24.21875,26.5625,26.5625,4384
1998-10-14,25.0,28.90625,25.0,28.90625,28.90625,3872
1998-10-15,26.5625,31.25,26.5625,31.25,31.25,5844
1998-10-16,25.0,31.25,22.65625,28.90625,28.90625,3616
1998-10-19,28.125,29.6875,27.34375,29.6875,29.6875,1936
1998-10-20,29.6875,34.375,28.125,31.25,31.25,4324
1998-10-21,34.375,35.9375,31.25,31.25,31.25,4088
1998-10-22,34.375,34.375,28.125,32.8125,32.8125,3344
1998-10-23,28.515625,34.375,28.515625,29.6875,29.6875,848
1998-10-26,31.25,32.03125,28.125,29.6875,29.6875,3084
1998-10-27,28.125,34.375,28.125,32.8125,32.8125,13620
1998-10-28,32.8125,38.28125,31.25,35.15625,35.15625,9156
1998-10-29,35.15625,37.5,34.375,37.5,37.5,5880
1998-10-30,35.9375,40.625,35.9375,38.28125,38.28125,5144
1998-11-02,36.71875,53.125,35.9375,46.875,46.875,17224
1998-11-03,43.75,53.125,40.625,51.5625,51.5625,14840
1998-11-04,51.5625,55.46875,48.4375,53.125,53.125,16136
1998-11-05,54.6875,57.8125,53.125,56.25,56.25,14404
1998-11-06,57.8125,57.8125,50.0,55.46875,55.46875,11824
1998-11-09,50.0,54.6875,46.875,48.4375,48.4375,7396
1998-11-10,49.21875,50.0,43.75,50.0,50.0,13624
1998-11-11,50.0,53.125,46.875,51.5625,51.5625,8664
1998-11-12,50.0,53.125,46.875,50.0,50.0,5444
1998-11-13,50.0,50.0,43.75,50.0,50.0,4656
1998-11-16,46.875,57.8125,46.875,50.0,50.0,12952
1998-11-17,46.875,50.0,45.3125,45.3125,45.3125,5036
1998-11-18,45.3125,46.875,37.5,39.84375,39.84375,6096
1998-11-19,40.625,50.0,40.625,46.875,46.875,7160
1998-11-20,47.65625,47.65625,40.625,42.1875,42.1875,5760
1998-11-23,45.3125,46.875,39.0625,39.0625,39.0625,5204
1998-11-24,37.5,40.625,35.9375,38.28125,38.28125,7628
1998-11-25,35.9375,39.0625,35.9375,37.5,37.5,2348
1998-11-27,37.5,39.0625,36.71875,38.28125,38.28125,1424
1998-11-30,38.28125,39.0625,31.25,37.5,37.5,8032
1998-12-01,37.5,37.5,32.03125,35.9375,35.9375,3388
1998-12-02,37.5,39.84375,32.8125,37.5,37.5,9016
1998-12-03,37.5,39.0625,33.59375,39.0625,39.0625,6348
1998-12-04,37.5,40.625,35.9375,40.625,40.625,5404
1998-12-07,37.5,40.625,37.5,37.5,37.5,6888
1998-12-08,37.5,39.0625,34.375,35.9375,35.9375,6372
1998-12-09,35.15625,36.71875,32.8125,34.375,34.375,4940
1998-12-10,34.375,37.5,32.8125,32.8125,32.8125,3120
1998-12-11,32.8125,34.375,28.90625,31.25,31.25,9368
1998-12-14,29.6875,32.8125,25.0,26.5625,26.5625,8304
1998-12-15,26.5625,29.6875,25.0,28.125,28.125,7680
1998-12-16,25.78125,28.90625,25.78125,26.5625,26.5625,8208
1998-12-17,25.78125,28.125,25.0,28.125,28.125,12692
1998-12-18,25.78125,31.25,25.78125,30.46875,30.46875,9344
1998-12-21,30.46875,31.25,27.34375,28.90625,28.90625,11528
1998-12-22,26.5625,28.90625,26.5625,28.90625,28.90625,22196
1998-12-23,28.125,31.25,27.34375,31.25,31.25,15936
1998-12-24,28.125,38.28125,28.125,37.5,37.5,15528
1998-12-28,37.5,37.5,30.46875,35.9375,35.9375,16476
1998-12-29,34.375,35.9375,28.125,34.375,34.375,17648
1998-12-30,30.46875,33.59375,29.6875,31.25,31.25,15264
1998-12-31,28.125,32.03125,28.125,32.03125,32.03125,22128
1999-01-04,32.03125,35.9375,31.25,34.375,34.375,7184
1999-01-05,33.59375,37.5,32.8125,35.9375,35.9375,3828
1999-01-06,35.9375,37.5,32.8125,36.71875,36.71875,3608
1999-01-07,32.8125,37.5,32.8125,35.9375,35.9375,2084
1999-01-08,35.9375,36.71875,32.03125,35.15625,35.15625,10388
1999-01-11,32.03125,36.71875,31.25,35.9375,35.9375,5796
1999-01-12,37.5,37.5,32.8125,34.375,34.375,4624
1999-01-13,32.8125,34.375,28.125,32.8125,32.8125,5416
1999-01-14,32.8125,32.8125,29.6875,32.8125,32.8125,3976
1999-01-15,31.25,40.625,31.25,40.625,40.625,19704
1999-01-19,47.65625,50.0,39.0625,47.65625,47.65625,24692
1999-01-20,48.4375,48.4375,42.1875,43.75,43.75,14332
1999-01-21,43.75,46.875,39.0625,42.1875,42.1875,7984
1999-01-22,39.0625,47.65625,37.5,47.65625,47.65625,15948
1999-01-25,45.3125,47.65625,42.1875,45.3125,45.3125,15796
1999-01-26,45.3125,46.875,41.40625,42.1875,42.1875,15376
1999-01-27,42.96875,43.75,41.40625,43.75,43.75,5928
1999-01-28,42.1875,43.75,37.5,40.625,40.625,8956
1999-01-29,38.28125,46.09375,37.5,46.09375,46.09375,15276
1999-02-01,46.09375,46.875,40.625,45.3125,45.3125,7404
1999-02-02,42.1875,46.09375,39.0625,45.3125,45.3125,9480
1999-02-03,46.875,46.875,41.40625,45.3125,45.3125,3180
1999-02-04,43.75,45.3125,41.40625,43.75,43.75,2504
1999-02-05,42.1875,43.75,39.0625,41.40625,41.40625,5920
1999-02-08,41.40625,43.75,39.0625,43.75,43.75,1572
1999-02-09,42.1875,44.53125,42.1875,44.53125,44.53125,6412
1999-02-10,40.625,45.3125,39.0625,43.75,43.75,2200
1999-02-11,40.625,44.53125,40.625,43.75,43.75,4232
1999-02-12,43.75,45.3125,39.84375,43.75,43.75,11920
1999-02-16,43.75,45.3125,41.40625,42.96875,42.96875,3056
1999-02-17,42.1875,44.53125,39.0625,44.53125,44.53125,5000
1999-02-18,40.625,42.1875,39.0625,40.625,40.625,6208
1999-02-19,40.625,42.96875,34.375,40.625,40.625,2664
1999-02-22,37.5,42.96875,37.5,41.40625,41.40625,1832
1999-02-23,40.625,42.96875,37.5,39.84375,39.84375,5540
1999-02-24,40.625,40.625,35.9375,38.28125,38.28125,16680
1999-02-25,39.0625,39.0625,36.71875,37.5,37.5,4636
1999-02-26,38.28125,40.625,36.71875,38.28125,38.28125,4984
1999-03-01,39.0625,39.0625,36.71875,38.28125,38.28125,6724
1999-03-02,37.5,38.28125,36.71875,37.5,37.5,2948
1999-03-03,37.5,39.84375,36.71875,37.5,37.5,3128
1999-03-04,36.71875,39.0625,35.15625,36.71875,36.71875,10352
1999-03-05,37.5,37.5,35.15625,35.9375,35.9375,1696
1999-03-08,35.15625,36.71875,35.15625,35.9375,35.9375,1872
1999-03-09,36.71875,36.71875,32.8125,32.8125,32.8125,2904
1999-03-10,33.59375,34.375,32.03125,32.8125,32.8125,2764
1999-03-11,32.03125,35.15625,32.03125,34.375,34.375,6632
1999-03-12,34.375,35.15625,32.8125,34.375,34.375,1256
1999-03-15,32.8125,35.15625,32.8125,33.59375,33.59375,2452
1999-03-16,33.59375,34.375,31.25,32.8125,32.8125,3656
1999-03-17,32.03125,32.8125,32.03125,32.8125,32.8125,1540
1999-03-18,32.03125,32.8125,30.46875,31.25,31.25,1664
1999-03-19,31.25,31.25,29.6875,30.46875,30.46875,3144
1999-03-22,30.46875,30.46875,26.5625,27.34375,27.34375,4804
1999-03-23,27.34375,27.34375,25.78125,26.5625,26.5625,8340
1999-03-24,26.5625,31.25,25.78125,28.125,28.125,6300
1999-03-25,29.6875,30.46875,28.125,29.6875,29.6875,3028
1999-03-26,29.6875,31.25,28.125,30.46875,30.46875,3916
1999-03-29,30.46875,31.25,28.90625,31.25,31.25,3608
1999-03-30,31.25,31.25,28.90625,31.25,31.25,3164
1999-03-31,29.6875,39.84375,29.6875,39.84375,39.84375,9516
1999-04-01,40.625,43.75,39.0625,42.1875,42.1875,5472
1999-04-05,42.96875,43.75,32.03125,37.5,37.5,6136
1999-04-06,37.5,37.5,32.03125,35.9375,35.9375,2692
1999-04-07,34.375,37.5,32.8125,34.375,34.375,4384
1999-04-08,33.59375,34.375,31.25,33.59375,33.59375,3712
1999-04-09,32.8125,35.9375,31.25,32.8125,32.8125,4468
1999-04-12,32.8125,33.59375,29.6875,32.8125,32.8125,7524
1999-04-13,32.8125,35.9375,32.8125,33.59375,33.59375,5732
1999-04-14,33.59375,37.5,32.8125,37.5,37.5,6208
1999-04-15,37.5,42.1875,36.71875,42.1875,42.1875,8132
1999-04-16,42.1875,42.96875,35.9375,40.625,40.625,6564
1999-04-19,39.0625,42.1875,37.5,37.5,37.5,5748
1999-04-20,35.9375,39.0625,34.375,37.5,37.5,2500
1999-04-21,37.5,39.0625,35.15625,39.0625,39.0625,2776
1999-04-22,39.0625,39.0625,37.5,39.0625,39.0625,2228
1999-04-23,37.5,40.625,37.5,40.625,40.625,5340
1999-04-26,37.5,40.625,35.9375,35.9375,35.9375,6496
1999-04-27,37.5,39.84375,34.375,37.5,37.5,9136
1999-04-28,39.0625,39.0625,34.375,37.5,37.5,3312
1999-04-29,36.71875,39.0625,36.71875,39.0625,39.0625,11260
1999-04-30,37.5,45.3125,34.375,42.1875,42.1875,15564
1999-05-03,47.65625,53.125,45.3125,50.0,50.0,33996
1999-05-04,50.78125,50.78125,45.3125,47.65625,47.65625,12860
1999-05-05,47.65625,47.65625,42.1875,44.53125,44.53125,6148
1999-05-06,42.1875,46.09375,40.625,45.3125,45.3125,6264
1999-05-07,46.875,47.65625,44.53125,46.875,46.875,3704
1999-05-10,45.3125,50.78125,45.3125,50.0,50.0,10064
1999-05-11,50.0,50.0,49.21875,49.21875,49.21875,4132
1999-05-12,50.0,54.6875,49.21875,54.6875,54.6875,14208
1999-05-13,54.6875,82.8125,52.34375,70.3125,70.3125,37348
1999-05-14,67.96875,79.6875,63.28125,72.65625,72.65625,35192
1999-05-17,75.0,81.25,75.0,75.0,75.0,17720
1999-05-18,76.5625,79.6875,65.625,70.3125,70.3125,13092
1999-05-19,70.3125,74.21875,65.625,68.75,68.75,6120
1999-05-20,65.625,70.3125,54.6875,62.5,62.5,13576
1999-05-21,60.15625,60.15625,53.125,56.25,56.25,5956
1999-05-24,56.25,56.25,50.0,53.90625,53.90625,6876
1999-05-25,54.6875,54.6875,46.875,50.78125,50.78125,9644
1999-05-26,48.4375,50.78125,40.625,45.3125,45.3125,6440
1999-05-27,48.4375,53.125,44.53125,53.125,53.125,8784
1999-05-28,53.125,62.5,51.5625,62.5,62.5,8048
1999-06-01,64.0625,65.625,57.8125,59.375,59.375,6408
1999-06-02,59.375,60.9375,47.65625,50.0,50.0,10936
1999-06-03,51.5625,53.125,50.0,53.125,53.125,11028
1999-06-04,62.5,71.09375,56.25,62.5,62.5,35796
1999-06-07,65.625,68.75,62.5,63.28125,63.28125,12172
1999-06-08,64.84375,67.1875,59.375,61.71875,61.71875,7268
1999-06-09,59.765625,60.9375,52.34375,56.25,56.25,8128
1999-06-10,56.25,56.25,51.5625,53.125,53.125,5012
1999-06-11,51.5625,53.125,50.0,50.78125,50.78125,6676
1999-06-14,52.34375,52.34375,46.875,48.4375,48.4375,7216
1999-06-15,48.4375,54.6875,48.4375,54.6875,54.6875,7456
1999-06-16,54.6875,56.25,50.78125,56.25,56.25,3808
1999-06-17,55.46875,56.25,53.125,54.6875,54.6875,4128
1999-06-18,53.90625,55.46875,50.78125,53.125,53.125,2640
1999-06-21,54.6875,54.6875,48.4375,53.125,53.125,4856
1999-06-22,53.125,55.46875,47.65625,48.4375,48.4375,6060
1999-06-23,50.78125,51.5625,46.875,48.4375,48.4375,6908
1999-06-24,49.609375,50.0,47.65625,47.65625,47.65625,3136
1999-06-25,49.21875,49.21875,46.875,47.65625,47.65625,2816
1999-06-28,49.21875,50.78125,47.65625,47.65625,47.65625,2752
1999-06-29,48.4375,50.0,41.40625,46.875,46.875,5948
1999-06-30,41.40625,43.75,40.625,42.96875,42.96875,6576
1999-07-01,41.40625,42.96875,38.28125,40.625,40.625,8076
1999-07-02,39.0625,42.96875,37.5,40.625,40.625,5960
1999-07-06,40.625,42.1875,37.5,40.625,40.625,3868
1999-07-07,42.1875,42.1875,38.28125,40.625,40.625,4344
1999-07-08,42.1875,42.1875,38.28125,41.40625,41.40625,1836
1999-07-09,39.84375,42.1875,38.28125,41.40625,41.40625,4116
1999-07-12,42.1875,42.1875,39.84375,40.625,40.625,1716
1999-07-13,40.625,40.625,39.0625,40.625,40.625,2280
1999-07-14,41.40625,41.40625,38.28125,40.625,40.625,4892
1999-07-15,39.0625,39.84375,37.5,37.5,37.5,3156
1999-07-16,38.28125,41.40625,37.5,41.40625,41.40625,8180
1999-07-19,40.625,42.1875,39.0625,40.625,40.625,5136
1999-07-20,40.625,42.1875,34.375,34.375,34.375,5492
1999-07-21,35.9375,40.625,34.375,40.625,40.625,6208
1999-07-22,41.40625,42.1875,39.84375,41.40625,41.40625,9000
1999-07-23,40.625,41.40625,39.84375,41.40625,41.40625,5416
1999-07-26,40.625,41.40625,37.5,37.5,37.5,1920
1999-07-27,39.84375,40.625,37.5,40.625,40.625,3832
1999-07-28,39.84375,41.40625,39.84375,39.84375,39.84375,3688
1999-07-29,41.40625,42.1875,37.5,39.84375,39.84375,6800
1999-07-30,38.28125,39.84375,36.71875,37.5,37.5,4480
1999-08-02,38.28125,38.28125,34.375,34.375,34.375,5704
1999-08-03,34.375,35.9375,31.25,34.375,34.375,8084
1999-08-04,33.59375,35.15625,32.8125,34.375,34.375,1828
1999-08-05,33.984375,35.15625,32.8125,32.8125,32.8125,1432
1999-08-06,34.375,34.375,31.25,32.8125,32.8125,2300
1999-08-09,32.03125,34.375,29.6875,31.25,31.25,4116
1999-08-10,30.46875,31.25,28.125,28.125,28.125,6020
1999-08-11,28.125,29.6875,17.1875,25.0,25.0,27008
1999-08-12,25.0,25.78125,23.4375,25.78125,25.78125,10536
1999-08-13,25.390625,25.78125,24.21875,25.78125,25.78125,7376
1999-08-16,25.0,26.5625,24.21875,25.78125,25.78125,5076
1999-08-17,25.78125,25.78125,25.0,25.78125,25.78125,4724
1999-08-18,25.0,25.78125,25.0,25.78125,25.78125,4096
1999-08-19,25.0,25.78125,24.21875,25.78125,25.78125,5568
1999-08-20,25.0,25.78125,21.875,25.78125,25.78125,4556
1999-08-23,25.0,25.78125,23.4375,25.0,25.0,4312
1999-08-24,25.0,25.78125,23.4375,24.21875,24.21875,3660
1999-08-25,25.0,25.78125,24.21875,25.0,25.0,6248
1999-08-26,25.78125,25.78125,23.4375,25.78125,25.78125,5016
1999-08-27,25.390625,25.78125,24.21875,25.78125,25.78125,3712
1999-08-30,25.0,25.78125,24.21875,25.0,25.0,1504
1999-08-31,25.0,25.78125,24.21875,25.78125,25.78125,984
1999-09-01,25.78125,25.78125,23.4375,25.78125,25.78125,1780
1999-09-02,25.0,25.78125,24.21875,25.78125,25.78125,452
1999-09-03,24.609375,25.78125,24.21875,25.78125,25.78125,1652
1999-09-07,24.21875,25.78125,24.21875,25.78125,25.78125,5900
1999-09-08,23.828125,25.78125,23.4375,25.78125,25.78125,2296
1999-09-09,24.21875,25.78125,24.21875,25.0,25.0,2000
1999-09-10,25.390625,25.78125,24.609375,25.78125,25.78125,9520
1999-09-13,25.390625,25.78125,24.21875,25.0,25.0,8344
1999-09-14,25.0,25.78125,24.21875,25.0,25.0,8696
1999-09-15,25.0,25.78125,24.21875,25.0,25.0,7728
1999-09-16,25.0,25.0,24.21875,25.0,25.0,2192
1999-09-17,25.0,25.78125,24.21875,25.0,25.0,12500
1999-09-20,25.0,25.78125,24.21875,25.0,25.0,4428
1999-09-21,24.609375,25.0,24.21875,25.0,25.0,3476
1999-09-22,24.609375,25.78125,24.21875,25.78125,25.78125,9608
1999-09-23,25.0,31.25,25.0,28.125,28.125,49528
1999-09-24,27.734375,31.25,25.0,30.46875,30.46875,18928
1999-09-27,32.03125,37.5,31.25,33.59375,33.59375,17172
1999-09-28,35.546875,36.71875,32.8125,35.9375,35.9375,11456
1999-09-29,35.9375,36.71875,28.90625,31.25,31.25,5768
1999-09-30,32.03125,32.03125,26.5625,29.6875,29.6875,4748
1999-10-01,28.125,32.8125,27.34375,32.03125,32.03125,7648
1999-10-04,32.8125,33.59375,30.46875,32.03125,32.03125,1808
1999-10-05,32.03125,32.8125,29.6875,31.25,31.25,788
1999-10-06,29.6875,31.25,26.5625,29.6875,29.6875,5704
1999-10-07,29.6875,30.46875,25.78125,28.125,28.125,2696
1999-10-08,26.5625,31.25,25.78125,29.6875,29.6875,8252
1999-10-11,29.6875,30.46875,28.125,28.90625,28.90625,2500
1999-10-12,29.6875,29.6875,25.78125,26.5625,26.5625,4008
1999-10-13,26.953125,27.34375,25.0,26.5625,26.5625,3588
1999-10-14,26.171875,27.34375,25.78125,26.5625,26.5625,1988
1999-10-15,26.171875,26.5625,25.0,26.5625,26.5625,2680
1999-10-18,26.5625,26.5625,24.21875,25.78125,25.78125,4452
1999-10-19,25.0,25.78125,24.21875,25.78125,25.78125,1956
1999-10-20,25.0,25.0,23.4375,25.0,25.0,976
1999-10-21,24.21875,25.0,23.4375,25.0,25.0,6092
1999-10-22,24.21875,25.0,23.4375,25.0,25.0,2656
1999-10-25,25.0,25.0,23.4375,24.21875,24.21875,3704
1999-10-26,23.4375,25.0,23.4375,24.21875,24.21875,6156
1999-10-27,24.609375,26.5625,24.609375,25.78125,25.78125,5352
1999-10-28,25.0,28.125,25.0,26.5625,26.5625,7328
1999-10-29,26.171875,26.5625,24.21875,25.78125,25.78125,10544
1999-11-01,25.390625,25.78125,24.21875,25.78125,25.78125,2432
1999-11-02,25.0,27.34375,24.21875,26.5625,26.5625,5116
1999-11-03,25.0,31.25,25.0,31.25,31.25,6784
1999-11-04,29.6875,31.25,26.5625,28.125,28.125,4900
1999-11-05,28.90625,31.25,27.34375,29.6875,29.6875,5940
1999-11-08,28.125,30.46875,28.125,29.6875,29.6875,1652
1999-11-09,28.125,29.6875,26.5625,27.34375,27.34375,1872
1999-11-10,26.5625,27.34375,25.78125,26.5625,26.5625,5140
1999-11-11,25.78125,27.34375,25.0,27.34375,27.34375,3600
1999-11-12,26.171875,28.125,25.0,26.5625,26.5625,2352
1999-11-15,26.171875,27.34375,25.0,25.0,25.0,6224
1999-11-16,25.78125,26.5625,25.0,25.0,25.0,7744
1999-11-17,25.390625,26.5625,25.0,25.0,25.0,7716
1999-11-18,25.78125,26.5625,24.21875,25.78125,25.78125,8372
1999-11-19,25.78125,25.78125,24.21875,25.78125,25.78125,13156
1999-11-22,25.78125,25.78125,24.21875,25.78125,25.78125,8032
1999-11-23,25.0,25.78125,25.0,25.0,25.0,6340
1999-11-24,25.0,25.78125,24.21875,25.0,25.0,7768
1999-11-26,25.0,25.0,24.21875,25.0,25.0,2524
1999-11-29,24.609375,24.609375,21.875,23.4375,23.4375,7080
1999-11-30,23.046875,25.78125,22.65625,25.0,25.0,9716
1999-12-01,24.21875,25.0,24.21875,25.0,25.0,2284
1999-12-02,24.21875,25.0,24.21875,24.21875,24.21875,4896
1999-12-03,25.0,25.0,20.3125,23.4375,23.4375,17956
1999-12-06,21.875,23.4375,21.09375,21.09375,21.09375,12208
1999-12-07,20.3125,24.21875,18.75,23.4375,23.4375,19028
1999-12-08,24.21875,24.21875,20.3125,23.4375,23.4375,10604
1999-12-09,23.4375,25.0,20.3125,21.09375,21.09375,11084
1999-12-10,21.09375,21.875,20.3125,21.09375,21.09375,8120
1999-12-13,20.703125,21.09375,18.75,19.53125,19.53125,16408
1999-12-14,20.3125,20.3125,17.96875,20.3125,20.3125,17124
1999-12-15,20.3125,30.46875,18.75,29.6875,29.6875,48364
1999-12-16,28.125,29.6875,21.875,24.21875,24.21875,37900
1999-12-17,21.875,24.21875,21.484375,24.21875,24.21875,13556
1999-12-20,24.21875,25.78125,21.875,24.21875,24.21875,12352
1999-12-21,24.21875,25.0,22.65625,24.21875,24.21875,10588
1999-12-22,22.65625,23.4375,20.3125,21.09375,21.09375,12256
1999-12-23,23.4375,25.0,21.09375,21.875,21.875,16760
1999-12-27,21.09375,23.4375,21.09375,22.65625,22.65625,11524
1999-12-28,21.09375,22.65625,18.75,19.53125,19.53125,21096
1999-12-29,19.53125,21.875,18.75,20.3125,20.3125,19012
1999-12-30,20.3125,21.875,18.75,20.3125,20.3125,24572
1999-12-31,20.3125,21.09375,18.75,20.3125,20.3125,21528
2000-01-03,19.53125,21.09375,18.75,19.53125,19.53125,5260
2000-01-04,20.3125,21.875,18.75,20.3125,20.3125,9216
2000-01-05,21.09375,21.875,19.53125,21.09375,21.09375,3396
2000-01-06,21.484375,23.4375,20.3125,21.875,21.875,7868
2000-01-07,21.875,23.4375,21.09375,22.65625,22.65625,7904
2000-01-10,22.265625,23.4375,21.875,21.875,21.875,9156
2000-01-11,23.4375,23.4375,21.875,22.65625,22.65625,7544
2000-01-12,23.4375,23.4375,21.875,22.65625,22.65625,5308
2000-01-13,22.65625,23.4375,21.875,22.65625,22.65625,8036
2000-01-14,21.875,23.4375,21.09375,21.875,21.875,6840
2000-01-18,21.875,22.65625,21.09375,22.65625,22.65625,8512
2000-01-19,22.265625,23.4375,21.09375,22.65625,22.65625,7764
2000-01-20,22.65625,28.125,21.875,28.125,28.125,30076
2000-01-21,28.125,28.515625,25.0,28.125,28.125,11500
2000-01-24,27.34375,31.25,24.21875,26.5625,26.5625,35472
2000-01-25,27.34375,28.125,24.21875,25.78125,25.78125,28992
2000-01-26,32.03125,45.3125,29.6875,36.71875,36.71875,126604
2000-01-27,37.5,38.28125,28.125,32.8125,32.8125,38012
2000-01-28,31.25,32.8125,28.125,31.25,31.25,16936
2000-01-31,30.46875,31.25,25.78125,29.6875,29.6875,15780
2000-02-01,29.6875,29.6875,26.5625,28.125,28.125,5696
2000-02-02,27.734375,34.375,27.34375,33.203125,33.203125,12400
2000-02-03,32.8125,34.375,31.25,32.8125,32.8125,7468
2000-02-04,32.8125,35.9375,32.8125,34.375,34.375,24996
2000-02-07,39.0625,50.0,39.0625,43.75,43.75,149548
2000-02-08,46.875,53.125,41.40625,52.34375,52.34375,111200
2000-02-09,53.90625,78.125,53.90625,70.3125,70.3125,250468
2000-02-10,71.875,75.0,57.03125,60.9375,60.9375,90684
2000-02-11,65.625,67.96875,62.5,67.1875,67.1875,56368
2000-02-14,68.75,71.875,62.5,64.84375,64.84375,28216
2000-02-15,64.0625,65.625,50.0,56.25,56.25,43112
2000-02-16,57.8125,59.375,46.875,51.5625,51.5625,32964
2000-02-17,53.90625,56.25,50.0,55.46875,55.46875,19944
2000-02-18,57.8125,65.625,54.6875,60.9375,60.9375,37440
2000-02-22,61.71875,64.0625,54.6875,60.9375,60.9375,26464
2000-02-23,60.9375,62.5,51.5625,58.59375,58.59375,17412
2000-02-24,56.25,59.375,53.125,55.46875,55.46875,11584
2000-02-25,54.6875,56.25,50.78125,53.125,53.125,16640
2000-02-28,52.34375,54.6875,50.0,53.90625,53.90625,15108
2000-02-29,56.25,62.5,51.5625,55.46875,55.46875,30120
2000-03-01,55.46875,59.375,51.5625,53.90625,53.90625,11080
2000-03-02,60.9375,61.71875,53.125,57.8125,57.8125,17072
2000-03-03,60.9375,75.0,59.375,71.875,71.875,93924
2000-03-06,74.21875,103.125,72.65625,92.1875,92.1875,233660
2000-03-07,103.125,103.90625,93.75,96.875,96.875,126704
2000-03-08,100.0,100.78125,73.4375,92.1875,92.1875,58492
2000-03-09,91.40625,92.1875,80.859375,89.0625,89.0625,28420
2000-03-10,89.0625,92.1875,85.15625,89.84375,89.84375,37992
2000-03-13,81.25,95.3125,78.90625,88.28125,88.28125,29228
2000-03-14,89.0625,91.40625,73.4375,78.125,78.125,43648
2000-03-15,82.8125,82.8125,65.625,74.21875,74.21875,40328
2000-03-16,74.609375,77.34375,65.625,73.4375,73.4375,26000
2000-03-17,75.78125,76.5625,71.875,74.21875,74.21875,14244
2000-03-20,76.171875,81.25,68.75,69.53125,69.53125,19608
2000-03-21,68.75,71.875,56.25,65.625,65.625,24576
2000-03-22,68.75,71.875,62.5,64.0625,64.0625,16372
2000-03-23,63.28125,65.625,56.25,59.375,59.375,13712
2000-03-24,60.9375,67.96875,59.375,67.96875,67.96875,18136
2000-03-27,70.3125,71.875,60.15625,62.5,62.5,22564
2000-03-28,58.59375,67.1875,57.8125,64.0625,64.0625,18268
2000-03-29,64.84375,65.625,56.25,57.03125,57.03125,18324
2000-03-30,55.46875,58.59375,50.78125,53.125,53.125,19820
2000-03-31,68.75,68.75,50.0,59.375,59.375,22788
2000-04-03,56.25,62.5,50.78125,55.46875,55.46875,13764
2000-04-04,50.0,56.25,43.75,47.65625,47.65625,37700
2000-04-05,47.65625,50.0,37.5,49.21875,49.21875,15296
2000-04-06,50.0,57.03125,50.0,54.6875,54.6875,21252
2000-04-07,57.03125,71.875,54.6875,67.1875,67.1875,35516
2000-04-10,64.84375,70.3125,56.25,62.5,62.5,16120
2000-04-11,63.28125,64.0625,53.125,59.375,59.375,9656
2000-04-12,54.6875,56.25,46.875,48.4375,48.4375,17848
2000-04-13,50.78125,56.25,49.21875,49.21875,49.21875,19916
2000-04-14,48.4375,51.5625,37.5,39.84375,39.84375,26660
2000-04-17,35.9375,37.5,31.25,34.375,34.375,13700
2000-04-18,34.375,47.65625,33.984375,41.40625,41.40625,15584
2000-04-19,44.53125,49.21875,40.625,40.625,40.625,7916
2000-04-20,43.75,45.3125,34.375,40.625,40.625,6844
2000-04-24,40.625,40.625,32.8125,37.5,37.5,7668
2000-04-25,40.625,45.3125,37.5,45.3125,45.3125,4692
2000-04-26,43.75,43.75,39.0625,42.1875,42.1875,3092
2000-04-27,40.625,43.75,38.28125,43.75,43.75,5928
2000-04-28,46.875,46.875,42.1875,45.3125,45.3125,3456
2000-05-01,46.09375,50.78125,44.921875,49.21875,49.21875,9984
2000-05-02,52.34375,81.25,51.5625,69.53125,69.53125,67788
2000-05-03,73.4375,73.4375,62.5,67.1875,67.1875,19448
2000-05-04,68.75,70.3125,64.0625,65.625,65.625,8872
2000-05-05,66.40625,67.1875,62.5,62.5,62.5,7424
2000-05-08,64.0625,64.0625,56.25,60.15625,60.15625,10992
2000-05-09,60.9375,62.5,56.25,61.71875,61.71875,9964
2000-05-10,60.15625,61.71875,48.4375,50.0,50.0,15068
2000-05-11,53.125,55.46875,50.0,53.90625,53.90625,6560
2000-05-12,53.125,54.6875,50.0,51.5625,51.5625,5304
2000-05-15,51.5625,64.0625,50.78125,57.03125,57.03125,23672
2000-05-16,56.25,61.71875,55.46875,58.59375,58.59375,8436
2000-05-17,57.8125,57.8125,53.125,56.25,56.25,6304
2000-05-18,56.640625,57.8125,53.125,56.25,56.25,3992
2000-05-19,56.25,56.25,50.0,50.0,50.0,8708
2000-05-22,48.4375,50.78125,43.75,48.4375,48.4375,8292
2000-05-23,50.0,51.5625,46.09375,46.875,46.875,4028
2000-05-24,47.65625,56.25,43.75,45.3125,45.3125,14664
2000-05-25,46.09375,50.0,43.75,45.3125,45.3125,7276
2000-05-26,46.09375,47.65625,40.625,47.65625,47.65625,6016
2000-05-30,39.84375,47.65625,39.84375,46.875,46.875,4392
2000-05-31,46.875,49.21875,42.1875,43.75,43.75,4856
2000-06-01,43.359375,48.4375,40.625,43.75,43.75,5884
2000-06-02,46.09375,50.0,46.09375,50.0,50.0,5804
2000-06-05,50.0,50.0,43.75,49.21875,49.21875,7376
2000-06-06,49.21875,52.34375,44.53125,48.4375,48.4375,10616
2000-06-07,46.484375,47.65625,37.5,42.1875,42.1875,25972
2000-06-08,46.875,46.875,34.375,39.0625,39.0625,28360
2000-06-09,39.0625,42.96875,31.25,38.671875,38.671875,28508
2000-06-12,40.625,45.3125,37.5,40.625,40.625,17640
2000-06-13,37.5,43.75,37.5,42.96875,42.96875,8764
2000-06-14,41.40625,44.140625,40.625,40.625,40.625,4580
2000-06-15,39.84375,42.1875,39.0625,39.0625,39.0625,4808
2000-06-16,41.015625,42.96875,39.0625,42.96875,42.96875,7972
2000-06-19,43.75,46.875,40.625,46.09375,46.09375,12328
2000-06-20,46.09375,48.4375,43.75,44.53125,44.53125,7752
2000-06-21,45.3125,46.875,41.40625,42.96875,42.96875,2768
2000-06-22,44.140625,44.53125,39.84375,39.84375,39.84375,2404
2000-06-23,41.015625,42.96875,39.0625,40.625,40.625,3896
2000-06-26,40.625,43.75,40.625,40.625,40.625,6668
2000-06-27,42.578125,43.75,39.0625,42.1875,42.1875,6524
2000-06-28,43.359375,43.75,37.5,40.625,40.625,6252
2000-06-29,41.40625,42.1875,37.5,42.1875,42.1875,3032
2000-06-30,42.1875,42.1875,39.0625,39.0625,39.0625,2272
2000-07-03,41.40625,42.96875,39.0625,39.84375,39.84375,4276
2000-07-05,39.0625,40.625,37.5,39.0625,39.0625,3816
2000-07-06,39.0625,42.1875,37.5,41.40625,41.40625,4140
2000-07-07,40.625,42.1875,37.5,39.84375,39.84375,6144
2000-07-10,39.84375,42.96875,38.28125,42.1875,42.1875,5796
2000-07-11,39.84375,42.96875,39.0625,39.0625,39.0625,5604
2000-07-12,39.0625,41.40625,37.5,38.28125,38.28125,7640
2000-07-13,38.28125,39.84375,37.5,39.84375,39.84375,6504
2000-07-14,38.671875,39.84375,37.5,38.28125,38.28125,5220
2000-07-17,39.84375,40.625,38.28125,39.0625,39.0625,5104
2000-07-18,38.671875,40.625,37.5,38.28125,38.28125,5788
2000-07-19,38.28125,40.625,38.28125,40.625,40.625,6672
2000-07-20,40.625,40.625,37.5,39.0625,39.0625,4232
2000-07-21,39.0625,39.0625,35.9375,37.5,37.5,5288
2000-07-24,37.5,39.0625,34.375,35.9375,35.9375,7716
2000-07-25,35.9375,35.9375,32.8125,34.375,34.375,10036
2000-07-26,34.375,35.9375,28.125,31.25,31.25,8852
2000-07-27,31.25,35.9375,30.46875,34.375,34.375,14032
2000-07-28,35.15625,36.71875,32.03125,32.03125,32.03125,6596
2000-07-31,32.03125,34.375,31.25,33.59375,33.59375,6744
2000-08-01,32.8125,33.59375,31.25,32.03125,32.03125,3260
2000-08-02,32.03125,35.15625,31.25,31.25,31.25,7556
2000-08-03,31.25,34.375,28.90625,29.6875,29.6875,11368
2000-08-04,32.03125,35.9375,29.6875,32.03125,32.03125,8140
2000-08-07,32.8125,37.5,32.8125,34.375,34.375,8296
2000-08-08,34.375,36.71875,33.59375,35.9375,35.9375,5116
2000-08-09,36.71875,37.5,34.375,34.375,34.375,4020
2000-08-10,34.375,36.71875,31.25,32.03125,32.03125,4424
2000-08-11,31.25,34.375,31.25,32.8125,32.8125,4064
2000-08-14,32.8125,32.8125,31.25,32.03125,32.03125,6104
2000-08-15,31.640625,31.640625,28.125,29.6875,29.6875,6624
2000-08-16,30.078125,31.25,28.125,29.6875,29.6875,7788
2000-08-17,28.90625,29.6875,26.5625,28.90625,28.90625,5276
2000-08-18,28.90625,29.6875,27.34375,28.125,28.125,4680
2000-08-21,27.734375,29.6875,27.34375,27.34375,27.34375,6764
2000-08-22,27.34375,28.90625,25.78125,26.5625,26.5625,15256
2000-08-23,27.734375,28.125,25.78125,27.34375,27.34375,7748
2000-08-24,27.34375,28.125,26.5625,27.34375,27.34375,5960
2000-08-25,25.78125,27.34375,25.78125,25.78125,25.78125,8144
2000-08-28,25.78125,28.125,25.78125,28.125,28.125,21508
2000-08-29,42.96875,50.0,39.84375,39.84375,39.84375,77656
2000-08-30,40.625,42.1875,37.5,38.28125,38.28125,20856
2000-08-31,40.625,43.75,39.0625,39.84375,39.84375,11868
2000-09-01,41.015625,42.1875,38.28125,38.671875,38.671875,5676
2000-09-05,40.625,42.1875,39.0625,40.625,40.625,12652
2000-09-06,40.625,40.625,39.0625,39.84375,39.84375,3344
2000-09-07,39.84375,42.1875,39.84375,41.40625,41.40625,15788
2000-09-08,41.40625,50.0,41.40625,46.875,46.875,36780
2000-09-11,49.609375,56.25,47.65625,50.78125,50.78125,64272
2000-09-12,53.90625,53.90625,48.4375,50.0,50.0,24036
2000-09-13,49.609375,50.78125,45.3125,46.875,46.875,14988
2000-09-14,48.4375,50.0,41.40625,43.75,43.75,6608
2000-09-15,44.53125,46.875,42.1875,43.75,43.75,4936
2000-09-18,43.75,45.3125,39.0625,41.40625,41.40625,6052
2000-09-19,40.625,44.53125,39.0625,42.1875,42.1875,9560
2000-09-20,41.40625,42.1875,32.03125,35.9375,35.9375,10920
2000-09-21,35.9375,39.0625,33.59375,39.0625,39.0625,6784
2000-09-22,37.5,38.28125,35.9375,37.5,37.5,4428
2000-09-25,36.71875,38.28125,34.375,35.9375,35.9375,3672
2000-09-26,33.984375,34.375,31.25,33.59375,33.59375,3728
2000-09-27,32.8125,33.59375,31.25,32.8125,32.8125,7812
2000-09-28,33.59375,34.375,30.46875,32.8125,32.8125,4524
2000-09-29,33.59375,35.15625,32.03125,32.03125,32.03125,2756
2000-10-02,33.203125,35.15625,32.03125,33.59375,33.59375,5428
2000-10-03,33.59375,34.375,31.25,32.03125,32.03125,3488
2000-10-04,32.03125,32.8125,29.6875,31.25,31.25,5592
2000-10-05,31.25,33.59375,29.6875,30.46875,30.46875,5380
2000-10-06,31.640625,32.8125,29.6875,30.46875,30.46875,8448
2000-10-09,30.46875,31.25,30.46875,31.25,31.25,2896
2000-10-10,30.46875,32.03125,26.5625,29.6875,29.6875,10792
2000-10-11,29.6875,29.6875,26.5625,28.125,28.125,3304
2000-10-12,28.125,30.46875,26.5625,26.5625,26.5625,10204
2000-10-13,25.78125,29.6875,25.78125,29.6875,29.6875,7192
2000-10-16,29.6875,29.6875,27.34375,28.90625,28.90625,1200
2000-10-17,28.125,28.90625,26.5625,27.34375,27.34375,6640
2000-10-18,26.5625,27.34375,26.5625,27.34375,27.34375,2080
2000-10-19,28.125,28.125,26.5625,28.125,28.125,5064
2000-10-20,27.734375,28.125,26.5625,28.125,28.125,2060
2000-10-23,28.125,29.6875,26.5625,26.5625,26.5625,6288
2000-10-24,26.5625,28.125,26.5625,27.34375,27.34375,3036
2000-10-25,27.34375,28.125,26.5625,27.34375,27.34375,2360
2000-10-26,26.953125,27.34375,25.78125,27.34375,27.34375,14276
2000-10-27,26.5625,27.34375,25.78125,26.5625,26.5625,2860
2000-10-30,26.5625,26.5625,25.390625,26.5625,26.5625,7364
2000-10-31,25.78125,26.5625,24.21875,25.78125,25.78125,14392
2000-11-01,25.0,32.8125,25.0,32.8125,32.8125,9316
2000-11-02,33.59375,34.375,28.90625,31.25,31.25,6288
2000-11-03,31.25,31.25,27.34375,28.90625,28.90625,5884
2000-11-06,31.25,31.25,27.34375,27.34375,27.34375,3248
2000-11-07,28.125,28.90625,26.5625,27.34375,27.34375,7868
2000-11-08,28.90625,28.90625,27.34375,28.125,28.125,1188
2000-11-09,28.125,29.6875,27.34375,29.6875,29.6875,3032
2000-11-10,28.125,28.125,25.0,26.5625,26.5625,7124
2000-11-13,25.0,25.390625,23.4375,25.0,25.0,7396
2000-11-14,25.78125,26.5625,25.0,25.0,25.0,4380
2000-11-15,25.78125,26.5625,24.21875,24.21875,24.21875,4676
2000-11-16,24.21875,25.78125,23.4375,24.21875,24.21875,5080
2000-11-17,24.609375,25.78125,24.21875,25.78125,25.78125,4820
2000-11-20,23.828125,25.0,23.4375,23.4375,23.4375,1972
2000-11-21,24.21875,25.0,22.65625,25.0,25.0,7072
2000-11-22,22.65625,24.21875,22.65625,23.4375,23.4375,4736
2000-11-24,23.4375,24.21875,21.875,22.65625,22.65625,3776
2000-11-27,22.65625,23.4375,21.875,22.65625,22.65625,6952
2000-11-28,22.65625,23.4375,19.53125,20.3125,20.3125,9456
2000-11-29,20.3125,20.3125,16.40625,19.53125,19.53125,15884
2000-11-30,18.75,20.3125,17.1875,17.96875,17.96875,12832
2000-12-01,19.140625,21.09375,18.75,19.53125,19.53125,9392
2000-12-04,20.3125,24.21875,19.53125,23.4375,23.4375,3492
2000-12-05,23.828125,25.0,21.875,21.875,21.875,3880
2000-12-06,21.875,21.875,18.75,20.3125,20.3125,12072
2000-12-07,19.53125,20.3125,18.75,19.53125,19.53125,3516
2000-12-08,20.3125,20.3125,19.53125,20.3125,20.3125,4532
2000-12-11,20.3125,20.3125,18.75,18.75,18.75,8184
2000-12-12,19.53125,19.53125,16.40625,17.96875,17.96875,15196
2000-12-13,18.359375,20.3125,17.1875,18.75,18.75,15092
2000-12-14,18.75,25.0,17.96875,22.65625,22.65625,29732
2000-12-15,22.65625,22.65625,18.75,21.09375,21.09375,7384
2000-12-18,20.3125,22.65625,20.3125,21.09375,21.09375,6716
2000-12-19,21.09375,21.875,19.53125,19.53125,19.53125,5676
2000-12-20,19.53125,24.21875,19.53125,19.53125,19.53125,15988
2000-12-21,19.53125,20.3125,17.96875,18.75,18.75,16552
2000-12-22,17.96875,26.5625,13.28125,26.5625,26.5625,50912
2000-12-26,22.65625,22.65625,17.96875,19.53125,19.53125,15740
2000-12-27,18.75,18.75,16.40625,16.40625,16.40625,33532
2000-12-28,16.40625,17.96875,15.625,17.1875,17.1875,28188
2000-12-29,17.1875,18.75,16.40625,17.1875,17.1875,28444
2001-01-02,17.96875,17.96875,15.625,17.1875,17.1875,8144
2001-01-03,17.1875,18.75,16.40625,17.96875,17.96875,9040
2001-01-04,17.1875,21.875,17.1875,21.875,21.875,12228
2001-01-05,21.09375,21.875,20.3125,21.09375,21.09375,5844
2001-01-08,20.703125,21.875,19.53125,20.3125,20.3125,5844
2001-01-09,20.3125,27.34375,20.3125,26.5625,26.5625,19240
2001-01-10,27.34375,28.125,25.0,26.5625,26.5625,8092
2001-01-11,26.5625,31.25,26.5625,28.125,28.125,7928
2001-01-12,30.46875,32.03125,28.90625,29.6875,29.6875,9392
2001-01-16,29.6875,32.8125,28.90625,29.6875,29.6875,4304
2001-01-17,29.6875,34.375,29.6875,29.6875,29.6875,8236
2001-01-18,30.46875,30.46875,28.90625,28.90625,28.90625,1420
2001-01-19,30.46875,30.46875,26.5625,28.125,28.125,3416
2001-01-22,27.34375,27.34375,25.78125,25.78125,25.78125,3476
2001-01-23,25.0,26.5625,23.4375,25.0,25.0,2512
2001-01-24,24.21875,25.0,23.4375,24.21875,24.21875,1664
2001-01-25,23.828125,26.5625,22.65625,25.0,25.0,6588
2001-01-26,26.5625,27.34375,24.21875,25.0,25.0,3060
2001-01-29,25.78125,25.78125,24.21875,25.78125,25.78125,3400
2001-01-30,25.78125,28.125,25.0,25.78125,25.78125,9808
2001-01-31,26.5625,26.5625,24.21875,25.0,25.0,8580
2001-02-01,25.0,26.5625,25.0,25.0,25.0,1120
2001-02-02,25.0,25.78125,23.4375,25.0,25.0,5440
2001-02-05,25.78125,25.78125,24.21875,24.609375,24.609375,1804
2001-02-06,24.21875,25.0,23.4375,24.21875,24.21875,1132
2001-02-07,24.609375,24.609375,23.4375,24.21875,24.21875,1616
2001-02-08,23.4375,24.21875,23.4375,23.4375,23.4375,2072
2001-02-09,23.828125,25.0,23.4375,24.21875,24.21875,2548
2001-02-12,23.4375,25.78125,23.4375,25.78125,25.78125,1812
2001-02-13,24.21875,25.0,23.4375,24.21875,24.21875,796
2001-02-14,23.828125,25.0,23.4375,25.0,25.0,2216
2001-02-15,23.4375,25.0,23.4375,24.21875,24.21875,2476
2001-02-16,24.21875,25.78125,24.21875,25.0,25.0,2860
2001-02-20,25.0,25.78125,21.875,23.4375,23.4375,2572
2001-02-21,22.65625,23.4375,19.53125,20.3125,20.3125,2476
2001-02-22,21.09375,21.09375,19.53125,20.3125,20.3125,1452
2001-02-23,19.53125,21.09375,19.53125,20.3125,20.3125,1304
2001-02-26,20.3125,20.3125,18.75,18.75,18.75,2252
2001-02-27,18.75,19.921875,18.75,19.921875,19.921875,5124
2001-02-28,18.75,19.53125,18.75,18.75,18.75,1840
2001-03-01,18.75,19.53125,17.1875,17.96875,17.96875,3500
2001-03-02,17.96875,18.75,17.1875,18.75,18.75,1548
2001-03-05,18.359375,18.75,16.40625,17.96875,17.96875,2088
2001-03-06,17.96875,20.3125,17.96875,20.3125,20.3125,2372
2001-03-07,20.3125,20.3125,17.96875,19.53125,19.53125,1332
2001-03-08,18.75,19.53125,17.96875,17.96875,17.96875,940
2001-03-09,18.75,20.3125,17.96875,19.53125,19.53125,2168
2001-03-12,19.53125,19.53125,17.96875,17.96875,17.96875,2268
2001-03-13,17.96875,23.4375,17.1875,23.4375,23.4375,11256
2001-03-14,20.3125,22.65625,18.75,20.3125,20.3125,3272
2001-03-15,20.3125,20.3125,16.40625,16.40625,16.40625,4120
2001-03-16,17.96875,18.75,15.625,16.40625,16.40625,9232
2001-03-19,16.40625,17.1875,14.84375,15.625,15.625,14164
2001-03-20,14.84375,15.625,11.71875,15.625,15.625,24260
2001-03-21,15.625,17.96875,15.234375,16.40625,16.40625,3816
2001-03-22,16.40625,17.1875,14.84375,17.1875,17.1875,2404
2001-03-23,15.625,25.78125,15.625,25.0,25.0,43268
2001-03-26,24.21875,24.21875,21.09375,21.875,21.875,12344
2001-03-27,21.875,21.875,17.1875,17.1875,17.1875,8728
2001-03-28,18.75,18.75,16.40625,16.40625,16.40625,7640
2001-03-29,17.96875,17.96875,15.625,15.625,15.625,10416
2001-03-30,15.625,15.625,14.84375,14.84375,14.84375,12740
2001-04-02,14.84375,14.84375,13.28125,14.0625,14.0625,12852
2001-04-03,13.28125,14.84375,13.28125,14.0625,14.0625,9720
2001-04-04,14.0625,14.0625,10.9375,12.5,12.5,7600
2001-04-05,12.890625,15.625,12.5,14.84375,14.84375,7908
2001-04-06,13.671875,14.84375,13.28125,14.0625,14.0625,3788
2001-04-09,14.75,14.75,13.25,14.25,14.25,2976
2001-04-10,13.75,14.25,13.25,14.0,14.0,1168
2001-04-11,14.0,14.5,13.0,13.25,13.25,2652
2001-04-12,13.0,13.75,12.25,12.5,12.5,7508
2001-04-16,12.5,12.75,10.5,11.5,11.5,12712
2001-04-17,11.75,11.75,10.5,11.75,11.75,11744
2001-04-18,11.75,12.25,10.5,11.0,11.0,15276
2001-04-19,11.25,11.75,10.75,11.0,11.0,6964
2001-04-20,11.0,12.5,11.0,11.75,11.75,3864
2001-04-23,12.0,12.0,11.0,11.0,11.0,4840
2001-04-24,11.5,11.5,11.0,11.25,11.25,3976
2001-04-25,11.5,11.75,11.25,11.5,11.5,5772
2001-04-26,11.5,12.25,11.5,11.75,11.75,4296
2001-04-27,11.5,12.25,11.5,11.75,11.75,1148
2001-04-30,12.0,18.5,11.75,17.5,17.5,16272
2001-05-01,17.75,18.75,16.0,16.5,16.5,5928
2001-05-02,17.0,17.0,13.5,15.5,15.5,3028
2001-05-03,16.0,16.0,14.0,15.0,15.0,2368
2001-05-04,14.5,22.0,14.0,18.75,18.75,14604
2001-05-07,17.75,19.25,16.75,17.25,17.25,2324
2001-05-08,18.25,18.25,16.25,16.5,16.5,3032
2001-05-09,16.75,18.75,16.25,18.5,18.5,3088
2001-05-10,19.25,19.25,17.75,18.75,18.75,2424
2001-05-11,18.75,25.0,17.75,18.75,18.75,5380
2001-05-14,18.25,19.5,18.0,18.5,18.5,3064
2001-05-15,17.75,18.5,17.75,18.5,18.5,2784
2001-05-16,18.0,18.0,17.0,17.75,17.75,2052
2001-05-17,17.75,19.0,16.5,18.5,18.5,4468
2001-05-18,18.75,19.25,17.5,19.0,19.0,7656
2001-05-21,18.75,19.5,18.0,19.5,19.5,4332
2001-05-22,19.0,21.5,19.0,21.25,21.25,5248
2001-05-23,21.75,22.0,20.5,21.0,21.0,2176
2001-05-24,21.0,22.0,20.5,21.75,21.75,2104
2001-05-25,21.5,25.0,21.0,24.0,24.0,10796
2001-05-29,24.75,24.75,20.25,22.5,22.5,5420
2001-05-30,22.5,22.5,19.5,20.5,20.5,3292
2001-05-31,20.5,24.25,20.0,23.5,23.5,3856
2001-06-01,23.5,24.25,21.75,23.0,23.0,2888
2001-06-04,22.75,23.75,21.5,21.5,21.5,4028
2001-06-05,22.5,22.5,21.5,22.25,22.25,1688
2001-06-06,21.5,22.0,21.0,21.25,21.25,884
2001-06-07,21.25,21.75,18.25,20.75,20.75,5540
2001-06-08,21.25,21.25,19.75,20.5,20.5,1048
2001-06-11,18.5,20.0,18.25,20.0,20.0,5012
2001-06-12,19.75,20.5,19.5,20.5,20.5,1512
2001-06-13,21.0,24.0,20.5,21.25,21.25,8736
2001-06-14,22.0,22.5,20.25,21.0,21.0,2064
2001-06-15,20.25,21.0,19.5,19.5,19.5,1692
2001-06-18,19.0,19.25,15.75,16.25,16.25,9672
2001-06-19,16.25,16.75,15.25,16.25,16.25,4816
2001-06-20,15.5,15.5,13.5,14.5,14.5,7964
2001-06-21,13.5,16.5,13.0,16.0,16.0,5328
2001-06-22,15.0,16.75,14.75,16.25,16.25,4080
2001-06-25,15.75,16.0,15.75,15.75,15.75,536
2001-06-26,16.75,16.75,15.75,15.75,15.75,568
2001-06-27,15.25,16.0,14.5,14.5,14.5,2792
2001-06-28,16.0,16.75,15.0,15.25,15.25,3092
2001-06-29,15.5,16.25,15.25,15.25,15.25,1452
2001-07-02,16.0,16.0,15.0,16.0,16.0,2316
2001-07-03,15.5,15.75,15.5,15.5,15.5,984
2001-07-05,15.0,15.5,14.25,15.25,15.25,2392
2001-07-06,15.0,15.5,14.75,14.75,14.75,3648
2001-07-09,15.0,15.5,13.25,13.25,13.25,2760
2001-07-10,14.5,14.75,13.75,13.75,13.75,1436
2001-07-11,13.25,13.5,12.5,12.5,12.5,4988
2001-07-12,12.5,13.5,12.0,12.5,12.5,4368
2001-07-13,12.5,13.0,12.25,12.25,12.25,4464
2001-07-16,12.5,12.75,11.75,12.0,12.0,4128
2001-07-17,11.75,12.25,11.5,12.25,12.25,3428
2001-07-18,12.0,12.0,11.0,11.75,11.75,5260
2001-07-19,11.5,11.75,11.25,11.5,11.5,3364
2001-07-20,11.0,11.25,10.5,11.0,11.0,3428
2001-07-23,11.25,12.0,11.0,11.5,11.5,4736
2001-07-24,11.25,11.75,10.75,11.25,11.25,2756
2001-07-25,11.75,11.75,10.5,10.75,10.75,3752
2001-07-26,11.0,11.0,10.5,10.5,10.5,1604
2001-07-27,10.5,11.0,10.5,10.75,10.75,816
2001-07-30,11.0,11.25,11.0,11.25,11.25,1812
2001-07-31,11.5,12.5,11.25,11.5,11.5,6544
2001-08-01,11.5,12.75,11.5,12.5,12.5,3604
2001-08-02,12.0,14.25,12.0,13.75,13.75,5024
2001-08-03,13.75,17.5,13.25,15.5,15.5,6592
2001-08-06,15.0,16.75,15.0,15.5,15.5,3260
2001-08-07,16.0,16.0,15.0,15.25,15.25,1160
2001-08-08,15.0,16.25,14.75,15.0,15.0,4024
2001-08-09,15.0,15.0,13.75,14.0,14.0,2584
2001-08-10,14.5,15.0,12.75,14.0,14.0,3900
2001-08-13,14.0,14.0,11.75,13.0,13.0,3068
2001-08-14,13.0,13.5,12.0,12.25,12.25,1800
2001-08-15,12.0,12.5,11.75,11.75,11.75,1484
2001-08-16,11.25,11.75,11.25,11.25,11.25,3612
2001-08-17,11.0,11.25,10.75,11.25,11.25,2340
2001-08-20,11.5,11.5,10.75,10.75,10.75,3292
2001-08-21,10.75,10.75,8.75,9.75,9.75,6804
2001-08-22,10.0,10.25,9.75,10.25,10.25,3284
2001-08-23,10.25,13.0,10.0,11.75,11.75,25216
2001-08-24,11.75,11.75,10.25,11.25,11.25,5328
2001-08-27,11.25,11.5,10.75,11.0,11.0,7056
2001-08-28,11.25,11.25,10.25,10.5,10.5,3028
2001-08-29,10.5,10.75,10.25,10.75,10.75,1176
2001-08-30,10.5,12.0,10.0,11.75,11.75,4688
2001-08-31,10.75,14.0,10.25,13.25,13.25,12576
2001-09-04,13.5,13.5,12.25,13.25,13.25,4348
2001-09-05,13.5,13.5,12.0,13.25,13.25,8640
2001-09-06,13.0,13.25,12.0,12.0,12.0,4224
2001-09-07,11.75,11.75,10.5,10.75,10.75,5296
2001-09-10,11.0,11.0,10.25,10.5,10.5,6232
2001-09-17,9.75,11.5,8.75,9.25,9.25,6880
2001-09-18,9.75,10.25,9.5,9.5,9.5,2096
2001-09-19,9.75,9.75,8.5,8.75,8.75,5252
2001-09-20,9.5,10.5,9.25,10.0,10.0,5484
2001-09-21,10.0,11.75,9.5,10.75,10.75,5324
2001-09-24,10.0,10.75,9.75,10.0,10.0,3260
2001-09-25,10.75,11.75,10.0,11.75,11.75,6704
2001-09-26,12.5,12.5,10.75,11.25,11.25,2496
2001-09-27,11.25,11.25,9.5,10.5,10.5,2916
2001-09-28,10.75,11.25,10.25,11.25,11.25,3492
2001-10-01,11.0,11.5,10.5,11.0,11.0,2064
2001-10-02,10.25,10.75,10.0,10.5,10.5,668
2001-10-03,10.5,10.75,10.25,10.25,10.25,1984
2001-10-04,10.5,10.5,10.25,10.25,10.25,1444
2001-10-05,10.25,10.75,9.75,10.75,10.75,3060
2001-10-08,10.25,10.75,10.0,10.5,10.5,2320
2001-10-09,10.5,11.0,10.5,11.0,11.0,1880
2001-10-10,10.75,12.25,10.75,11.5,11.5,5004
2001-10-11,11.5,12.0,11.5,11.75,11.75,2036
2001-10-12,11.25,12.0,10.25,10.5,10.5,2924
2001-10-15,10.5,11.25,10.5,10.5,10.5,2964
2001-10-16,10.75,11.5,10.25,10.75,10.75,6892
2001-10-17,10.5,11.25,10.25,10.75,10.75,5100
2001-10-18,10.5,11.75,10.5,11.75,11.75,1880
2001-10-19,11.0,12.0,11.0,12.0,12.0,7008
2001-10-22,11.5,12.25,11.0,11.0,11.0,2832
2001-10-23,11.0,11.75,11.0,11.25,11.25,1040
2001-10-24,10.75,12.25,10.75,11.75,11.75,4608
2001-10-25,11.25,11.75,11.0,11.5,11.5,1440
2001-10-26,11.5,12.25,11.0,11.25,11.25,4392
2001-10-29,11.0,11.25,10.5,10.75,10.75,4816
2001-10-30,10.5,10.5,10.0,10.25,10.25,2896
2001-10-31,10.0,10.5,9.75,9.75,9.75,7692
2001-11-01,10.25,10.25,10.0,10.0,10.0,256
2001-11-02,10.0,10.25,9.25,9.75,9.75,7088
2001-11-05,9.5,10.25,9.25,9.25,9.25,4576
2001-11-06,9.25,9.75,9.25,9.5,9.5,4076
2001-11-07,9.0,11.0,9.0,9.75,9.75,6256
2001-11-08,10.5,10.75,10.0,10.25,10.25,1516
2001-11-09,10.5,10.75,10.25,10.25,10.25,2716
2001-11-12,10.75,10.75,10.0,10.75,10.75,3980
2001-11-13,10.5,11.25,10.25,11.25,11.25,5848
2001-11-14,11.25,11.75,11.0,11.5,11.5,7888
2001-11-15,11.5,12.25,11.0,11.75,11.75,6288
2001-11-16,11.5,12.25,11.0,12.0,12.0,6864
2001-11-19,12.25,13.75,12.0,13.25,13.25,8416
2001-11-20,13.75,16.0,13.25,15.0,15.0,11732
2001-11-21,15.5,18.5,15.0,17.5,17.5,9900
2001-11-23,17.0,17.5,15.25,17.0,17.0,3216
2001-11-26,17.25,17.5,15.0,15.75,15.75,6032
2001-11-27,15.25,16.0,13.0,13.75,13.75,5332
2001-11-28,13.0,13.5,13.0,13.0,13.0,344
2001-11-29,13.0,13.0,12.0,12.5,12.5,3356
2001-11-30,12.5,16.5,11.75,16.5,16.5,7824
2001-12-03,16.0,17.0,13.75,14.75,14.75,6212
2001-12-04,14.5,15.0,14.25,15.0,15.0,2820
2001-12-05,14.75,16.0,14.5,14.5,14.5,4448
2001-12-06,14.5,15.25,13.75,14.25,14.25,3080
2001-12-07,14.0,14.5,13.5,13.75,13.75,2740
2001-12-10,13.5,14.25,13.25,13.25,13.25,2208
2001-12-11,13.0,13.25,12.25,12.5,12.5,5136
2001-12-12,12.25,13.75,12.25,13.25,13.25,6448
2001-12-13,13.0,13.75,13.0,13.75,13.75,2000
2001-12-14,13.5,14.0,12.75,12.75,12.75,2720
2001-12-17,12.5,12.75,11.5,12.25,12.25,3412
2001-12-18,11.75,12.25,11.25,11.5,11.5,2656
2001-12-19,11.0,12.0,10.5,11.5,11.5,3464
2001-12-20,11.25,11.25,10.25,11.0,11.0,15452
2001-12-21,11.0,13.25,11.0,12.5,12.5,12872
2001-12-24,13.0,13.0,11.5,12.5,12.5,1620
2001-12-26,11.75,13.0,10.5,11.75,11.75,10488
2001-12-27,10.5,12.0,10.25,12.0,12.0,23064
2001-12-28,11.5,11.75,10.0,11.0,11.0,22640
2001-12-31,10.75,11.5,10.25,10.75,10.75,19000
2002-01-02,11.25,11.75,10.75,11.5,11.5,2496
2002-01-03,12.0,12.25,10.0,11.5,11.5,3708
2002-01-04,11.75,12.25,11.5,12.0,12.0,2288
2002-01-07,11.5,13.75,11.5,13.0,13.0,7060
2002-01-08,13.5,13.5,12.0,13.25,13.25,3452
2002-01-09,13.25,15.0,12.75,14.5,14.5,12832
2002-01-10,14.5,15.0,13.75,14.5,14.5,4988
2002-01-11,15.0,15.0,13.75,15.0,15.0,4204
2002-01-14,15.0,16.25,12.0,16.25,16.25,12588
2002-01-15,16.5,16.5,14.5,15.0,15.0,7464
2002-01-16,15.0,15.0,13.75,14.25,14.25,4864
2002-01-17,14.0,14.0,12.75,13.75,13.75,8492
2002-01-18,13.5,13.75,12.5,12.5,12.5,4008
2002-01-22,13.5,14.75,12.5,13.75,13.75,6284
2002-01-23,14.0,14.0,13.25,14.0,14.0,1320
2002-01-24,13.25,13.75,13.25,13.5,13.5,4256
2002-01-25,13.25,13.25,12.25,13.0,13.0,3696
2002-01-28,13.25,13.25,11.75,12.75,12.75,3432
2002-01-29,12.25,12.75,12.25,12.25,12.25,960
2002-01-30,12.0,12.75,11.5,11.5,11.5,2480
2002-01-31,12.0,12.0,11.5,11.75,11.75,1980
2002-02-01,11.75,11.75,11.5,11.5,11.5,1264
2002-02-04,11.75,11.75,11.0,11.0,11.0,1064
2002-02-05,10.75,11.0,10.75,10.75,10.75,1556
2002-02-06,10.75,11.25,10.75,11.25,11.25,516
2002-02-07,11.25,11.5,10.75,10.75,10.75,4708
2002-02-08,11.25,12.5,11.0,12.5,12.5,6780
2002-02-11,12.5,12.5,11.25,11.75,11.75,1516
2002-02-12,11.5,12.5,11.25,11.75,11.75,1932
2002-02-13,11.75,11.75,10.75,11.25,11.25,2864
2002-02-14,10.75,11.75,10.75,11.25,11.25,3036
2002-02-15,11.5,11.5,11.25,11.25,11.25,1084
2002-02-19,11.5,12.0,10.75,11.25,11.25,1472
2002-02-20,11.5,11.75,10.75,10.75,10.75,2708
2002-02-21,11.0,11.75,11.0,11.75,11.75,3140
2002-02-22,11.25,11.75,11.25,11.75,11.75,1800
2002-02-25,12.0,12.75,11.5,12.0,12.0,6724
2002-02-26,11.75,12.25,11.25,11.75,11.75,1280
2002-02-27,12.0,12.25,11.25,11.5,11.5,1864
2002-02-28,12.25,12.25,11.5,11.5,11.5,2684
2002-03-01,11.5,12.25,11.5,12.0,12.0,4900
2002-03-04,11.75,12.5,11.0,11.5,11.5,1896
2002-03-05,11.25,11.75,11.25,11.5,11.5,2328
2002-03-06,11.25,11.75,10.75,11.5,11.5,1648
2002-03-07,11.25,11.75,11.0,11.25,11.25,864
2002-03-08,11.25,12.25,11.0,11.5,11.5,2468
2002-03-11,11.25,11.75,10.75,11.25,11.25,2792
2002-03-12,11.25,11.5,11.0,11.5,11.5,1492
2002-03-13,11.0,11.5,10.75,11.25,11.25,1580
2002-03-14,11.25,12.0,11.25,12.0,12.0,2156
2002-03-15,11.75,12.0,11.25,11.25,11.25,2484
2002-03-18,11.75,12.0,10.75,11.0,11.0,3872
2002-03-19,11.0,11.75,11.0,11.5,11.5,6160
2002-03-20,12.0,12.0,11.25,11.75,11.75,2844
2002-03-21,11.25,11.5,10.75,10.75,10.75,3256
2002-03-22,11.25,12.0,11.0,11.25,11.25,6056
2002-03-25,11.25,11.5,11.0,11.25,11.25,4580
2002-03-26,11.25,11.5,11.0,11.25,11.25,1740
2002-03-27,11.5,12.0,11.0,11.75,11.75,4684
2002-03-28,11.75,12.5,11.5,12.5,12.5,5384
2002-04-01,12.5,12.75,11.75,12.75,12.75,5796
2002-04-02,12.75,14.0,12.5,13.5,13.5,7436
2002-04-03,14.0,14.5,12.5,13.75,13.75,5792
2002-04-04,13.75,13.75,13.0,13.75,13.75,2852
2002-04-05,13.75,14.0,13.0,13.5,13.5,1868
2002-04-08,13.0,13.25,12.25,12.5,12.5,1860
2002-04-09,12.25,12.75,12.0,12.25,12.25,2948
2002-04-10,12.75,12.75,11.75,12.25,12.25,1992
2002-04-11,12.0,12.0,10.75,11.75,11.75,4704
2002-04-12,12.0,12.5,11.25,12.5,12.5,1532
2002-04-15,12.5,13.0,12.0,13.0,13.0,2256
2002-04-16,13.75,14.0,11.75,12.25,12.25,4524
2002-04-17,12.5,13.0,12.0,13.0,13.0,4576
2002-04-18,12.75,13.5,12.5,13.0,13.0,3936
2002-04-19,13.25,13.25,12.5,13.0,13.0,2280
2002-04-22,12.5,13.5,12.5,13.25,13.25,2596
2002-04-23,13.0,13.25,12.75,13.0,13.0,3788
2002-04-24,13.0,13.5,12.75,13.25,13.25,1028
2002-04-25,13.0,13.25,12.75,13.25,13.25,356
2002-04-26,13.0,13.25,12.75,13.0,13.0,2056
2002-04-29,13.25,13.25,12.5,13.0,13.0,1436
2002-04-30,13.25,13.25,12.5,13.0,13.0,2188
2002-05-01,13.0,13.0,12.5,13.0,13.0,1992
2002-05-02,12.5,13.25,12.0,12.5,12.5,1872
2002-05-03,12.25,12.75,12.25,12.75,12.75,968
2002-05-06,12.5,13.0,12.25,12.25,12.25,2476
2002-05-07,12.5,13.0,12.25,12.5,12.5,1436
2002-05-08,12.5,12.75,12.25,12.5,12.5,6308
2002-05-09,12.25,12.5,12.25,12.5,12.5,1524
2002-05-10,12.5,12.5,12.25,12.5,12.5,760
2002-05-13,12.25,12.5,12.0,12.0,12.0,4344
2002-05-14,12.75,12.75,12.25,12.75,12.75,4432
2002-05-15,12.5,13.0,12.25,13.0,13.0,2832
2002-05-16,12.5,12.5,12.25,12.5,12.5,5180
2002-05-17,12.75,12.75,11.75,12.75,12.75,3948
2002-05-20,13.0,13.0,12.0,12.75,12.75,3412
2002-05-21,12.75,13.0,12.0,13.0,13.0,2712
2002-05-22,13.0,13.0,11.25,11.75,11.75,1712
2002-05-23,12.0,12.5,11.25,11.75,11.75,1748
2002-05-24,12.5,12.75,11.75,12.5,12.5,3828
2002-05-28,12.75,13.25,12.5,12.75,12.75,8576
2002-05-29,12.75,13.75,12.75,13.5,13.5,7708
2002-05-30,13.25,17.5,13.25,17.25,17.25,20092
2002-05-31,17.5,19.25,17.25,18.0,18.0,20908
2002-06-03,17.75,18.5,15.5,16.5,16.5,6276
2002-06-04,15.75,21.75,15.75,20.75,20.75,17940
2002-06-05,23.25,23.5,12.75,14.5,14.5,68580
2002-06-06,15.0,15.5,12.75,13.25,13.25,6852
2002-06-07,13.0,13.25,12.0,12.75,12.75,4380
2002-06-10,13.0,15.0,13.0,14.5,14.5,4428
2002-06-11,14.75,16.25,14.25,15.75,15.75,4620
2002-06-12,16.0,17.0,15.25,16.25,16.25,4704
2002-06-13,16.25,16.25,15.25,15.5,15.5,1824
2002-06-14,15.0,17.5,14.5,17.5,17.5,7432
2002-06-17,18.75,19.75,15.0,15.75,15.75,5116
2002-06-18,15.75,15.75,14.5,15.0,15.0,3380
2002-06-19,13.0,13.75,12.5,13.0,13.0,4360
2002-06-20,13.5,13.5,12.5,12.5,12.5,3448
2002-06-21,12.25,12.5,11.25,12.25,12.25,6420
2002-06-24,12.25,13.0,11.25,11.5,11.5,7316
2002-06-25,11.5,12.0,11.25,12.0,12.0,3204
2002-06-26,11.5,12.25,10.5,11.75,11.75,6716
2002-06-27,11.5,11.5,10.5,11.5,11.5,1892
2002-06-28,11.75,12.25,11.0,11.75,11.75,1928
2002-07-01,11.5,11.75,10.5,11.25,11.25,2868
2002-07-02,10.75,10.75,8.75,9.75,9.75,3884
2002-07-03,9.25,10.0,9.0,10.0,10.0,3568
2002-07-05,9.5,9.5,7.25,8.25,8.25,4704
2002-07-08,7.5,10.25,7.5,9.5,9.5,3820
2002-07-09,9.5,10.25,9.0,9.0,9.0,2272
2002-07-10,9.25,9.75,8.5,8.5,8.5,2548
2002-07-11,8.5,9.75,8.5,9.25,9.25,2476
2002-07-12,9.5,9.5,8.75,9.0,9.0,1720
2002-07-15,8.75,10.0,7.75,8.75,8.75,3192
2002-07-16,9.0,9.0,8.0,8.75,8.75,4424
2002-07-17,8.75,8.75,7.75,8.0,8.0,2272
2002-07-18,7.5,9.5,7.5,9.25,9.25,5908
2002-07-19,8.5,11.0,7.75,9.25,9.25,5680
2002-07-22,8.75,9.5,8.75,8.75,8.75,1228
2002-07-23,8.75,9.0,7.75,8.25,8.25,5080
2002-07-24,7.75,8.5,7.75,8.25,8.25,1464
2002-07-25,8.0,8.75,7.5,7.75,7.75,1704
2002-07-26,8.0,8.25,7.5,8.0,8.0,2412
2002-07-29,8.5,8.5,7.75,7.75,7.75,3440
2002-07-30,8.25,8.25,7.25,7.5,7.5,3644
2002-07-31,7.75,7.75,6.75,7.25,7.25,4308
2002-08-01,7.5,8.25,7.0,8.25,8.25,6236
2002-08-02,8.25,8.25,7.75,8.25,8.25,2472
2002-08-05,8.25,8.25,7.5,8.0,8.0,2580
2002-08-06,7.5,8.0,7.5,8.0,8.0,1100
2002-08-07,7.5,9.25,7.5,8.5,8.5,7776
2002-08-08,8.5,9.25,8.0,9.25,9.25,5636
2002-08-09,8.75,8.75,8.25,8.75,8.75,772
2002-08-12,8.75,9.75,8.0,9.5,9.5,4560
2002-08-13,8.75,9.5,8.75,8.75,8.75,1476
2002-08-14,8.5,9.0,8.25,8.5,8.5,3868
2002-08-15,8.75,9.5,8.5,9.5,9.5,2784
2002-08-16,9.5,10.25,9.25,10.25,10.25,7616
2002-08-19,10.75,12.0,10.75,10.75,10.75,7544
2002-08-20,10.75,11.0,9.75,9.75,9.75,2020
2002-08-21,10.0,10.0,9.0,9.25,9.25,3084
2002-08-22,9.0,9.0,8.0,8.5,8.5,5852
2002-08-23,8.25,9.75,8.25,9.5,9.5,1836
2002-08-26,9.0,9.75,8.75,9.25,9.25,2272
2002-08-27,8.25,9.25,8.25,8.25,8.25,1352
2002-08-28,8.75,9.0,8.25,8.75,8.75,3888
2002-08-29,8.5,9.0,8.0,8.5,8.5,7052
2002-08-30,8.25,9.0,8.0,9.0,9.0,2064
2002-09-03,8.25,8.75,8.25,8.5,8.5,2296
2002-09-04,8.5,8.75,8.0,8.25,8.25,2044
2002-09-05,8.25,8.75,8.0,8.25,8.25,2332
2002-09-06,8.0,8.75,8.0,8.5,8.5,3832
2002-09-09,8.75,8.75,8.5,8.75,8.75,3788
2002-09-10,8.75,8.75,8.25,8.25,8.25,1764
2002-09-11,8.25,9.0,8.25,8.5,8.5,6316
2002-09-12,8.75,8.75,8.25,8.5,8.5,428
2002-09-13,8.25,8.5,8.25,8.25,8.25,460
2002-09-16,8.25,8.25,7.75,8.0,8.0,2768
2002-09-17,7.75,8.0,7.25,7.5,7.5,4764
2002-09-18,7.5,7.5,6.25,7.25,7.25,3584
2002-09-19,6.5,7.0,6.25,6.75,6.75,5296
2002-09-20,7.0,7.0,6.5,6.75,6.75,3460
2002-09-23,6.5,6.5,5.5,6.0,6.0,7788
2002-09-24,6.0,6.0,4.5,5.25,5.25,7916
2002-09-25,5.0,6.0,5.0,5.5,5.5,3972
2002-09-26,5.75,6.0,5.5,6.0,6.0,2312
2002-09-27,6.0,7.0,6.0,6.5,6.5,6216
2002-09-30,6.0,6.25,5.0,5.5,5.5,8756
2002-10-01,5.25,5.5,4.75,5.0,5.0,4944
2002-10-02,5.0,5.0,4.75,5.0,5.0,5520
2002-10-03,4.75,5.0,4.5,4.5,4.5,2612
2002-10-04,4.75,4.75,4.0,4.5,4.5,5884
2002-10-07,4.5,4.5,4.0,4.25,4.25,2824
2002-10-08,4.25,4.5,4.0,4.25,4.25,4128
2002-10-09,4.25,4.75,4.25,4.5,4.5,6732
2002-10-10,4.5,4.75,4.5,4.5,4.5,1848
2002-10-11,5.25,5.25,4.25,4.5,4.5,9616
2002-10-14,4.25,4.75,4.25,4.5,4.5,4052
2002-10-15,4.5,4.75,4.25,4.75,4.75,2068
2002-10-16,4.75,4.75,4.0,4.25,4.25,3976
2002-10-17,4.0,4.75,4.0,4.75,4.75,2996
2002-10-18,4.75,5.5,4.0,4.5,4.5,2264
2002-10-21,4.5,5.0,4.0,4.75,4.75,11980
2002-10-22,5.0,5.25,3.75,5.0,5.0,11732
2002-10-23,5.0,5.25,4.25,5.0,5.0,1596
2002-10-24,5.0,5.25,4.5,4.75,4.75,6736
2002-10-25,5.0,5.25,4.75,5.0,5.0,4040
2002-10-28,5.25,5.5,5.0,5.25,5.25,5628
2002-10-29,5.0,5.0,4.75,4.75,4.75,2432
2002-10-30,4.75,5.0,4.25,5.0,5.0,3580
2002-10-31,4.5,5.75,4.5,5.75,5.75,7988
2002-11-01,5.5,6.75,5.0,6.25,6.25,5652
2002-11-04,6.25,6.5,5.25,6.0,6.0,4900
2002-11-05,5.75,5.75,5.25,5.75,5.75,2228
2002-11-06,5.0,6.75,5.0,6.75,6.75,5032
2002-11-07,6.5,8.0,6.0,8.0,8.0,5168
2002-11-08,8.25,8.5,7.5,8.0,8.0,5496
2002-11-11,8.0,8.0,5.0,7.0,7.0,10260
2002-11-12,7.0,7.5,5.5,6.25,6.25,2860
2002-11-13,6.0,6.75,6.0,6.5,6.5,1684
2002-11-14,6.0,6.75,5.75,6.5,6.5,628
2002-11-15,5.5,7.75,5.5,7.75,7.75,5664
2002-11-18,6.75,7.75,6.25,7.0,7.0,2280
2002-11-19,6.5,7.0,6.0,6.25,6.25,1464
2002-11-20,6.0,6.25,6.0,6.25,6.25,1016
2002-11-21,6.0,7.0,6.0,6.5,6.5,5152
2002-11-22,6.5,7.5,6.25,7.5,7.5,6040
2002-11-25,7.5,8.0,6.75,7.5,7.5,5424
2002-11-26,6.75,7.75,6.75,7.25,7.25,6264
2002-11-27,7.0,8.75,7.0,8.0,8.0,7108
2002-11-29,8.0,8.75,8.0,8.75,8.75,2336
2002-12-02,8.25,8.25,6.5,7.5,7.5,2860
2002-12-03,7.0,7.5,6.5,6.75,6.75,4356
2002-12-04,6.75,7.5,6.25,7.25,7.25,3388
2002-12-05,7.0,7.0,6.25,6.25,6.25,2380
2002-12-06,6.0,6.25,5.5,6.25,6.25,2316
2002-12-09,6.25,6.25,5.5,6.25,6.25,4084
2002-12-10,5.75,6.75,5.25,6.75,6.75,6104
2002-12-11,6.5,6.5,5.5,6.0,6.0,1104
2002-12-12,5.5,6.25,4.75,5.5,5.5,3232
2002-12-13,5.25,5.75,5.0,5.25,5.25,3340
2002-12-16,5.25,5.5,5.0,5.25,5.25,1744
2002-12-17,5.0,5.25,4.5,4.5,4.5,5192
2002-12-18,4.5,4.75,3.75,4.5,4.5,5908
2002-12-19,4.0,5.0,4.0,4.75,4.75,4912
2002-12-20,4.25,5.0,4.25,4.75,4.75,1400
2002-12-23,4.75,4.75,4.0,4.25,4.25,5664
2002-12-24,4.75,4.75,3.75,4.25,4.25,6624
2002-12-26,4.0,5.5,3.75,4.5,4.5,8908
2002-12-27,4.75,5.0,4.5,5.0,5.0,11188
2002-12-30,5.0,5.0,3.75,4.25,4.25,15436
2002-12-31,4.25,4.75,3.75,4.75,4.75,11748
2003-01-02,4.5,4.75,4.25,4.25,4.25,5296
2003-01-03,4.75,4.75,4.0,4.25,4.25,5724
2003-01-06,4.5,5.0,4.25,5.0,5.0,16220
2003-01-07,4.75,4.75,4.25,4.25,4.25,7116
2003-01-08,4.25,4.75,4.25,4.25,4.25,1764
2003-01-09,4.25,4.75,3.75,4.75,4.75,3196
2003-01-10,4.25,4.5,4.25,4.25,4.25,1192
2003-01-13,4.5,5.0,4.25,4.5,4.5,10636
2003-01-14,4.25,5.25,4.25,4.75,4.75,11116
2003-01-15,4.75,6.0,4.75,5.25,5.25,45988
2003-01-16,5.25,5.5,4.5,4.75,4.75,12980
2003-01-17,4.75,5.0,4.75,4.75,4.75,3496
2003-01-21,5.75,5.75,4.25,5.0,5.0,4188
2003-01-22,4.75,4.75,4.25,4.5,4.5,3372
2003-01-23,4.5,4.5,4.25,4.5,4.5,1980
2003-01-24,4.25,4.5,4.0,4.5,4.5,5064
2003-01-27,4.25,4.75,4.0,4.75,4.75,8808
2003-01-28,4.5,5.0,4.25,4.5,4.5,4608
2003-01-29,4.25,4.5,4.0,4.25,4.25,5012
2003-01-30,4.0,4.25,3.75,3.75,3.75,1988
2003-01-31,3.75,4.0,3.75,3.75,3.75,3664
2003-02-03,3.75,4.25,3.5,4.25,4.25,10480
2003-02-04,4.0,4.0,3.5,3.75,3.75,3256
2003-02-05,3.75,4.0,3.75,3.75,3.75,1656
2003-02-06,3.75,4.25,3.75,4.0,4.0,3988
2003-02-07,4.25,4.5,3.5,3.75,3.75,3068
2003-02-10,3.75,4.0,3.75,3.75,3.75,2660
2003-02-11,3.75,3.75,3.25,3.75,3.75,1968
2003-02-12,3.25,3.75,3.25,3.25,3.25,3428
2003-02-13,3.25,3.5,3.0,3.25,3.25,5800
2003-02-14,3.25,3.75,3.0,3.25,3.25,4456
2003-02-18,3.75,3.75,3.0,3.75,3.75,4240
2003-02-19,3.75,3.75,3.0,3.5,3.5,4840
2003-02-20,3.25,3.75,3.25,3.5,3.5,3724
2003-02-21,3.75,4.25,3.25,3.5,3.5,11828
2003-02-24,3.5,3.75,3.5,3.75,3.75,3060
2003-02-25,3.5,4.0,3.25,4.0,4.0,6628
2003-02-26,4.25,4.25,3.75,4.0,4.0,14380
2003-02-27,4.0,4.25,3.75,4.25,4.25,3300
2003-02-28,3.75,4.25,3.75,4.25,4.25,2592
2003-03-03,4.0,4.25,3.75,4.0,4.0,7112
2003-03-04,4.25,4.25,3.75,4.0,4.0,8452
2003-03-05,4.0,4.0,3.5,4.0,4.0,3200
2003-03-06,3.75,4.0,3.5,3.75,3.75,3532
2003-03-07,3.75,4.25,3.5,4.25,4.25,2588
2003-03-10,4.25,4.25,3.5,3.5,3.5,5112
2003-03-11,4.0,4.0,3.5,3.75,3.75,5836
2003-03-12,3.75,4.0,3.5,3.75,3.75,1636
2003-03-13,3.75,3.75,3.25,3.75,3.75,7296
2003-03-14,3.75,4.0,3.5,3.75,3.75,2928
2003-03-17,3.75,4.0,3.5,3.5,3.5,6952
2003-03-18,3.75,3.75,3.5,3.5,3.5,1460
2003-03-19,3.5,4.75,3.25,4.75,4.75,13224
2003-03-20,4.75,4.75,4.25,4.5,4.5,7080
2003-03-21,4.75,4.75,4.25,4.25,4.25,1720
2003-03-24,4.25,4.25,3.75,4.25,4.25,3180
2003-03-25,4.0,4.5,4.0,4.25,4.25,4812
2003-03-26,4.5,4.5,3.25,3.5,3.5,11644
2003-03-27,4.5,4.75,3.0,4.5,4.5,11864
2003-03-28,4.75,5.75,4.5,5.5,5.5,26628
2003-03-31,6.0,8.75,5.25,7.75,7.75,31036
2003-04-01,9.75,10.25,7.5,9.5,9.5,18928
2003-04-02,8.0,9.75,7.75,9.5,9.5,13068
2003-04-03,8.25,9.25,6.5,9.25,9.25,16060
2003-04-04,7.0,8.75,7.0,8.75,8.75,11032
2003-04-07,8.25,9.25,8.0,8.75,8.75,6284
2003-04-08,8.5,9.0,7.75,8.5,8.5,6540
2003-04-09,7.5,8.75,7.5,8.25,8.25,6992
2003-04-10,8.0,8.5,7.5,8.0,8.0,5084
2003-04-11,7.5,8.25,7.5,7.75,7.75,2420
2003-04-14,8.25,8.25,7.25,7.75,7.75,14064
2003-04-15,7.5,8.5,7.5,8.0,8.0,5940
2003-04-16,7.5,8.25,7.5,7.75,7.75,2928
2003-04-17,8.75,8.75,7.25,7.5,7.5,4800
2003-04-21,7.25,7.5,6.75,7.25,7.25,2796
2003-04-22,6.75,7.25,6.5,6.5,6.5,4776
2003-04-23,6.5,6.75,6.25,6.75,6.75,5076
2003-04-24,6.25,7.0,6.25,7.0,7.0,872
2003-04-25,7.0,7.5,6.75,7.25,7.25,18916
2003-04-28,7.5,7.5,6.5,7.25,7.25,15152
2003-04-29,7.0,7.0,6.5,7.0,7.0,1952
2003-04-30,6.75,6.75,6.25,6.5,6.5,1056
2003-05-01,6.5,6.5,6.25,6.5,6.5,3228
2003-05-02,6.25,6.5,5.75,6.0,6.0,6412
2003-05-05,6.5,6.5,5.75,6.25,6.25,4012
2003-05-06,5.75,6.25,5.5,6.25,6.25,6556
2003-05-07,5.5,7.5,5.5,7.5,7.5,30080
2003-05-08,7.75,9.25,7.5,8.25,8.25,26492
2003-05-09,7.5,8.5,7.0,7.25,7.25,8512
2003-05-12,7.0,7.5,6.25,7.5,7.5,1384
2003-05-13,7.5,7.75,6.25,7.0,7.0,3176
2003-05-14,6.75,7.25,6.25,6.75,6.75,18336
2003-05-15,6.25,7.0,6.25,7.0,7.0,3560
2003-05-16,6.25,6.75,6.25,6.25,6.25,8104
2003-05-19,6.5,6.5,6.25,6.25,6.25,4240
2003-05-20,6.5,7.0,6.5,6.75,6.75,21948
2003-05-21,7.0,7.5,6.5,7.0,7.0,10768
2003-05-22,7.0,7.0,6.5,6.5,6.5,8256
2003-05-23,6.75,6.75,6.5,6.5,6.5,1304
2003-05-27,6.75,6.75,6.25,6.5,6.5,4220
2003-05-28,6.25,6.5,6.25,6.5,6.5,1096
2003-05-29,6.25,6.5,6.25,6.5,6.5,5416
2003-05-30,6.25,6.5,6.25,6.25,6.25,5188
2003-06-02,6.25,6.25,6.25,6.25,6.25,8512
2003-06-03,6.0,6.5,6.0,6.5,6.5,11344
2003-06-04,7.0,7.5,6.25,7.0,7.0,33648
2003-06-05,6.75,7.25,6.25,6.75,6.75,14236
2003-06-06,6.25,7.0,6.25,6.5,6.5,7524
2003-06-09,6.75,7.0,6.5,6.5,6.5,5616
2003-06-10,6.75,7.0,6.0,6.5,6.5,12732
2003-06-11,7.0,7.25,6.25,7.0,7.0,23352
2003-06-12,7.0,7.0,6.25,6.75,6.75,7932
2003-06-13,6.75,7.25,6.5,7.25,7.25,9164
2003-06-16,7.5,7.75,6.75,7.5,7.5,16696
2003-06-17,7.75,7.75,7.0,7.25,7.25,9980
2003-06-18,7.5,7.5,6.75,6.75,6.75,4584
2003-06-19,7.0,7.0,6.5,6.75,6.75,5040
2003-06-20,6.75,6.75,6.25,6.25,6.25,6752
2003-06-23,6.5,7.25,6.5,7.25,7.25,512
2003-06-24,6.5,6.5,6.25,6.25,6.25,836
2003-06-25,6.25,6.5,6.25,6.5,6.5,1716
2003-06-26,6.25,6.5,6.25,6.5,6.5,1764
2003-06-27,6.25,7.0,6.25,7.0,7.0,11176
2003-06-30,6.25,7.0,6.25,6.25,6.25,4936
2003-07-01,6.75,7.0,6.25,6.75,6.75,8284
2003-07-02,7.0,7.5,7.0,7.25,7.25,26472
2003-07-03,7.5,11.25,7.25,9.75,9.75,58132
2003-07-07,9.25,10.0,8.25,8.75,8.75,18100
2003-07-08,8.5,9.25,8.25,8.25,8.25,20680
2003-07-09,8.75,8.75,7.25,7.75,7.75,8340
2003-07-10,8.0,10.0,7.5,9.5,9.5,26216
2003-07-11,10.0,10.5,9.5,10.25,10.25,16192
2003-07-14,10.25,10.5,9.0,9.75,9.75,7872
2003-07-15,10.5,10.5,9.25,10.0,10.0,11224
2003-07-16,9.5,10.25,9.5,10.0,10.0,10228
2003-07-17,10.25,12.25,9.5,12.25,12.25,36024
2003-07-18,12.5,17.5,12.5,15.0,15.0,54068
2003-07-21,15.0,17.75,14.75,17.5,17.5,38080
2003-07-22,17.5,17.5,16.5,16.5,16.5,20280
2003-07-23,16.25,17.25,14.5,17.25,17.25,27392
2003-07-24,16.75,18.75,15.75,17.75,17.75,35620
2003-07-25,17.5,17.75,15.0,15.0,15.0,20088
2003-07-28,14.5,15.75,12.25,15.5,15.5,18564
2003-07-29,14.25,15.5,14.25,14.25,14.25,1752
2003-07-30,14.0,14.75,12.25,13.5,13.5,11632
2003-07-31,13.5,14.0,13.5,13.75,13.75,2740
2003-08-01,14.25,16.5,13.5,16.5,16.5,3604
2003-08-04,15.25,16.75,14.75,16.5,16.5,4484
2003-08-05,16.0,17.0,15.75,16.25,16.25,2696
2003-08-06,16.25,17.0,16.25,16.75,16.75,2464
2003-08-07,16.25,16.5,15.5,16.25,16.25,4048
2003-08-08,15.75,16.25,13.75,15.5,15.5,1592
2003-08-11,14.25,15.25,14.25,15.0,15.0,1340
2003-08-12,15.0,15.25,14.25,14.25,14.25,2428
2003-08-13,13.75,16.5,13.75,16.5,16.5,14616
2003-08-14,16.5,17.0,16.25,17.0,17.0,6276
2003-08-15,17.25,17.25,16.75,17.0,17.0,5356
2003-08-18,17.25,17.25,16.0,16.0,16.0,2196
2003-08-19,16.0,17.0,16.0,17.0,17.0,7152
2003-08-20,16.75,17.0,16.0,16.5,16.5,4888
2003-08-21,16.0,16.25,15.5,15.5,15.5,6080
2003-08-22,16.0,17.25,15.75,16.5,16.5,7728
2003-08-25,17.0,17.5,16.0,17.5,17.5,11296
2003-08-26,17.25,18.25,17.25,18.0,18.0,10348
2003-08-27,18.5,21.25,18.25,20.5,20.5,33240
2003-08-28,20.75,21.25,20.0,20.5,20.5,12432
2003-08-29,20.5,21.25,18.75,21.25,21.25,13916
2003-09-02,20.0,22.0,19.75,20.5,20.5,13660
2003-09-03,20.75,20.75,19.0,19.5,19.5,8296
2003-09-04,19.5,20.0,18.0,18.5,18.5,5608
2003-09-05,18.0,18.5,15.5,16.75,16.75,20900
2003-09-08,16.75,17.25,16.0,16.25,16.25,7460
2003-09-09,16.25,17.0,16.25,16.5,16.5,2636
2003-09-10,16.75,16.75,15.5,15.5,15.5,8404
2003-09-11,15.5,16.25,14.75,15.25,15.25,5172
2003-09-12,15.25,15.5,14.0,15.0,15.0,12712
2003-09-15,14.5,15.75,14.5,15.75,15.75,8156
2003-09-16,16.0,16.0,13.75,13.75,13.75,14580
2003-09-17,13.75,14.75,12.75,14.0,14.0,9972
2003-09-18,14.0,15.0,13.5,14.5,14.5,6060
2003-09-19,13.75,21.0,13.5,19.25,19.25,31724
2003-09-22,18.75,19.5,15.25,16.0,16.0,13300
2003-09-23,15.5,17.5,15.5,16.5,16.5,9424
2003-09-24,16.5,17.25,16.5,16.75,16.75,3300
2003-09-25,16.5,16.5,14.25,15.0,15.0,7340
2003-09-26,15.5,17.25,15.25,16.5,16.5,27888
2003-09-29,16.5,16.75,15.5,16.0,16.0,6176
2003-09-30,15.5,17.25,14.25,16.0,16.0,14496
2003-10-01,15.5,16.5,15.25,15.25,15.25,7316
2003-10-02,15.0,15.75,15.0,15.5,15.5,1708
2003-10-03,15.25,16.0,14.75,15.75,15.75,6344
2003-10-06,15.25,15.75,15.25,15.5,15.5,828
2003-10-07,14.5,15.5,14.25,14.5,14.5,14268
2003-10-08,14.25,14.5,13.75,14.5,14.5,7148
2003-10-09,14.5,14.5,13.75,14.25,14.25,4516
2003-10-10,14.25,14.75,14.0,14.5,14.5,4296
2003-10-13,14.25,15.0,14.25,14.5,14.5,4732
2003-10-14,14.5,16.0,14.5,15.25,15.25,11248
2003-10-15,15.0,15.75,15.0,15.25,15.25,2324
2003-10-16,15.0,16.25,14.75,15.0,15.0,10284
2003-10-17,15.0,15.75,15.0,15.25,15.25,5280
2003-10-20,15.75,16.25,15.0,16.0,16.0,8656
2003-10-21,15.25,15.25,14.5,15.0,15.0,4808
2003-10-22,14.75,15.0,14.5,14.75,14.75,6272
2003-10-23,14.25,15.0,14.25,14.25,14.25,1512
2003-10-24,14.25,14.75,14.0,14.0,14.0,3640
2003-10-27,13.75,14.5,13.75,14.5,14.5,6748
2003-10-28,14.25,14.75,14.25,14.75,14.75,5240
2003-10-29,14.5,14.75,13.5,14.25,14.25,4588
2003-10-30,13.5,13.75,13.25,13.25,13.25,4248
2003-10-31,13.25,13.25,12.75,12.75,12.75,2256
2003-11-03,12.75,14.5,12.75,14.0,14.0,9344
2003-11-04,14.0,14.5,13.75,14.5,14.5,1588
2003-11-05,14.0,14.75,13.5,13.5,13.5,1664
2003-11-06,13.5,13.75,12.5,13.75,13.75,4472
2003-11-07,13.5,13.5,13.0,13.5,13.5,6456
2003-11-10,13.0,14.0,13.0,13.75,13.75,3212
2003-11-11,13.5,13.75,13.25,13.25,13.25,1648
2003-11-12,13.25,14.75,13.0,14.5,14.5,4616
2003-11-13,14.5,15.25,13.5,15.25,15.25,7200
2003-11-14,15.25,15.75,14.25,14.75,14.75,13056
2003-11-17,14.5,14.75,12.0,13.0,13.0,10316
2003-11-18,12.75,13.75,12.5,13.0,13.0,9180
2003-11-19,12.5,12.75,11.5,12.75,12.75,864
2003-11-20,11.25,12.25,9.0,10.0,10.0,20412
2003-11-21,10.25,12.0,9.0,9.5,9.5,16104
2003-11-24,8.75,9.75,7.75,8.5,8.5,16080
2003-11-25,8.75,10.25,8.5,10.25,10.25,7092
2003-11-26,10.0,11.0,9.0,9.5,9.5,9940
2003-11-28,9.5,9.5,8.75,9.0,9.0,1500
2003-12-01,8.75,9.75,8.75,9.25,9.25,2976
2003-12-02,9.25,10.0,8.75,10.0,10.0,6568
2003-12-03,10.0,11.25,9.5,11.25,11.25,3068
2003-12-04,11.5,15.0,10.75,13.5,13.5,15736
2003-12-05,12.25,13.5,12.25,12.5,12.5,2848
2003-12-08,13.0,13.25,11.5,12.0,12.0,7752
2003-12-09,11.5,11.75,11.25,11.5,11.5,3452
2003-12-10,11.25,11.5,10.0,10.0,10.0,7048
2003-12-11,9.75,11.75,9.75,11.75,11.75,3836
2003-12-12,12.0,12.0,10.5,10.5,10.5,2048
2003-12-15,10.5,11.25,10.0,10.5,10.5,2716
2003-12-16,10.5,11.0,10.0,11.0,11.0,2416
2003-12-17,9.75,10.5,9.5,9.75,9.75,5572
2003-12-18,10.0,12.25,9.75,12.25,12.25,6168
2003-12-19,10.5,12.75,10.5,10.5,10.5,4320
2003-12-22,10.5,13.0,10.5,12.5,12.5,10888
2003-12-23,12.5,13.75,11.25,13.25,13.25,15760
2003-12-24,13.75,14.0,12.5,13.25,13.25,3960
2003-12-26,11.75,14.0,11.75,13.5,13.5,4468
2003-12-29,13.0,14.0,11.0,13.75,13.75,1900
2003-12-30,12.75,13.75,11.25,12.25,12.25,4492
2003-12-31,11.25,12.5,10.75,11.5,11.5,7432
2004-01-02,12.5,13.75,12.5,13.75,13.75,3004
2004-01-05,13.25,13.75,10.75,12.75,12.75,6848
2004-01-06,11.75,14.5,11.75,14.5,14.5,9232
2004-01-07,14.0,14.5,13.0,14.0,14.0,6180
2004-01-08,13.25,14.0,12.75,13.5,13.5,4536
2004-01-09,13.5,15.0,13.25,14.5,14.5,15392
2004-01-12,14.25,14.5,13.0,13.5,13.5,2360
2004-01-13,13.0,13.5,12.25,12.5,12.5,5792
2004-01-14,12.5,12.75,12.0,12.75,12.75,4628
2004-01-15,12.75,14.5,12.75,14.25,14.25,6048
2004-01-16,14.25,14.25,13.0,13.0,13.0,3768
2004-01-20,13.75,13.75,12.75,13.0,13.0,1204
2004-01-21,13.0,14.25,13.0,13.75,13.75,3356
2004-01-22,13.5,13.5,12.75,13.25,13.25,4232
2004-01-23,13.25,15.0,11.75,13.25,13.25,1704
2004-01-26,11.75,13.25,11.5,12.75,12.75,5496
2004-01-27,12.25,12.25,11.5,11.75,11.75,5248
2004-01-28,12.25,12.75,11.75,11.75,11.75,2844
2004-01-29,11.75,12.5,11.5,12.25,12.25,4236
2004-01-30,11.5,12.5,11.0,12.5,12.5,7952
2004-02-02,12.5,12.5,11.5,12.0,12.0,4136
2004-02-03,12.0,12.75,11.75,12.0,12.0,5976
2004-02-04,12.25,13.25,12.0,13.25,13.25,10616
2004-02-05,13.0,13.25,12.5,12.5,12.5,5032
2004-02-06,12.5,12.75,11.75,12.75,12.75,4820
2004-02-09,12.75,12.75,12.0,12.25,12.25,1000
2004-02-10,12.0,12.0,10.75,11.5,11.5,4908
2004-02-11,10.75,12.5,10.75,11.25,11.25,9220
2004-02-12,11.25,11.5,11.0,11.25,11.25,2784
2004-02-13,10.75,11.25,10.25,10.5,10.5,7008
2004-02-17,10.75,11.5,10.25,11.25,11.25,4448
2004-02-18,10.25,11.5,10.25,10.5,10.5,876
2004-02-19,10.25,12.0,10.25,11.5,11.5,2096
2004-02-20,11.0,11.0,10.5,10.75,10.75,3636
2004-02-23,10.75,11.0,10.25,10.75,10.75,3564
2004-02-24,10.25,12.25,10.25,11.0,11.0,3836
2004-02-25,10.5,11.75,10.5,11.5,11.5,7600
2004-02-26,11.75,12.5,11.25,11.75,11.75,7612
2004-02-27,11.75,12.25,11.5,12.25,12.25,3560
2004-03-01,11.0,12.0,11.0,12.0,12.0,7920
2004-03-02,11.75,12.25,11.75,12.25,12.25,3244
2004-03-03,11.75,12.5,11.75,12.5,12.5,9300
2004-03-04,12.5,12.75,12.0,12.75,12.75,7016
2004-03-05,13.0,13.5,12.75,13.0,13.0,18512
2004-03-08,13.0,13.0,12.25,12.75,12.75,3724
2004-03-09,12.5,12.75,11.5,11.75,11.75,3868
2004-03-10,11.5,11.75,10.75,11.75,11.75,2648
2004-03-11,11.0,11.75,9.5,10.0,10.0,9340
2004-03-12,11.25,11.25,9.5,10.0,10.0,6324
2004-03-15,10.0,10.0,9.25,9.5,9.5,4276
2004-03-16,10.0,10.0,9.0,9.25,9.25,5592
2004-03-17,9.25,9.75,9.25,9.5,9.5,1304
2004-03-18,9.75,10.0,9.25,9.25,9.25,2504
2004-03-19,9.25,10.0,9.25,10.0,10.0,5348
2004-03-22,10.25,10.25,9.0,9.25,9.25,5436
2004-03-23,9.0,9.25,9.0,9.0,9.0,760
2004-03-24,9.0,10.25,9.0,10.25,10.25,2604
2004-03-25,10.25,10.25,9.25,10.25,10.25,1312
2004-03-26,9.25,9.25,9.25,9.25,9.25,124
2004-03-29,9.25,12.0,9.25,10.0,10.0,21380
2004-03-30,10.0,12.0,10.0,12.0,12.0,6628
2004-03-31,11.5,12.5,10.5,12.0,12.0,21528
2004-04-01,11.75,12.0,11.25,11.25,11.25,2912
2004-04-02,12.0,12.0,10.75,11.25,11.25,2196
2004-04-05,11.75,11.75,10.75,11.25,11.25,2824
2004-04-06,10.75,11.75,9.5,11.25,11.25,10096
2004-04-07,10.0,11.25,10.0,10.5,10.5,2276
2004-04-08,10.0,11.25,9.5,11.25,11.25,8724
2004-04-12,11.25,11.5,10.0,11.5,11.5,4680
2004-04-13,10.0,11.75,10.0,10.75,10.75,2992
2004-04-14,11.75,12.25,9.75,12.0,12.0,12840
2004-04-15,12.25,19.75,12.0,19.0,19.0,100200
2004-04-16,19.5,21.5,16.25,18.25,18.25,57716
2004-04-19,16.5,19.25,16.5,18.0,18.0,20760
2004-04-20,18.0,18.0,15.5,15.5,15.5,8304
2004-04-21,15.5,21.0,15.5,20.0,20.0,47504
2004-04-22,20.0,22.5,20.0,22.5,22.5,41124
2004-04-23,22.5,22.5,6.5,21.5,21.5,14364
2004-04-26,21.5,22.25,20.75,21.25,21.25,6268
2004-04-27,22.0,28.0,21.75,26.5,26.5,72756
2004-04-28,29.75,30.75,27.0,29.75,29.75,35364
2004-04-29,30.75,33.0,23.75,26.25,26.25,39972
2004-04-30,26.5,29.25,26.0,27.0,27.0,12688
2004-05-03,27.5,27.5,22.75,26.75,26.75,10692
2004-05-04,27.0,27.0,23.5,25.25,25.25,11456
2004-05-05,25.25,26.0,23.75,25.0,25.0,6640
2004-05-06,25.0,25.25,24.25,24.25,24.25,3352
2004-05-07,24.0,24.25,20.5,21.25,21.25,19176
2004-05-10,20.5,21.5,20.0,20.75,20.75,6780
2004-05-11,21.0,22.5,20.0,20.25,20.25,4796
2004-05-12,21.25,22.75,20.25,20.25,20.25,1604
2004-05-13,22.75,25.5,21.25,25.5,25.5,6512
2004-05-14,25.5,27.25,24.25,26.0,26.0,8548
2004-05-17,27.25,27.25,22.75,22.75,22.75,3264
2004-05-18,22.75,25.25,22.75,23.0,23.0,7116
2004-05-19,22.75,24.75,22.75,24.75,24.75,2736
2004-05-20,23.5,23.75,22.5,22.75,22.75,2804
2004-05-21,21.75,23.5,21.75,21.75,21.75,4788
2004-05-24,24.75,24.75,22.5,22.5,22.5,1008
2004-05-25,22.5,23.75,20.75,22.5,22.5,6672
2004-05-26,23.5,24.0,22.0,23.0,23.0,3644
2004-05-27,23.0,23.0,22.0,22.25,22.25,7584
2004-05-28,22.0,22.25,21.0,21.0,21.0,2392
2004-06-01,21.75,21.75,20.25,20.75,20.75,4868
2004-06-02,21.25,21.5,20.25,21.0,21.0,6740
2004-06-03,21.5,21.75,20.75,20.75,20.75,5916
2004-06-04,21.75,22.0,20.75,21.25,21.25,2880
2004-06-07,21.25,21.75,20.0,20.0,20.0,4752
2004-06-08,20.0,25.0,20.0,24.25,24.25,22176
2004-06-09,24.25,25.25,24.25,25.0,25.0,3456
2004-06-10,24.0,24.25,22.75,23.5,23.5,4340
2004-06-14,23.0,24.5,23.0,23.25,23.25,1988
2004-06-15,22.5,22.75,21.0,22.25,22.25,6376
2004-06-16,22.5,23.25,20.75,23.25,23.25,3244
2004-06-17,23.75,23.75,21.75,22.0,22.0,1444
2004-06-18,23.25,24.25,21.75,23.75,23.75,4528
2004-06-21,23.5,23.75,22.5,23.5,23.5,4076
2004-06-22,22.75,23.75,21.0,21.5,21.5,5184
2004-06-23,23.25,23.25,21.25,21.5,21.5,2160
2004-06-24,22.0,22.5,21.5,22.0,22.0,5584
2004-06-25,22.0,22.0,20.75,20.75,20.75,6516
2004-06-28,20.75,21.0,19.75,19.75,19.75,5504
2004-06-29,20.0,20.0,17.5,18.75,18.75,14836
2004-06-30,18.75,20.0,18.75,20.0,20.0,4636
2004-07-01,19.0,20.5,19.0,20.25,20.25,4220
2004-07-02,20.0,20.25,18.75,19.25,19.25,4868
2004-07-06,19.25,19.25,18.75,19.0,19.0,1524
2004-07-07,18.75,18.75,18.5,18.75,18.75,692
2004-07-08,18.5,19.0,18.25,19.0,19.0,3560
2004-07-09,19.0,19.0,16.25,17.5,17.5,6752
2004-07-12,16.5,17.0,15.25,16.75,16.75,8760
2004-07-13,17.5,19.25,16.5,16.75,16.75,7232
2004-07-14,16.5,17.25,15.0,17.25,17.25,5116
2004-07-15,16.25,17.25,15.75,16.5,16.5,5152
2004-07-16,16.25,16.75,15.25,16.5,16.5,2732
2004-07-19,15.25,16.5,13.75,13.75,13.75,4580
2004-07-20,14.25,15.5,14.25,14.5,14.5,1368
2004-07-21,15.0,15.5,14.25,15.0,15.0,3984
2004-07-22,15.5,16.5,15.0,15.75,15.75,2448
2004-07-23,14.5,16.5,14.5,16.5,16.5,2368
2004-07-26,14.75,15.5,13.75,15.5,15.5,1644
2004-07-27,16.0,16.25,14.5,16.25,16.25,3332
2004-07-28,16.5,17.25,16.25,17.0,17.0,5108
2004-07-29,14.5,17.5,14.5,16.75,16.75,1048
2004-07-30,16.75,17.5,15.5,17.25,17.25,2092
2004-08-02,17.25,18.25,15.75,16.25,16.25,2740
2004-08-03,16.5,18.5,16.5,17.0,17.0,2348
2004-08-04,16.25,17.5,16.25,16.25,16.25,1240
2004-08-05,16.25,16.5,16.25,16.25,16.25,580
2004-08-06,16.25,16.5,16.0,16.25,16.25,3620
2004-08-09,16.25,16.75,15.25,15.75,15.75,2200
2004-08-10,15.0,15.75,15.0,15.5,15.5,860
2004-08-11,15.0,15.5,15.0,15.0,15.0,2612
2004-08-12,15.0,15.5,15.0,15.0,15.0,2476
2004-08-13,14.75,15.0,14.5,15.0,15.0,2240
2004-08-16,15.0,15.0,14.75,15.0,15.0,1264
2004-08-17,14.75,15.0,14.75,15.0,15.0,416
2004-08-18,15.0,16.75,14.75,15.5,15.5,2364
2004-08-19,15.0,15.75,14.75,15.5,15.5,1160
2004-08-20,15.5,17.0,15.5,17.0,17.0,2404
2004-08-23,17.0,19.25,17.0,19.25,19.25,8724
2004-08-24,18.5,19.5,18.5,19.25,19.25,4260
2004-08-25,19.5,21.0,18.75,20.25,20.25,10796
2004-08-26,20.25,21.5,20.0,20.0,20.0,3784
2004-08-27,19.75,21.0,19.5,20.0,20.0,3912
2004-08-30,19.5,21.25,19.5,20.0,20.0,2168
2004-08-31,20.0,21.0,19.5,20.5,20.5,3112
2004-09-01,19.75,22.0,19.5,20.5,20.5,10412
2004-09-02,20.5,21.5,20.5,20.5,20.5,104
2004-09-03,20.25,21.0,19.75,20.0,20.0,2456
2004-09-07,19.75,21.0,19.75,20.5,20.5,1308
2004-09-08,20.0,20.5,19.75,20.25,20.25,1412
2004-09-09,19.75,20.25,19.75,20.0,20.0,1056
2004-09-10,20.0,20.5,19.0,19.0,19.0,1152
2004-09-13,21.25,21.25,19.75,20.0,20.0,4156
2004-09-14,20.0,21.0,20.0,20.0,20.0,1412
2004-09-15,19.0,19.5,19.0,19.25,19.25,4236
2004-09-16,20.0,21.0,19.25,20.0,20.0,736
2004-09-17,20.0,20.75,20.0,20.0,20.0,908
2004-09-20,20.75,21.5,20.25,21.25,21.25,5596
2004-09-21,21.5,22.0,21.0,21.75,21.75,7172
2004-09-22,22.25,22.75,21.0,22.25,22.25,9684
2004-09-23,21.75,22.5,21.75,22.5,22.5,2792
2004-09-24,21.75,24.0,21.75,24.0,24.0,14332
2004-09-27,24.0,24.25,22.5,24.25,24.25,16044
2004-09-28,24.25,26.25,23.25,25.75,25.75,17040
2004-09-29,25.5,26.25,22.75,23.5,23.5,11848
2004-09-30,23.75,23.75,21.75,23.0,23.0,5324
2004-10-01,23.0,25.25,22.0,25.25,25.25,4920
2004-10-04,25.25,27.25,23.75,26.5,26.5,21728
2004-10-05,26.5,27.75,26.5,27.75,27.75,20908
2004-10-06,28.5,29.0,28.0,28.5,28.5,11520
2004-10-07,27.75,29.75,27.25,27.5,27.5,8932
2004-10-08,27.5,31.75,27.5,29.0,29.0,19780
2004-10-11,30.75,31.75,27.25,27.75,27.75,17632
2004-10-12,28.25,28.25,25.75,26.0,26.0,11744
2004-10-13,26.0,27.0,25.5,26.75,26.75,11516
2004-10-14,27.0,28.5,26.5,27.25,27.25,5540
2004-10-15,27.5,28.0,26.5,28.0,28.0,8172
2004-10-18,28.0,29.5,27.5,29.5,29.5,7440
2004-10-19,29.75,31.75,28.75,29.75,29.75,13232
2004-10-20,29.75,30.0,29.0,29.75,29.75,3360
2004-10-21,30.0,30.0,27.75,28.75,28.75,4860
2004-10-22,28.25,29.75,28.25,28.75,28.75,7304
2004-10-25,28.75,29.25,27.5,27.5,27.5,7164
2004-10-26,27.5,27.75,26.0,26.0,26.0,6448
2004-10-27,26.0,28.75,26.0,28.5,28.5,10284
2004-10-28,28.75,29.0,26.25,26.75,26.75,7988
2004-10-29,26.5,27.75,26.25,26.75,26.75,3588
2004-11-01,26.75,26.75,24.25,24.5,24.5,5768
2004-11-02,25.0,25.0,22.0,22.75,22.75,7792
2004-11-03,23.25,25.25,23.0,25.0,25.0,4164
2004-11-04,25.25,25.25,24.25,24.25,24.25,2824
2004-11-05,24.25,25.25,22.25,23.0,23.0,5964
2004-11-08,23.75,23.75,22.25,23.0,23.0,3164
2004-11-09,23.25,25.25,23.0,25.25,25.25,3208
2004-11-10,25.25,26.25,23.25,26.0,26.0,5876
2004-11-11,25.5,25.5,24.25,24.75,24.75,1456
2004-11-12,24.75,25.25,24.25,25.0,25.0,1936
2004-11-15,23.5,25.25,23.5,25.0,25.0,2704
2004-11-16,23.75,25.25,23.75,25.25,25.25,1228
2004-11-17,24.0,25.0,23.5,25.0,25.0,1824
2004-11-18,25.0,26.25,25.0,26.0,26.0,9068
2004-11-19,25.5,27.0,25.5,26.75,26.75,6952
2004-11-22,27.0,27.0,25.5,25.75,25.75,3728
2004-11-23,25.75,26.0,25.25,25.75,25.75,2340
2004-11-24,25.75,25.75,24.0,25.0,25.0,5072
2004-11-26,24.25,25.0,23.25,23.25,23.25,1360
2004-11-29,22.75,24.5,22.75,24.0,24.0,4028
2004-11-30,23.0,25.0,23.0,25.0,25.0,6116
2004-12-01,25.0,25.0,22.25,22.25,22.25,11352
2004-12-02,22.75,22.75,20.5,21.75,21.75,11388
2004-12-03,20.5,23.75,20.5,22.0,22.0,11112
2004-12-06,21.0,22.75,21.0,21.5,21.5,2176
2004-12-07,21.25,21.5,20.25,20.25,20.25,5472
2004-12-08,20.25,21.5,19.5,21.5,21.5,7236
2004-12-09,21.0,21.5,21.0,21.0,21.0,2052
2004-12-10,21.5,22.0,20.75,21.0,21.0,2188
2004-12-13,21.0,22.0,20.5,21.0,21.0,4160
2004-12-14,22.0,22.0,19.75,20.25,20.25,8204
2004-12-15,19.25,20.5,18.75,19.0,19.0,10912
2004-12-16,18.75,19.5,18.25,18.5,18.5,7628
2004-12-17,19.5,22.0,18.25,21.0,21.0,9648
2004-12-20,21.25,22.0,20.0,21.25,21.25,4924
2004-12-21,18.25,20.5,18.25,20.5,20.5,3932
2004-12-22,20.5,21.25,20.0,20.25,20.25,1928
2004-12-23,20.0,21.25,19.5,20.75,20.75,4424
2004-12-27,20.25,20.75,19.0,20.0,20.0,4604
2004-12-28,19.5,20.0,18.5,19.0,19.0,7268
2004-12-29,19.0,23.25,18.75,21.5,21.5,18424
2004-12-30,20.5,21.75,20.0,20.0,20.0,3440
2004-12-31,20.0,23.25,20.0,21.25,21.25,6396
2005-01-03,22.5,23.0,20.25,20.5,20.5,8424
2005-01-04,22.0,22.5,20.75,21.25,21.25,10088
2005-01-05,21.75,21.75,21.0,21.25,21.25,5492
2005-01-06,21.25,21.5,20.75,21.25,21.25,4160
2005-01-07,21.25,21.75,20.75,21.5,21.5,11740
2005-01-10,21.75,22.0,20.5,21.25,21.25,7404
2005-01-11,21.0,21.25,20.25,20.25,20.25,4512
2005-01-12,20.0,20.25,19.75,20.0,20.0,3928
2005-01-13,20.0,21.25,20.0,20.0,20.0,3052
2005-01-14,21.25,21.25,19.25,20.5,20.5,5448
2005-01-18,21.25,21.25,20.0,20.5,20.5,5388
2005-01-19,20.0,20.0,18.5,19.75,19.75,5384
2005-01-20,19.5,19.75,19.0,19.5,19.5,4196
2005-01-21,19.75,19.75,18.5,19.0,19.0,7424
2005-01-24,19.25,19.25,18.0,18.25,18.25,9056
2005-01-25,18.0,18.75,18.0,18.25,18.25,2776
2005-01-26,18.5,18.5,18.25,18.25,18.25,2176
2005-01-27,18.5,18.75,18.0,18.75,18.75,3576
2005-01-28,18.5,19.25,18.5,18.75,18.75,7192
2005-01-31,19.25,19.25,18.0,18.5,18.5,5712
2005-02-01,18.5,19.25,18.0,19.25,19.25,10424
2005-02-02,19.0,19.0,18.25,18.25,18.25,1120
2005-02-03,18.5,18.75,18.0,18.5,18.5,8864
2005-02-04,18.25,19.0,18.25,19.0,19.0,1536
2005-02-07,18.75,18.75,18.0,18.0,18.0,2744
2005-02-08,18.0,18.75,17.75,18.25,18.25,3220
2005-02-09,18.75,19.0,18.25,18.75,18.75,2424
2005-02-10,18.0,18.5,18.0,18.5,18.5,1268
2005-02-11,18.25,18.75,17.5,17.75,17.75,3512
2005-02-14,18.75,18.75,17.25,17.75,17.75,3704
2005-02-15,17.75,17.75,17.25,17.25,17.25,1284
2005-02-16,17.5,17.5,17.0,17.5,17.5,2732
2005-02-17,17.75,17.75,16.0,16.75,16.75,4552
2005-02-18,16.75,16.75,16.0,16.25,16.25,1264
2005-02-22,16.25,17.5,15.5,17.5,17.5,11976
2005-02-23,17.5,18.25,17.25,18.25,18.25,2836
2005-02-24,17.5,18.5,17.5,18.0,18.0,5456
2005-02-25,18.0,18.0,17.5,17.5,17.5,2640
2005-02-28,16.75,18.0,16.75,17.0,17.0,1664
2005-03-01,17.0,18.0,16.75,17.25,17.25,1824
2005-03-02,17.25,17.5,15.75,16.25,16.25,3200
2005-03-03,16.25,17.5,16.25,17.0,17.0,1952
2005-03-04,16.75,18.25,16.75,18.25,18.25,6004
2005-03-07,18.0,18.25,16.75,17.5,17.5,4724
2005-03-08,17.5,18.0,17.5,18.0,18.0,1784
2005-03-09,17.75,18.0,16.75,17.75,17.75,4000
2005-03-10,17.75,19.0,16.75,18.25,18.25,10576
2005-03-11,18.5,18.75,17.0,17.0,17.0,4256
2005-03-14,16.25,17.5,16.25,17.5,17.5,1372
2005-03-15,16.25,16.75,16.25,16.75,16.75,868
2005-03-16,16.25,16.75,16.25,16.5,16.5,952
2005-03-17,17.0,17.25,16.25,17.0,17.0,3208
2005-03-18,17.0,17.0,16.25,16.5,16.5,1624
2005-03-21,16.5,17.0,16.5,17.0,17.0,2212
2005-03-22,16.25,16.5,15.75,15.75,15.75,4756
2005-03-23,15.75,15.75,13.75,13.75,13.75,7024
2005-03-24,14.25,17.25,14.25,16.25,16.25,8708
2005-03-28,16.25,17.5,16.25,16.75,16.75,5504
2005-03-29,16.75,17.0,16.25,16.25,16.25,2008
2005-03-30,16.25,16.25,15.0,16.0,16.0,2848
2005-03-31,16.0,16.25,15.5,15.75,15.75,1100
2005-04-01,15.0,16.25,15.0,15.25,15.25,1240
2005-04-04,15.25,16.25,15.0,15.5,15.5,3108
2005-04-05,15.0,15.75,14.75,14.75,14.75,3140
2005-04-06,14.75,16.25,14.75,16.0,16.0,6636
2005-04-07,15.75,15.75,14.5,15.0,15.0,3888
2005-04-08,15.0,15.0,14.0,14.0,14.0,3548
2005-04-11,14.0,15.0,13.5,14.0,14.0,4136
2005-04-12,14.0,14.25,13.0,13.75,13.75,6400
2005-04-13,13.25,13.75,13.25,13.75,13.75,5948
2005-04-14,13.75,14.25,13.0,13.25,13.25,10680
2005-04-15,12.75,13.0,11.25,12.0,12.0,6564
2005-04-18,12.0,13.0,11.5,12.25,12.25,6768
2005-04-19,12.5,13.0,11.75,11.75,11.75,5168
2005-04-20,12.0,12.25,11.5,12.0,12.0,7832
2005-04-21,11.75,12.25,11.5,12.25,12.25,12292
2005-04-22,12.0,12.25,10.75,11.5,11.5,5476
2005-04-25,11.25,13.25,10.75,13.25,13.25,12788
2005-04-26,13.25,14.25,13.0,13.0,13.0,7620
2005-04-27,12.75,13.75,12.75,13.0,13.0,4372
2005-04-28,13.0,13.0,12.25,12.25,12.25,2780
2005-04-29,12.5,13.0,12.0,12.5,12.5,1616
2005-05-02,12.0,12.75,12.0,12.5,12.5,1388
2005-05-03,12.5,12.75,12.25,12.5,12.5,4696
2005-05-04,12.25,12.75,11.75,12.25,12.25,10704
2005-05-05,12.25,12.5,12.25,12.5,12.5,2200
2005-05-06,12.25,12.5,12.25,12.5,12.5,2168
2005-05-09,12.5,12.75,12.25,12.75,12.75,3160
2005-05-10,12.75,13.5,12.75,13.25,13.25,5792
2005-05-11,13.25,14.25,13.25,13.5,13.5,6452
2005-05-12,13.5,15.0,13.5,14.5,14.5,3916
2005-05-13,14.5,14.5,14.0,14.5,14.5,5348
2005-05-16,14.25,15.75,14.25,14.75,14.75,2560
2005-05-17,15.0,16.0,14.75,15.75,15.75,8768
2005-05-18,15.75,16.25,15.25,16.25,16.25,6504
2005-05-19,16.5,16.75,15.75,16.25,16.25,4848
2005-05-20,16.0,16.5,16.0,16.25,16.25,2280
2005-05-23,16.5,16.5,15.5,16.25,16.25,2524
2005-05-24,16.75,16.75,15.0,15.0,15.0,4808
2005-05-25,15.75,15.75,13.75,15.0,15.0,6020
2005-05-26,15.0,15.25,14.5,15.0,15.0,3196
2005-05-27,15.0,15.25,14.75,14.75,14.75,1496
2005-05-31,14.75,14.75,14.0,14.0,14.0,3356
2005-06-01,14.0,14.0,12.75,13.25,13.25,2708
2005-06-02,13.5,15.0,13.25,13.75,13.75,5244
2005-06-03,14.25,15.0,13.75,14.25,14.25,4352
2005-06-06,14.25,15.0,13.75,13.75,13.75,1724
2005-06-07,13.75,14.5,13.0,13.25,13.25,4748
2005-06-08,13.25,14.25,13.0,13.0,13.0,2592
2005-06-09,13.0,13.75,13.0,13.5,13.5,880
2005-06-10,13.25,13.25,12.0,12.25,12.25,6860
2005-06-13,12.25,12.25,12.0,12.0,12.0,2848
2005-06-14,12.0,12.0,11.25,11.75,11.75,4600
2005-06-15,11.75,12.25,11.0,11.25,11.25,2660
2005-06-16,11.25,11.75,11.0,11.0,11.0,3608
2005-06-17,11.0,11.5,11.0,11.0,11.0,1640
2005-06-20,11.0,11.25,10.75,10.75,10.75,1744
2005-06-21,10.75,11.0,9.5,10.5,10.5,6292
2005-06-22,9.75,11.5,9.5,10.25,10.25,9980
2005-06-23,11.0,11.0,8.75,10.5,10.5,15692
2005-06-24,10.75,11.0,10.5,10.75,10.75,6756
2005-06-27,10.75,11.5,10.5,10.5,10.5,7016
2005-06-28,10.5,10.5,9.25,9.25,9.25,3372
2005-06-29,10.0,10.25,9.25,9.75,9.75,2020
2005-06-30,9.75,10.0,9.25,9.5,9.5,4896
2005-07-01,9.25,9.75,9.0,9.25,9.25,5688
2005-07-05,9.25,10.75,9.25,10.5,10.5,4580
2005-07-06,10.5,12.25,10.5,11.25,11.25,10120
2005-07-07,11.5,13.25,11.25,12.5,12.5,14980
2005-07-08,12.75,12.75,12.0,12.0,12.0,7476
2005-07-11,12.0,12.25,11.25,11.5,11.5,7044
2005-07-12,11.25,12.0,10.25,11.5,11.5,9988
2005-07-13,11.5,12.75,11.5,12.25,12.25,11432
2005-07-14,12.25,15.25,12.25,15.0,15.0,11700
2005-07-15,15.25,15.25,13.5,14.5,14.5,10580
2005-07-18,15.0,15.25,13.75,14.0,14.0,5760
2005-07-19,14.0,14.0,12.75,13.0,13.0,6500
2005-07-20,13.5,13.75,13.0,13.5,13.5,9352
2005-07-21,13.5,13.5,12.75,12.75,12.75,3800
2005-07-22,12.5,13.5,12.0,13.0,13.0,3776
2005-07-25,12.75,13.75,12.25,13.5,13.5,5868
2005-07-26,13.5,13.75,13.0,13.25,13.25,1996
2005-07-27,13.25,13.25,13.0,13.25,13.25,1120
2005-07-28,13.25,13.25,12.5,13.0,13.0,3088
2005-07-29,13.0,13.0,12.0,12.75,12.75,1684
2005-08-01,12.0,12.5,11.5,12.0,12.0,5008
2005-08-02,12.5,12.5,11.75,12.5,12.5,1644
2005-08-03,12.0,13.5,12.0,13.5,13.5,5164
2005-08-04,13.25,13.5,12.5,13.5,13.5,1720
2005-08-05,13.5,13.75,13.25,13.5,13.5,5688
2005-08-08,13.75,13.75,11.25,12.5,12.5,7220
2005-08-09,13.0,13.75,12.75,13.5,13.5,2700
2005-08-10,13.75,13.75,12.5,13.0,13.0,2684
2005-08-11,13.0,13.5,12.5,12.5,12.5,4172
2005-08-12,12.5,13.25,12.5,12.5,12.5,4768
2005-08-15,12.5,12.75,12.5,12.5,12.5,3216
2005-08-16,11.5,12.0,11.0,11.75,11.75,6148
2005-08-17,11.75,12.5,11.75,12.25,12.25,4000
2005-08-18,12.0,12.25,12.0,12.25,12.25,3588
2005-08-19,12.5,12.5,12.25,12.25,12.25,2664
2005-08-22,12.5,13.5,12.0,13.25,13.25,8392
2005-08-23,12.75,14.5,12.75,13.5,13.5,6712
2005-08-24,14.0,14.25,13.0,13.0,13.0,8380
2005-08-25,13.5,14.0,13.0,13.25,13.25,6196
2005-08-26,13.0,14.0,13.0,14.0,14.0,2244
2005-08-29,14.0,14.5,14.0,14.0,14.0,4592
2005-08-30,14.0,14.25,13.75,14.0,14.0,3848
2005-08-31,13.75,13.75,13.25,13.5,13.5,2128
2005-09-01,13.75,14.0,13.5,13.5,13.5,2108
2005-09-02,13.5,13.5,13.0,13.0,13.0,2732
2005-09-06,13.0,14.25,12.5,13.75,13.75,5752
2005-09-07,13.75,15.25,13.75,14.75,14.75,10508
2005-09-08,14.5,15.5,14.25,14.5,14.5,3900
2005-09-09,15.0,15.5,14.5,15.5,15.5,3152
2005-09-12,15.75,17.0,15.25,15.5,15.5,14556
2005-09-13,16.25,16.25,13.5,13.75,13.75,9240
2005-09-14,13.75,14.0,13.5,14.0,14.0,3484
2005-09-15,14.75,14.75,12.75,12.75,12.75,3888
2005-09-16,13.75,14.5,13.0,13.5,13.5,3264
2005-09-19,14.0,14.0,13.0,13.0,13.0,3064
2005-09-20,13.5,13.5,12.75,13.0,13.0,3108
2005-09-21,12.75,12.75,12.5,12.75,12.75,1788
2005-09-22,12.75,13.25,12.75,13.25,13.25,1252
2005-09-23,13.0,13.5,12.25,13.0,13.0,5732
2005-09-26,12.75,13.5,12.75,13.0,13.0,2588
2005-09-27,13.0,13.0,12.75,13.0,13.0,1696
2005-09-28,12.75,13.0,12.5,12.75,12.75,2544
2005-09-29,12.75,12.75,11.5,12.25,12.25,4252
2005-09-30,12.25,12.75,12.25,12.25,12.25,1936
2005-10-03,12.25,12.5,12.25,12.25,12.25,1400
2005-10-04,11.5,13.25,11.5,12.5,12.5,2680
2005-10-05,12.5,13.5,12.5,13.0,13.0,4384
2005-10-06,12.75,12.75,11.25,11.5,11.5,6120
2005-10-07,11.5,12.75,11.25,12.5,12.5,4528
2005-10-10,13.0,13.0,11.75,12.0,12.0,2480
2005-10-11,12.0,12.75,12.0,12.75,12.75,2380
2005-10-12,12.5,14.0,12.5,12.5,12.5,8916
2005-10-13,12.5,13.75,12.5,12.75,12.75,5556
2005-10-14,12.75,13.75,12.75,13.5,13.5,6696
2005-10-17,13.25,13.5,12.5,12.75,12.75,7828
2005-10-18,12.75,13.25,12.25,13.25,13.25,5068
2005-10-19,13.0,13.25,12.75,12.75,12.75,8724
2005-10-20,13.0,13.5,12.25,12.75,12.75,7368
2005-10-21,13.0,13.25,13.0,13.25,13.25,1780
2005-10-24,13.25,13.5,13.25,13.25,13.25,3724
2005-10-25,12.5,13.25,12.5,13.25,13.25,3608
2005-10-26,12.75,13.25,12.75,13.0,13.0,3864
2005-10-27,13.0,13.0,12.25,12.25,12.25,2184
2005-10-28,12.5,12.75,12.5,12.5,12.5,3788
2005-10-31,12.25,13.25,12.25,13.0,13.0,3996
2005-11-01,13.0,13.25,13.0,13.25,13.25,3144
2005-11-02,13.0,16.25,13.0,15.5,15.5,18664
2005-11-03,15.25,15.5,14.75,15.5,15.5,3424
2005-11-04,15.5,16.25,13.5,15.25,15.25,7444
2005-11-07,15.25,16.0,15.25,15.25,15.25,2648
2005-11-08,15.25,16.0,15.0,15.5,15.5,2516
2005-11-09,15.5,18.5,15.5,18.25,18.25,19048
2005-11-10,18.75,19.5,17.25,19.5,19.5,21244
2005-11-11,19.5,21.25,19.25,21.0,21.0,20768
2005-11-14,21.0,22.5,21.0,22.5,22.5,25672
2005-11-15,22.5,23.0,20.75,21.25,21.25,17148
2005-11-16,21.0,21.25,18.75,19.0,19.0,17048
2005-11-17,19.0,20.5,19.0,19.0,19.0,9296
2005-11-18,19.75,20.5,19.0,19.75,19.75,3772
2005-11-21,19.75,21.25,19.0,20.5,20.5,8368
2005-11-22,20.0,20.0,19.0,19.0,19.0,2944
2005-11-23,19.75,20.0,19.0,20.0,20.0,5800
2005-11-25,19.0,20.25,19.0,20.0,20.0,4268
2005-11-28,19.75,20.5,18.5,18.75,18.75,9028
2005-11-29,20.0,20.0,18.75,19.5,19.5,4148
2005-11-30,20.0,20.0,18.75,19.25,19.25,5240
2005-12-01,19.75,20.5,18.75,19.75,19.75,9024
2005-12-02,19.5,19.75,19.0,19.0,19.0,2356
2005-12-05,18.5,18.75,17.75,17.75,17.75,5128
2005-12-06,18.5,18.5,17.75,17.75,17.75,2304
2005-12-07,17.75,17.75,15.75,16.75,16.75,10248
2005-12-08,16.5,17.0,15.25,15.5,15.5,5552
2005-12-09,16.75,16.75,15.0,16.75,16.75,8716
2005-12-12,17.25,17.25,16.5,16.5,16.5,3736
2005-12-13,17.0,18.5,15.0,17.5,17.5,12924
2005-12-14,18.25,18.75,16.5,18.0,18.0,20312
2005-12-15,17.75,18.0,16.75,16.75,16.75,6752
2005-12-16,16.75,17.5,16.5,17.5,17.5,4744
2005-12-19,17.25,17.25,17.0,17.25,17.25,4044
2005-12-20,16.5,17.5,16.5,17.25,17.25,4276
2005-12-21,17.25,17.5,17.0,17.25,17.25,3340
2005-12-22,17.0,18.5,16.75,17.5,17.5,5240
2005-12-23,17.5,18.0,17.25,17.25,17.25,3164
2005-12-27,17.25,18.0,17.25,17.75,17.75,6192
2005-12-28,18.0,18.75,17.5,18.5,18.5,9540
2005-12-29,18.5,20.0,18.5,20.0,20.0,15620
2005-12-30,18.75,21.0,18.75,19.75,19.75,11548
2006-01-03,20.0,20.75,20.0,20.5,20.5,11900
2006-01-04,20.25,20.5,19.25,20.25,20.25,7128
2006-01-05,19.75,20.0,18.0,19.25,19.25,6940
2006-01-06,19.25,19.5,18.75,19.0,19.0,3744
2006-01-09,19.25,19.75,18.25,19.5,19.5,3928
2006-01-10,19.5,19.5,17.75,18.5,18.5,6692
2006-01-11,18.75,22.25,17.75,22.0,22.0,37748
2006-01-12,22.25,23.5,20.75,20.75,20.75,23112
2006-01-13,21.25,22.0,20.5,21.5,21.5,10572
2006-01-17,21.25,22.25,20.75,21.5,21.5,10432
2006-01-18,21.0,21.0,19.5,21.0,21.0,4072
2006-01-19,21.25,21.25,20.5,20.75,20.75,1504
2006-01-20,20.75,21.0,18.75,21.0,21.0,6424
2006-01-23,21.0,21.75,20.0,21.75,21.75,3088
2006-01-24,20.0,21.25,20.0,20.75,20.75,4632
2006-01-25,20.5,21.75,20.25,21.25,21.25,6456
2006-01-26,20.75,22.5,20.75,22.5,22.5,10764
2006-01-27,22.5,24.0,21.5,24.0,24.0,20100
2006-01-30,24.25,26.5,24.25,25.25,25.25,38912
2006-01-31,25.25,26.5,22.25,23.5,23.5,9176
2006-02-01,22.0,24.0,21.25,23.5,23.5,6392
2006-02-02,24.0,25.0,22.5,23.75,23.75,5580
2006-02-03,23.25,24.0,21.5,23.75,23.75,6492
2006-02-06,23.75,23.75,20.75,22.5,22.5,17800
2006-02-07,22.25,23.0,22.0,22.5,22.5,6456
2006-02-08,22.25,22.5,22.25,22.25,22.25,2600
2006-02-09,22.75,22.75,21.75,21.75,21.75,3232
2006-02-10,22.25,25.0,21.75,25.0,25.0,15800
2006-02-13,25.0,25.0,23.0,24.25,24.25,6084
2006-02-14,25.0,25.75,24.25,25.0,25.0,8260
2006-02-15,25.0,25.0,24.5,24.75,24.75,4380
2006-02-16,24.5,24.5,24.5,24.5,24.5,3472
2006-02-17,23.25,25.0,23.25,25.0,25.0,7180
2006-02-21,24.25,26.0,24.25,25.0,25.0,6716
2006-02-22,24.75,25.0,24.25,25.0,25.0,4612
2006-02-23,25.0,26.0,25.0,25.25,25.25,6612
2006-02-24,25.0,27.5,24.25,27.25,27.25,17608
2006-02-27,27.25,27.25,25.75,26.0,26.0,3892
2006-02-28,26.0,26.25,24.5,25.0,25.0,4868
2006-03-01,24.75,26.5,24.75,25.75,25.75,4964
2006-03-02,25.75,26.5,25.75,25.75,25.75,2352
2006-03-03,25.25,26.25,25.25,25.75,25.75,1868
2006-03-06,25.75,25.75,25.0,25.0,25.0,7976
2006-03-07,25.5,25.5,24.5,25.25,25.25,2880
2006-03-08,24.75,25.25,24.0,25.25,25.25,5512
2006-03-09,25.25,25.75,24.5,25.0,25.0,1824
2006-03-10,25.25,25.5,24.5,25.5,25.5,3500
2006-03-13,24.75,25.5,23.25,23.75,23.75,8736
2006-03-14,23.25,24.25,21.5,21.5,21.5,5252
2006-03-15,21.5,23.75,21.5,22.5,22.5,7880
2006-03-16,21.75,23.5,20.5,22.0,22.0,11716
2006-03-17,21.5,23.25,21.5,22.25,22.25,4748
2006-03-20,23.0,23.0,21.25,21.5,21.5,5288
2006-03-21,23.25,23.25,22.5,23.25,23.25,3132
2006-03-22,22.25,23.75,22.25,23.75,23.75,2636
2006-03-23,23.0,25.0,23.0,24.75,24.75,8436
2006-03-24,24.75,25.0,23.5,24.75,24.75,5056
2006-03-27,24.5,24.75,24.25,24.25,24.25,3712
2006-03-28,24.25,24.25,23.75,24.0,24.0,2472
2006-03-29,23.75,23.75,22.5,22.75,22.75,4204
2006-03-30,22.5,23.25,21.25,21.75,21.75,8416
2006-03-31,22.25,22.75,21.5,22.5,22.5,4596
2006-04-03,21.5,22.75,21.5,22.0,22.0,1964
2006-04-04,22.5,22.5,22.0,22.5,22.5,3432
2006-04-05,22.25,23.0,21.75,22.5,22.5,5616
2006-04-06,22.5,22.75,22.0,22.0,22.0,1452
2006-04-07,22.0,22.5,21.5,21.75,21.75,4608
2006-04-10,21.5,21.75,21.25,21.5,21.5,6288
2006-04-11,21.5,21.75,21.25,21.5,21.5,6836
2006-04-12,21.25,21.25,19.25,20.0,20.0,7516
2006-04-13,19.75,20.0,19.25,20.0,20.0,4528
2006-04-17,20.25,20.5,19.5,20.25,20.25,5180
2006-04-18,20.25,21.25,18.5,19.0,19.0,19760
2006-04-19,18.75,20.25,18.25,18.75,18.75,5036
2006-04-20,19.75,19.75,18.75,19.25,19.25,1464
2006-04-21,18.75,19.75,18.75,19.75,19.75,2632
2006-04-24,19.5,21.75,19.25,20.25,20.25,11244
2006-04-25,19.5,20.75,18.75,20.0,20.0,8300
2006-04-26,19.5,20.5,19.5,20.0,20.0,3212
2006-04-27,19.75,20.5,19.75,20.0,20.0,2412
2006-04-28,20.0,20.25,19.25,20.0,20.0,2704
2006-05-01,19.5,21.25,19.5,19.5,19.5,5496
2006-05-02,19.5,21.5,18.25,21.5,21.5,6620
2006-05-03,21.5,21.5,20.0,20.0,20.0,2568
2006-05-04,19.75,20.0,19.5,19.75,19.75,2324
2006-05-05,19.5,19.75,18.5,19.25,19.25,2740
2006-05-08,19.0,21.25,18.25,20.25,20.25,5420
2006-05-09,20.75,20.75,19.5,20.0,20.0,2200
2006-05-10,19.5,20.0,18.75,19.0,19.0,3884
2006-05-11,19.0,21.0,19.0,19.75,19.75,1848
2006-05-12,19.25,20.0,18.75,20.0,20.0,4588
2006-05-15,20.0,20.0,19.75,19.75,19.75,2740
2006-05-16,20.0,20.25,19.0,19.25,19.25,2908
2006-05-17,18.75,20.0,18.75,19.5,19.5,1096
2006-05-18,18.75,20.0,18.75,18.75,18.75,2440
2006-05-19,19.0,20.25,19.0,20.0,20.0,4628
2006-05-22,19.5,21.0,19.5,21.0,21.0,7196
2006-05-23,20.0,21.5,19.25,21.5,21.5,7224
2006-05-24,21.5,21.5,19.0,19.5,19.5,3752
2006-05-25,19.5,19.75,17.75,19.5,19.5,5108
2006-05-26,19.5,20.0,19.25,20.0,20.0,2836
2006-05-30,20.0,20.5,19.5,19.75,19.75,2668
2006-05-31,19.75,20.0,19.0,19.5,19.5,2356
2006-06-01,19.25,21.25,19.25,20.75,20.75,3228
2006-06-02,20.0,25.0,20.0,24.75,24.75,23268
2006-06-05,24.75,25.0,22.5,23.5,23.5,13848
2006-06-06,23.75,24.5,21.5,21.75,21.75,4504
2006-06-07,21.25,21.5,19.5,19.75,19.75,9484
2006-06-08,19.75,22.25,19.75,21.0,21.0,4800
2006-06-09,20.25,20.75,19.5,19.5,19.5,1108
2006-06-12,19.0,19.0,17.25,18.5,18.5,7376
2006-06-13,18.75,18.75,16.75,17.0,17.0,3344
2006-06-14,17.0,17.5,15.25,16.75,16.75,8820
2006-06-15,17.25,18.25,17.0,18.25,18.25,11084
2006-06-16,17.75,18.75,17.75,18.75,18.75,3956
2006-06-19,18.25,18.75,17.75,18.75,18.75,1532
2006-06-20,16.25,20.75,16.0,20.75,20.75,8952
2006-06-21,20.0,20.75,19.25,20.5,20.5,8164
2006-06-22,19.25,20.0,18.0,19.5,19.5,5808
2006-06-23,17.0,19.75,16.75,18.75,18.75,6520
2006-06-26,19.0,20.0,19.0,19.0,19.0,5800
2006-06-27,19.0,19.75,19.0,19.25,19.25,4808
2006-06-28,19.25,19.25,18.25,18.5,18.5,2536
2006-06-29,18.75,19.25,18.5,19.25,19.25,8288
2006-06-30,19.25,19.5,18.0,18.0,18.0,4652
2006-07-03,18.25,19.0,18.25,19.0,19.0,2364
2006-07-05,18.5,18.75,18.5,18.75,18.75,1956
2006-07-06,18.0,18.5,17.5,18.25,18.25,5016
2006-07-07,18.0,18.75,17.5,17.75,17.75,2532
2006-07-10,17.5,17.75,16.75,16.75,16.75,5060
2006-07-11,16.75,17.5,16.25,17.5,17.5,4832
2006-07-12,18.5,19.5,17.5,18.0,18.0,3868
2006-07-13,17.5,17.5,16.0,16.0,16.0,6204
2006-07-14,16.5,17.0,16.25,17.0,17.0,2104
2006-07-17,16.75,16.75,15.75,16.5,16.5,1616
2006-07-18,16.75,17.0,15.5,16.75,16.75,8676
2006-07-19,16.0,16.25,15.5,15.75,15.75,2884
2006-07-20,15.5,16.0,15.5,15.75,15.75,2624
2006-07-21,15.75,16.25,15.75,16.0,16.0,6220
2006-07-24,16.0,16.0,15.25,15.75,15.75,4768
2006-07-25,16.0,16.25,15.25,15.25,15.25,3572
2006-07-26,15.5,17.0,15.5,16.75,16.75,4460
2006-07-27,16.25,18.75,16.25,16.75,16.75,7248
2006-07-28,17.5,18.0,16.75,17.75,17.75,4472
2006-07-31,17.75,17.75,15.5,17.0,17.0,2500
2006-08-01,17.0,17.0,15.5,15.5,15.5,12176
2006-08-02,16.25,16.5,16.0,16.0,16.0,3656
2006-08-03,16.0,16.5,15.75,16.25,16.25,4228
2006-08-04,16.5,16.5,16.0,16.0,16.0,928
2006-08-07,16.0,16.25,15.25,15.5,15.5,1780
2006-08-08,16.5,16.5,15.25,15.5,15.5,1740
2006-08-09,15.25,16.5,15.0,15.5,15.5,3156
2006-08-10,15.0,15.5,15.0,15.5,15.5,1580
2006-08-11,15.5,15.5,15.25,15.5,15.5,408
2006-08-14,15.5,15.5,15.5,15.5,15.5,2428
2006-08-15,15.5,15.75,15.0,15.0,15.0,5808
2006-08-16,14.75,15.75,14.75,15.75,15.75,4256
2006-08-17,15.5,16.5,15.5,16.0,16.0,3848
2006-08-18,16.5,16.5,15.75,16.25,16.25,2328
2006-08-21,16.25,16.25,15.5,16.0,16.0,4084
2006-08-22,15.5,16.25,15.5,16.25,16.25,3360
2006-08-23,16.25,16.25,16.0,16.25,16.25,2020
2006-08-24,16.5,17.0,16.25,16.25,16.25,11248
2006-08-25,16.75,17.5,16.75,17.0,17.0,5420
2006-08-28,16.75,17.0,15.5,15.75,15.75,2320
2006-08-29,15.75,17.0,15.75,16.0,16.0,960
2006-08-30,15.75,16.25,15.75,16.0,16.0,6504
2006-08-31,16.25,17.0,15.5,17.0,17.0,4796
2006-09-01,17.0,17.0,15.75,16.0,16.0,1648
2006-09-05,16.0,16.25,15.5,16.25,16.25,1228
2006-09-06,15.75,16.25,15.5,15.5,15.5,2184
2006-09-07,15.75,16.5,15.5,16.25,16.25,2376
2006-09-08,15.5,16.25,15.5,15.75,15.75,3432
2006-09-11,16.0,16.25,15.5,15.5,15.5,2536
2006-09-12,15.5,16.5,15.5,15.75,15.75,4832
2006-09-13,16.0,16.0,15.0,15.0,15.0,2020
2006-09-14,15.0,15.5,14.75,14.75,14.75,2520
2006-09-15,14.75,15.75,14.5,14.5,14.5,4244
2006-09-18,15.0,15.75,14.25,14.75,14.75,1888
2006-09-19,15.0,15.0,14.5,14.75,14.75,2760
2006-09-20,14.25,14.75,14.0,14.25,14.25,5568
2006-09-21,14.5,14.75,14.25,14.25,14.25,2840
2006-09-22,14.5,14.5,14.0,14.25,14.25,1480
2006-09-25,14.25,14.5,14.0,14.25,14.25,3196
2006-09-26,14.25,14.5,14.0,14.0,14.0,6092
2006-09-27,14.0,16.5,14.0,15.25,15.25,5832
2006-09-28,14.5,15.75,14.5,14.75,14.75,4024
2006-09-29,15.0,15.0,13.75,14.75,14.75,6216
2006-10-02,14.75,16.25,14.5,15.5,15.5,6860
2006-10-03,15.5,16.0,15.0,15.0,15.0,3296
2006-10-04,14.75,14.75,12.75,13.25,13.25,7292
2006-10-05,13.5,14.75,13.0,14.75,14.75,5468
2006-10-06,14.75,15.0,12.75,13.75,13.75,3200
2006-10-09,13.75,14.25,12.5,13.25,13.25,29440
2006-10-10,13.0,13.5,12.75,13.0,13.0,12464
2006-10-11,13.0,14.0,12.75,14.0,14.0,8136
2006-10-12,14.0,15.25,13.75,15.0,15.0,18424
2006-10-13,14.75,15.0,14.0,14.0,14.0,4244
2006-10-16,14.25,15.0,14.25,14.75,14.75,10868
2006-10-17,14.5,14.75,13.5,13.5,13.5,5408
2006-10-18,13.5,14.5,13.25,14.0,14.0,9760
2006-10-19,14.5,14.5,14.0,14.5,14.5,5380
2006-10-20,14.0,14.25,13.75,14.25,14.25,5156
2006-10-23,14.0,14.25,13.25,13.75,13.75,6524
2006-10-24,13.75,14.0,13.25,13.75,13.75,5272
2006-10-25,14.0,14.0,13.5,13.5,13.5,4820
2006-10-26,13.5,13.75,13.0,13.25,13.25,3924
2006-10-27,13.25,14.25,13.0,13.5,13.5,5872
2006-10-30,13.25,13.75,13.0,13.25,13.25,3432
2006-10-31,13.0,15.0,13.0,14.75,14.75,11440
2006-11-01,15.0,15.5,13.5,13.5,13.5,7164
2006-11-02,13.75,14.0,12.5,13.5,13.5,21400
2006-11-03,14.0,15.0,12.5,13.75,13.75,18456
2006-11-06,15.0,15.0,13.0,13.25,13.25,4540
2006-11-07,13.25,13.75,13.25,13.5,13.5,7252
2006-11-08,13.5,13.75,12.75,12.75,12.75,11424
2006-11-09,13.5,13.75,13.25,13.25,13.25,4652
2006-11-10,13.25,15.75,13.25,15.25,15.25,19064
2006-11-13,15.5,20.0,15.25,18.5,18.5,37008
2006-11-14,18.75,19.25,17.0,18.75,18.75,9836
2006-11-15,18.75,19.0,17.0,19.0,19.0,6120
2006-11-16,18.75,19.0,16.75,18.25,18.25,6152
2006-11-17,18.75,18.75,17.0,17.0,17.0,808
2006-11-20,18.25,18.75,17.0,17.0,17.0,2792
2006-11-21,17.5,17.75,17.0,17.5,17.5,3908
2006-11-22,17.5,18.75,17.5,18.25,18.25,6180
2006-11-24,18.25,18.25,18.0,18.0,18.0,444
2006-11-27,18.75,18.75,16.75,17.5,17.5,5504
2006-11-28,17.5,17.75,17.0,17.0,17.0,5908
2006-11-29,17.5,17.5,16.75,16.75,16.75,8408
2006-11-30,17.5,17.5,16.25,16.25,16.25,11960
2006-12-01,16.0,16.5,15.75,16.25,16.25,14076
2006-12-04,15.75,16.0,15.75,15.75,15.75,1604
2006-12-05,15.75,15.75,15.5,15.5,15.5,2744
2006-12-06,15.5,16.0,15.25,15.5,15.5,2580
2006-12-07,15.5,17.0,15.25,17.0,17.0,8284
2006-12-08,17.0,18.25,16.0,17.75,17.75,7892
2006-12-11,18.25,19.25,17.5,18.75,18.75,18476
2006-12-12,18.75,20.75,18.75,19.0,19.0,19984
2006-12-13,19.75,23.75,19.75,23.75,23.75,31232
2006-12-14,23.75,25.25,22.5,24.5,24.5,33528
2006-12-15,24.0,24.5,23.5,24.25,24.25,23008
2006-12-18,24.5,24.5,21.75,22.0,22.0,9288
2006-12-19,22.25,23.0,20.5,22.0,22.0,9932
2006-12-20,21.25,22.75,21.25,22.5,22.5,3600
2006-12-21,22.0,22.5,21.25,21.75,21.75,8516
2006-12-22,22.0,22.5,21.25,22.5,22.5,4584
2006-12-26,22.5,25.0,22.5,25.0,25.0,7640
2006-12-27,24.75,25.25,24.5,25.0,25.0,21576
2006-12-28,24.5,24.75,21.25,24.75,24.75,8960
2006-12-29,23.0,25.0,22.25,24.25,24.25,11376
2007-01-03,22.5,24.75,22.5,23.0,23.0,11124
2007-01-04,22.25,23.75,22.25,22.5,22.5,2408
2007-01-05,22.5,22.5,20.5,21.5,21.5,6680
2007-01-08,21.5,23.25,21.5,22.5,22.5,6628
2007-01-09,22.5,24.25,22.5,23.0,23.0,11072
2007-01-10,23.0,23.75,22.5,23.0,23.0,7228
2007-01-11,22.5,24.0,22.5,23.0,23.0,5196
2007-01-12,23.25,24.0,22.75,23.0,23.0,7744
2007-01-16,22.5,24.25,22.5,23.25,23.25,7100
2007-01-17,23.25,23.25,22.5,22.5,22.5,3612
2007-01-18,21.75,22.5,20.25,21.0,21.0,6216
2007-01-19,21.25,22.5,20.75,22.25,22.25,2832
2007-01-22,22.5,24.75,21.25,23.75,23.75,25636
2007-01-23,23.75,24.0,23.0,23.25,23.25,3988
2007-01-24,23.25,23.75,23.0,23.5,23.5,9348
2007-01-25,23.0,23.75,23.0,23.25,23.25,2932
2007-01-26,23.5,23.5,23.25,23.25,23.25,5580
2007-01-29,23.5,23.5,22.5,22.5,22.5,4484
2007-01-30,23.25,23.25,21.5,22.5,22.5,2552
2007-01-31,23.25,23.5,22.25,23.0,23.0,3964
2007-02-01,23.5,23.5,22.5,23.0,23.0,2556
2007-02-02,23.0,23.0,21.75,22.5,22.5,1280
2007-02-05,22.5,23.25,21.5,21.75,21.75,2088
2007-02-06,22.25,22.5,22.0,22.25,22.25,2860
2007-02-07,21.5,22.5,21.5,22.0,22.0,3420
2007-02-08,22.0,22.75,21.25,21.75,21.75,10268
2007-02-09,22.25,22.5,22.25,22.25,22.25,5296
2007-02-12,22.25,23.0,22.25,22.25,22.25,9740
2007-02-13,22.25,22.75,22.0,22.5,22.5,8904
2007-02-14,22.0,22.5,22.0,22.5,22.5,3816
2007-02-15,22.25,22.25,22.0,22.25,22.25,3992
2007-02-16,22.0,22.5,22.0,22.0,22.0,1016
2007-02-20,22.0,22.5,22.0,22.0,22.0,2628
2007-02-21,21.75,22.25,21.75,22.0,22.0,1676
2007-02-22,22.0,22.0,21.75,22.0,22.0,5568
2007-02-23,22.0,22.5,21.75,22.0,22.0,4540
2007-02-26,22.0,22.25,21.5,21.5,21.5,7400
2007-02-27,21.5,22.25,20.5,20.5,20.5,7984
2007-02-28,20.5,21.0,20.5,21.0,21.0,988
2007-03-01,20.75,20.75,20.0,20.75,20.75,3888
2007-03-02,20.25,20.25,20.0,20.25,20.25,1932
2007-03-05,20.25,21.25,19.5,19.5,19.5,4472
2007-03-06,19.5,22.0,19.25,21.75,21.75,12040
2007-03-07,21.0,21.75,20.0,21.75,21.75,5732
2007-03-08,21.5,21.75,20.5,21.25,21.25,2200
2007-03-09,20.75,22.25,20.75,22.25,22.25,2864
2007-03-12,22.0,22.5,21.25,21.25,21.25,7616
2007-03-13,20.25,20.75,19.5,20.0,20.0,1140
2007-03-14,20.5,20.5,20.25,20.25,20.25,1364
2007-03-15,20.0,20.25,19.5,20.0,20.0,2016
2007-03-16,19.75,19.75,19.75,19.75,19.75,664
2007-03-19,19.75,20.75,19.25,20.75,20.75,4812
2007-03-20,20.25,20.75,19.5,20.5,20.5,2220
2007-03-21,20.0,20.5,19.5,20.0,20.0,2736
2007-03-22,19.75,20.75,18.5,19.0,19.0,4424
2007-03-23,19.0,20.0,17.75,17.75,17.75,4484
2007-03-26,18.5,19.75,18.25,18.75,18.75,4160
2007-03-27,18.75,19.0,18.0,18.5,18.5,2680
2007-03-28,18.25,19.0,17.75,19.0,19.0,3272
2007-03-29,18.75,19.5,17.5,18.25,18.25,7476
2007-03-30,18.75,18.75,18.25,18.25,18.25,1988
2007-04-02,18.25,19.75,18.25,19.0,19.0,10956
2007-04-03,18.75,18.75,17.75,18.0,18.0,3256
2007-04-04,17.5,18.0,16.5,18.0,18.0,10972
2007-04-05,18.0,18.5,17.5,17.75,17.75,4356
2007-04-09,17.75,17.75,16.75,17.0,17.0,6312
2007-04-10,16.75,17.0,16.25,16.75,16.75,3552
2007-04-11,17.0,17.5,16.5,17.0,17.0,7224
2007-04-12,16.5,17.0,16.25,16.5,16.5,7264
2007-04-13,16.0,16.75,15.5,15.5,15.5,10720
2007-04-16,16.0,16.75,14.0,15.0,15.0,12372
2007-04-17,15.0,15.0,14.0,15.0,15.0,10596
2007-04-18,15.25,15.25,14.25,15.0,15.0,4420
2007-04-19,15.5,15.5,14.0,14.75,14.75,6224
2007-04-20,14.25,15.5,14.0,14.25,14.25,12968
2007-04-23,14.5,16.75,14.5,16.25,16.25,12964
2007-04-24,16.5,16.5,15.0,15.0,15.0,4372
2007-04-25,15.5,15.5,14.0,14.25,14.25,5548
2007-04-26,15.0,15.75,14.25,14.25,14.25,2296
2007-04-27,14.25,15.0,14.25,14.75,14.75,4200
2007-04-30,15.5,16.25,14.5,16.25,16.25,13864
2007-05-01,16.5,18.0,16.25,16.5,16.5,12640
2007-05-02,17.75,18.25,17.5,17.5,17.5,4052
2007-05-03,17.5,18.5,15.25,18.25,18.25,15892
2007-05-04,17.75,18.75,17.75,18.5,18.5,12060
2007-05-07,17.75,18.25,17.0,17.25,17.25,5576
2007-05-08,17.0,17.0,16.25,16.5,16.5,1240
2007-05-09,16.0,16.25,15.75,16.0,16.0,4560
2007-05-10,15.5,16.25,15.0,15.5,15.5,5396
2007-05-11,16.25,16.25,15.25,15.75,15.75,3488
2007-05-14,15.25,16.25,15.25,15.5,15.5,1252
2007-05-15,15.25,16.0,15.0,15.0,15.0,2936
2007-05-16,15.0,16.0,14.75,14.75,14.75,4808
2007-05-17,15.75,15.75,14.75,15.0,15.0,2280
2007-05-18,15.0,15.75,15.0,15.25,15.25,3844
2007-05-21,15.25,15.75,14.75,15.75,15.75,7232
2007-05-22,15.0,16.25,15.0,15.75,15.75,3664
2007-05-23,15.75,16.25,15.25,15.5,15.5,1272
2007-05-24,17.0,17.0,15.75,15.75,15.75,5220
2007-05-25,15.75,17.5,15.75,17.25,17.25,13644
2007-05-29,16.75,18.0,16.75,16.75,16.75,6392
2007-05-30,16.75,16.75,15.5,15.75,15.75,3420
2007-05-31,15.75,16.25,15.5,15.5,15.5,2048
2007-06-01,15.5,16.0,14.5,15.5,15.5,8452
2007-06-04,15.25,16.5,15.25,15.25,15.25,1936
2007-06-05,15.75,16.25,14.75,15.25,15.25,7460
2007-06-06,15.25,16.0,15.0,15.75,15.75,1112
2007-06-07,15.25,16.25,15.25,15.5,15.5,2456
2007-06-08,16.75,16.75,15.25,15.25,15.25,4692
2007-06-11,15.25,15.75,15.0,15.25,15.25,5244
2007-06-12,15.5,16.25,15.25,15.25,15.25,7548
2007-06-13,15.0,15.25,15.0,15.25,15.25,1864
2007-06-14,15.25,16.0,15.0,15.0,15.0,3132
2007-06-15,15.0,15.25,14.75,15.25,15.25,6220
2007-06-18,14.25,16.0,14.25,15.75,15.75,5332
2007-06-19,15.75,16.25,15.0,15.5,15.5,7788
2007-06-20,15.75,16.25,15.0,15.25,15.25,4656
2007-06-21,15.25,16.25,15.0,16.25,16.25,4256
2007-06-22,15.75,16.25,15.25,15.75,15.75,4760
2007-06-25,15.5,16.0,15.0,15.5,15.5,5784
2007-06-26,15.5,15.75,15.5,15.5,15.5,12336
2007-06-27,15.75,16.0,15.25,15.5,15.5,11928
2007-06-28,15.5,15.5,14.25,14.75,14.75,11932
2007-06-29,14.25,15.5,14.25,14.5,14.5,4820
2007-07-02,14.75,15.0,14.0,14.0,14.0,3704
2007-07-03,14.25,15.75,14.25,14.5,14.5,3024
2007-07-05,14.5,14.75,13.75,14.25,14.25,6432
2007-07-06,14.25,15.5,14.25,14.25,14.25,7340
2007-07-09,15.0,15.0,14.0,14.0,14.0,9656
2007-07-10,14.25,15.0,14.0,14.0,14.0,4564
2007-07-11,14.25,14.75,13.75,14.0,14.0,5096
2007-07-12,14.0,14.0,13.75,13.75,13.75,3096
2007-07-13,13.5,13.75,11.5,12.25,12.25,19388
2007-07-16,12.5,12.75,12.0,12.5,12.5,7984
2007-07-17,12.5,12.5,11.5,12.5,12.5,6328
2007-07-18,12.5,13.75,12.5,13.25,13.25,8048
2007-07-19,13.0,13.75,13.0,13.5,13.5,2188
2007-07-20,13.25,13.25,12.5,13.25,13.25,4788
2007-07-23,13.25,13.25,12.5,13.0,13.0,1832
2007-07-24,12.5,12.75,12.5,12.5,12.5,1960
2007-07-25,12.5,13.75,12.5,13.75,13.75,4588
2007-07-26,13.25,13.75,13.25,13.25,13.25,1204
2007-07-27,11.75,15.25,11.75,13.75,13.75,9764
2007-07-30,13.75,14.25,13.25,13.25,13.25,1328
2007-07-31,13.5,16.0,13.5,13.5,13.5,2048
2007-08-01,13.75,13.75,13.0,13.0,13.0,632
2007-08-02,13.0,13.75,13.0,13.0,13.0,2436
2007-08-03,13.5,14.0,12.75,13.75,13.75,4492
2007-08-06,15.0,15.5,13.75,15.0,15.0,4720
2007-08-07,15.5,15.75,15.25,15.75,15.75,5904
2007-08-08,15.75,15.75,14.75,14.75,14.75,3120
2007-08-09,15.25,20.0,15.0,17.5,17.5,29976
2007-08-10,18.5,19.5,17.25,19.5,19.5,11388
2007-08-13,19.5,21.5,19.5,21.25,21.25,18868
2007-08-14,22.0,22.0,20.25,21.0,21.0,9788
2007-08-15,21.0,21.25,19.75,20.0,20.0,12128
2007-08-16,19.5,20.0,18.0,20.0,20.0,11292
2007-08-17,20.0,21.0,20.0,20.5,20.5,4504
2007-08-20,20.5,21.0,20.0,20.0,20.0,12308
2007-08-21,19.75,21.0,19.75,20.25,20.25,4736
2007-08-22,20.25,21.0,20.0,20.0,20.0,5884
2007-08-23,20.0,20.75,20.0,20.0,20.0,4008
2007-08-24,20.0,21.0,20.0,20.5,20.5,5276
2007-08-27,20.0,20.5,20.0,20.0,20.0,900
2007-08-28,20.25,21.0,20.0,20.0,20.0,2768
2007-08-29,19.75,20.25,19.75,20.0,20.0,4140
2007-08-30,21.0,22.0,20.75,21.25,21.25,7156
2007-08-31,20.75,22.0,20.0,22.0,22.0,5220
2007-09-04,22.0,22.0,21.5,21.75,21.75,8796
2007-09-05,21.75,22.5,21.5,22.25,22.25,13604
2007-09-06,22.0,22.5,22.0,22.0,22.0,2784
2007-09-07,22.0,22.5,22.0,22.25,22.25,5652
2007-09-10,22.5,23.75,22.25,23.5,23.5,12508
2007-09-11,22.75,23.25,21.5,21.5,21.5,8976
2007-09-12,21.5,23.25,21.5,23.0,23.0,6696
2007-09-13,23.5,23.75,22.25,23.25,23.25,8356
2007-09-14,23.5,23.75,22.5,23.25,23.25,6992
2007-09-17,23.75,24.0,22.5,23.0,23.0,15976
2007-09-18,22.75,23.25,22.0,22.25,22.25,5528
2007-09-19,22.25,23.5,22.25,23.5,23.5,7500
2007-09-20,23.5,23.5,22.5,23.0,23.0,3200
2007-09-21,23.0,23.25,22.0,22.0,22.0,2324
2007-09-24,22.5,22.5,22.0,22.5,22.5,1900
2007-09-25,22.0,22.0,20.5,21.0,21.0,6508
2007-09-26,21.0,21.0,18.75,20.0,20.0,8120
2007-09-27,20.0,20.5,18.75,20.5,20.5,11868
2007-09-28,20.5,21.0,20.0,20.25,20.25,1704
2007-10-01,21.25,22.25,21.0,21.0,21.0,4608
2007-10-02,21.5,22.25,21.5,21.75,21.75,2340
2007-10-03,22.25,22.75,21.5,22.5,22.5,19744
2007-10-04,22.75,23.0,22.0,22.0,22.0,3964
2007-10-05,21.75,22.0,21.0,21.0,21.0,3796
2007-10-08,21.0,21.0,20.0,20.0,20.0,6988
2007-10-09,21.25,21.25,20.0,20.0,20.0,3252
2007-10-10,19.75,20.25,19.5,20.0,20.0,10472
2007-10-11,21.25,21.25,18.0,19.0,19.0,8352
2007-10-12,19.0,19.0,18.75,18.75,18.75,652
2007-10-15,17.75,19.0,16.25,19.0,19.0,8736
2007-10-16,19.0,19.0,18.5,19.0,19.0,888
2007-10-17,19.0,20.5,18.75,19.0,19.0,8032
2007-10-18,20.0,21.0,19.5,21.0,21.0,2624
2007-10-19,20.0,21.0,19.5,20.5,20.5,2444
2007-10-22,20.5,22.0,20.0,20.5,20.5,5500
2007-10-23,20.5,20.5,18.75,19.75,19.75,4076
2007-10-24,21.0,22.75,20.5,20.5,20.5,5744
2007-10-25,20.0,22.5,20.0,22.0,22.0,12396
2007-10-26,22.25,22.75,22.0,22.25,22.25,8688
2007-10-29,22.75,22.75,22.0,22.0,22.0,1236
2007-10-30,22.75,22.75,21.5,21.5,21.5,1412
2007-10-31,21.75,22.5,21.75,22.5,22.5,4340
2007-11-01,22.0,22.0,20.0,21.0,21.0,2576
2007-11-02,21.75,23.0,21.0,22.75,22.75,16780
2007-11-05,23.75,39.5,23.75,33.25,33.25,113540
2007-11-06,34.25,34.75,28.0,30.75,30.75,33408
2007-11-07,28.25,28.75,26.75,28.75,28.75,11524
2007-11-08,30.0,31.0,28.25,29.5,29.5,14916
2007-11-09,29.5,29.5,27.0,27.75,27.75,9872
2007-11-12,28.0,29.5,27.5,29.25,29.25,5004
2007-11-13,29.25,30.5,28.75,30.25,30.25,8540
2007-11-14,30.25,33.0,30.25,32.5,32.5,19812
2007-11-15,33.75,37.5,33.75,36.0,36.0,33724
2007-11-16,37.5,43.75,35.0,42.5,42.5,58944
2007-11-19,39.25,48.5,38.0,47.5,47.5,54008
2007-11-20,47.5,48.5,44.75,46.5,46.5,18908
2007-11-21,46.5,47.5,43.5,44.25,44.25,17060
2007-11-23,45.0,45.75,44.0,45.0,45.0,3552
2007-11-26,45.25,45.5,41.5,42.0,42.0,8716
2007-11-27,41.5,42.0,32.75,33.0,33.0,24472
2007-11-28,33.75,41.5,33.75,38.75,38.75,16260
2007-11-29,37.5,38.75,37.0,37.0,37.0,4884
2007-11-30,37.75,38.5,35.0,37.5,37.5,6764
2007-12-03,37.5,37.75,35.0,37.25,37.25,4408
2007-12-04,36.25,37.5,33.75,35.5,35.5,4516
2007-12-05,36.25,36.25,35.0,36.0,36.0,3408
2007-12-06,36.25,37.5,36.0,37.0,37.0,3288
2007-12-07,38.0,39.75,37.75,38.25,38.25,7132
2007-12-10,38.0,39.5,37.75,39.0,39.0,4908
2007-12-11,39.5,41.25,37.75,40.0,40.0,5624
2007-12-12,39.5,40.75,38.0,38.0,38.0,4532
2007-12-13,38.25,38.75,36.25,37.5,37.5,2504
2007-12-14,37.5,40.25,37.5,39.25,39.25,6944
2007-12-17,39.25,39.25,37.25,37.25,37.25,4260
2007-12-18,38.5,38.75,36.5,36.5,36.5,1980
2007-12-19,37.25,39.75,37.0,38.75,38.75,9696
2007-12-20,39.0,42.25,38.75,40.0,40.0,12588
2007-12-21,39.0,40.0,38.5,39.0,39.0,2420
2007-12-24,39.0,40.0,38.25,38.25,38.25,1388
2007-12-26,38.25,38.25,36.0,36.25,36.25,5776
2007-12-27,35.75,35.75,33.75,35.5,35.5,5068
2007-12-28,35.5,37.0,33.75,36.5,36.5,18004
2007-12-31,36.25,36.25,34.5,36.25,36.25,5944
2008-01-02,36.25,37.5,35.0,37.25,37.25,4072
2008-01-03,37.5,37.5,35.25,36.75,36.75,1780
2008-01-04,37.25,37.25,36.25,36.25,36.25,3252
2008-01-07,36.25,36.25,29.0,29.5,29.5,7864
2008-01-08,30.5,31.0,29.25,30.0,30.0,8352
2008-01-09,28.25,28.75,26.25,26.75,26.75,6876
2008-01-10,26.5,32.0,25.25,32.0,32.0,8092
2008-01-11,32.0,32.0,30.25,31.25,31.25,1500
2008-01-14,31.25,35.0,31.0,32.25,32.25,3572
2008-01-15,32.75,32.75,30.0,30.0,30.0,1628
2008-01-16,31.25,31.25,28.5,28.75,28.75,4144
2008-01-17,29.5,29.75,26.0,27.5,27.5,3584
2008-01-18,26.5,31.0,26.5,28.5,28.5,4248
2008-01-22,28.0,29.0,26.75,28.75,28.75,13696
2008-01-23,27.5,29.25,27.25,29.25,29.25,8172
2008-01-24,29.25,30.75,27.5,28.0,28.0,10452
2008-01-25,28.0,29.0,28.0,28.5,28.5,1344
2008-01-28,27.75,28.25,26.0,26.5,26.5,5700
2008-01-29,26.0,27.5,24.25,26.25,26.25,5344
2008-01-30,27.5,29.75,27.25,27.75,27.75,2504
2008-01-31,27.5,30.0,27.25,29.75,29.75,23272
2008-02-01,29.5,29.5,28.75,28.75,28.75,4472
2008-02-04,28.0,28.0,25.75,26.75,26.75,864
2008-02-05,27.0,27.0,25.75,26.5,26.5,264
2008-02-06,26.25,27.5,26.25,27.5,27.5,680
2008-02-07,27.5,27.5,26.75,26.75,26.75,740
2008-02-08,26.75,27.5,26.25,27.5,27.5,5124
2008-02-11,26.25,28.75,26.25,28.75,28.75,6040
2008-02-12,27.25,28.75,27.25,27.5,27.5,1236
2008-02-13,27.5,27.75,26.5,27.5,27.5,584
2008-02-14,27.0,27.0,26.75,27.0,27.0,840
2008-02-15,26.75,27.5,26.5,26.5,26.5,1864
2008-02-19,26.5,27.5,26.25,26.75,26.75,2260
2008-02-20,27.25,27.75,27.25,27.5,27.5,5736
2008-02-21,27.75,28.75,27.75,28.0,28.0,992
2008-02-22,28.0,28.0,26.5,27.0,27.0,1280
2008-02-25,26.5,29.0,26.25,28.75,28.75,7492
2008-02-26,28.75,28.75,27.0,27.25,27.25,2352
2008-02-27,26.75,27.25,26.75,26.75,26.75,1000
2008-02-28,26.75,26.75,25.75,26.0,26.0,1756
2008-02-29,26.0,26.25,24.75,25.0,25.0,5192
2008-03-03,25.0,25.0,22.5,22.75,22.75,5232
2008-03-04,23.25,23.25,20.75,20.75,20.75,6196
2008-03-05,21.0,23.0,21.0,23.0,23.0,9624
2008-03-06,22.75,23.0,21.75,22.5,22.5,3320
2008-03-07,22.25,23.25,22.0,23.25,23.25,656
2008-03-10,21.75,23.25,20.75,21.75,21.75,2700
2008-03-11,22.25,22.5,21.25,22.25,22.25,2840
2008-03-12,22.25,22.25,21.5,22.0,22.0,876
2008-03-13,21.5,22.5,21.0,21.0,21.0,11216
2008-03-14,22.0,22.25,21.25,21.25,21.25,3064
2008-03-17,21.25,21.25,19.0,19.0,19.0,4876
2008-03-18,19.5,19.5,18.75,19.5,19.5,6388
2008-03-19,18.75,19.75,18.75,19.25,19.25,2640
2008-03-20,19.0,19.0,17.25,17.25,17.25,2260
2008-03-24,18.25,20.25,18.25,20.0,20.0,10468
2008-03-25,20.0,22.25,20.0,22.0,22.0,30480
2008-03-26,22.25,22.25,21.75,21.75,21.75,12972
2008-03-27,22.0,22.0,21.75,22.0,22.0,7948
2008-03-28,21.75,22.0,21.5,21.5,21.5,9256
2008-03-31,21.75,22.0,21.75,21.75,21.75,9908
2008-04-01,21.75,23.75,21.5,23.75,23.75,5200
2008-04-02,23.75,27.0,23.25,25.0,25.0,10052
2008-04-03,25.0,25.75,23.75,23.75,23.75,3000
2008-04-04,23.75,25.25,23.75,24.5,24.5,4128
2008-04-07,25.0,26.0,24.5,25.0,25.0,2736
2008-04-08,24.5,24.75,24.5,24.75,24.75,5020
2008-04-09,25.5,26.25,24.5,25.75,25.75,856
2008-04-10,25.75,28.5,25.75,27.25,27.25,6564
2008-04-11,27.75,32.0,27.75,32.0,32.0,21100
2008-04-14,34.75,34.75,31.25,31.25,31.25,14656
2008-04-15,32.5,32.5,28.75,28.75,28.75,3568
2008-04-16,28.5,30.5,25.5,29.5,29.5,7764
2008-04-17,29.75,30.0,28.0,28.0,28.0,5896
2008-04-18,28.0,30.25,28.0,29.5,29.5,6336
2008-04-21,29.5,29.5,25.0,27.0,27.0,8368
2008-04-22,27.5,27.5,26.0,26.25,26.25,1540
2008-04-23,26.25,26.25,25.75,26.25,26.25,1280
2008-04-24,26.25,26.25,22.5,23.75,23.75,9252
2008-04-25,23.5,26.25,23.5,25.25,25.25,2464
2008-04-28,24.75,25.0,23.75,25.0,25.0,4640
2008-04-29,24.5,25.75,23.75,25.75,25.75,3716
2008-04-30,24.75,25.75,24.5,25.25,25.25,3372
2008-05-01,25.75,27.0,25.25,27.0,27.0,9836
2008-05-02,27.5,28.75,27.5,28.0,28.0,2700
2008-05-05,27.5,27.5,25.75,25.75,25.75,1140
2008-05-06,25.75,26.0,25.0,25.0,25.0,2196
2008-05-07,24.75,25.25,24.5,25.0,25.0,1324
2008-05-08,25.5,26.0,25.0,26.0,26.0,2504
2008-05-09,25.5,26.0,25.0,25.0,25.0,1412
2008-05-12,25.0,26.0,25.0,25.5,25.5,1968
2008-05-13,25.5,26.25,25.0,25.0,25.0,1708
2008-05-14,24.0,25.5,23.75,24.25,24.25,3800
2008-05-15,24.0,25.0,23.75,24.0,24.0,700
2008-05-16,24.0,24.5,23.75,24.0,24.0,1024
2008-05-19,24.0,25.25,24.0,24.25,24.25,1600
2008-05-20,24.0,24.0,24.0,24.0,24.0,380
2008-05-21,24.5,24.5,23.0,23.75,23.75,2320
2008-05-22,23.75,24.0,23.75,23.75,23.75,2276
2008-05-23,24.0,24.0,23.75,23.75,23.75,1908
2008-05-27,23.75,23.75,22.5,22.75,22.75,1112
2008-05-28,22.5,22.75,21.25,22.75,22.75,5576
2008-05-29,22.25,22.5,21.5,22.5,22.5,2180
2008-05-30,22.5,22.75,22.25,22.75,22.75,3940
2008-06-02,22.5,22.5,20.75,22.0,22.0,10440
2008-06-03,22.25,22.75,22.0,22.5,22.5,2412
2008-06-04,22.5,22.5,21.5,21.75,21.75,412
2008-06-05,21.5,22.5,21.5,22.5,22.5,1516
2008-06-06,22.5,22.5,21.75,22.5,22.5,1724
2008-06-09,21.5,22.5,21.5,21.75,21.75,896
2008-06-10,21.75,23.0,21.75,22.25,22.25,3184
2008-06-11,22.5,23.0,22.25,23.0,23.0,3404
2008-06-12,23.25,23.5,22.25,23.0,23.0,5220
2008-06-13,23.25,23.25,22.5,23.25,23.25,3252
2008-06-16,23.25,23.25,21.75,23.0,23.0,2312
2008-06-17,21.75,22.25,21.0,21.75,21.75,4532
2008-06-18,22.0,22.0,21.25,21.25,21.25,624
2008-06-19,21.25,22.0,18.75,20.0,20.0,5628
2008-06-20,20.0,20.25,19.5,20.25,20.25,1444
2008-06-23,19.75,21.0,19.0,19.0,19.0,1404
2008-06-24,19.5,20.5,19.5,20.25,20.25,3188
2008-06-25,20.25,20.25,19.5,19.75,19.75,3480
2008-06-26,20.5,20.5,18.75,19.0,19.0,1744
2008-06-27,19.25,20.0,18.75,19.25,19.25,1616
2008-06-30,19.5,20.0,18.75,18.75,18.75,4676
2008-07-01,18.75,18.75,17.0,18.25,18.25,3276
2008-07-02,18.0,18.25,16.75,17.5,17.5,12388
2008-07-03,16.75,18.0,16.75,17.5,17.5,1696
2008-07-07,17.0,17.0,16.75,16.75,16.75,700
2008-07-08,16.75,17.5,16.75,17.5,17.5,1508
2008-07-09,17.0,17.5,16.5,17.5,17.5,7580
2008-07-10,17.5,18.0,17.25,17.5,17.5,5184
2008-07-11,17.5,17.5,16.75,17.0,17.0,1104
2008-07-14,17.25,17.5,16.25,16.25,16.25,8428
2008-07-15,16.5,17.5,16.5,17.0,17.0,1376
2008-07-16,17.5,17.75,17.5,17.5,17.5,1336
2008-07-17,17.75,18.75,17.0,18.0,18.0,5732
2008-07-18,17.0,18.0,17.0,18.0,18.0,1156
2008-07-21,17.75,17.75,17.25,17.5,17.5,6004
2008-07-22,17.75,17.75,17.0,17.0,17.0,1676
2008-07-23,18.0,18.5,17.5,18.0,18.0,3796
2008-07-24,18.0,18.0,17.75,17.75,17.75,4328
2008-07-25,17.75,19.0,17.25,18.75,18.75,5872
2008-07-28,18.75,19.5,18.0,18.25,18.25,2632
2008-07-29,19.75,19.75,18.75,19.0,19.0,2044
2008-07-30,18.75,19.5,18.75,18.75,18.75,1280
2008-07-31,19.5,19.5,18.75,18.75,18.75,1308
2008-08-01,19.75,19.75,19.25,19.75,19.75,940
2008-08-04,19.75,21.5,19.5,21.25,21.25,6824
2008-08-05,21.25,22.5,21.25,22.25,22.25,4368
2008-08-06,22.5,23.75,22.5,22.75,22.75,6976
2008-08-07,24.5,24.5,22.5,23.5,23.5,2536
2008-08-08,23.5,23.75,22.75,22.75,22.75,4732
2008-08-11,22.5,22.75,22.5,22.75,22.75,6504
2008-08-12,22.75,23.0,22.75,22.75,22.75,5340
2008-08-13,22.75,23.0,21.25,21.5,21.5,4232
2008-08-14,22.5,22.75,22.25,22.5,22.5,11300
2008-08-15,22.5,23.0,22.0,22.0,22.0,9584
2008-08-18,22.5,22.75,21.5,22.25,22.25,3640
2008-08-19,22.25,22.75,21.25,21.25,21.25,5256
2008-08-20,22.25,22.25,22.0,22.0,22.0,1976
2008-08-21,21.25,22.25,20.0,21.25,21.25,1020
2008-08-22,21.25,21.5,20.25,20.25,20.25,1300
2008-08-25,22.25,23.0,20.25,22.5,22.5,2112
2008-08-26,22.5,23.0,21.0,21.0,21.0,2904
2008-08-27,21.25,22.5,20.25,22.5,22.5,1404
2008-08-28,20.0,21.25,19.5,20.0,20.0,3424
2008-08-29,20.75,20.75,17.0,17.5,17.5,4552
2008-09-02,18.5,18.75,17.5,18.5,18.5,13496
2008-09-03,19.5,21.0,19.5,19.75,19.75,6160
2008-09-04,20.25,21.25,19.75,20.0,20.0,2232
2008-09-05,19.75,20.25,17.75,18.0,18.0,3020
2008-09-08,20.0,21.0,18.0,20.25,20.25,7624
2008-09-09,19.75,20.25,18.75,18.75,18.75,1500
2008-09-10,18.75,19.5,18.75,19.0,19.0,1396
2008-09-11,19.0,19.5,18.5,18.75,18.75,1324
2008-09-12,19.0,19.0,18.0,18.0,18.0,1440
2008-09-15,18.0,18.0,17.5,17.5,17.5,2176
2008-09-16,17.25,18.0,16.75,18.0,18.0,3360
2008-09-17,17.5,19.0,16.5,17.5,17.5,5280
2008-09-18,17.25,17.5,13.0,15.5,15.5,8820
2008-09-19,15.5,16.25,15.25,15.5,15.5,5032
2008-09-22,17.0,17.25,15.25,16.25,16.25,9716
2008-09-23,15.25,16.5,13.75,15.5,15.5,4176
2008-09-24,15.0,16.25,14.25,16.25,16.25,3528
2008-09-25,15.5,17.0,15.5,15.75,15.75,4672
2008-09-26,15.5,16.25,15.5,16.25,16.25,2320
2008-09-29,15.5,16.0,15.0,15.0,15.0,3344
2008-09-30,15.0,15.75,15.0,15.25,15.25,3556
2008-10-01,15.25,17.5,15.25,16.25,16.25,5548
2008-10-02,16.25,17.0,16.0,16.0,16.0,2736
2008-10-03,16.0,17.0,15.0,15.0,15.0,8076
2008-10-06,15.0,15.0,13.0,14.5,14.5,14992
2008-10-07,14.5,15.0,12.5,13.75,13.75,13452
2008-10-08,13.0,13.25,10.25,11.5,11.5,16448
2008-10-09,12.5,13.0,11.25,11.5,11.5,6132
2008-10-10,13.0,13.0,11.75,11.75,11.75,7080
2008-10-13,11.75,13.0,11.75,12.0,12.0,5572
2008-10-14,12.0,12.0,10.75,11.5,11.5,6404
2008-10-15,11.5,12.0,10.25,10.75,10.75,13812
2008-10-16,10.5,11.5,8.5,11.25,11.25,36480
2008-10-17,11.25,11.5,11.0,11.0,11.0,7988
2008-10-20,11.0,11.5,11.0,11.25,11.25,6924
2008-10-21,11.5,11.5,11.25,11.5,11.5,12768
2008-10-22,11.75,13.5,11.5,13.25,13.25,14452
2008-10-23,13.0,13.0,12.25,13.0,13.0,5460
2008-10-24,12.25,12.5,11.25,12.5,12.5,8148
2008-10-27,12.5,13.0,12.0,12.0,12.0,1744
2008-10-28,12.5,12.75,11.5,11.5,11.5,1528
2008-10-29,13.0,13.0,12.0,12.75,12.75,6356
2008-10-30,12.5,12.75,12.5,12.5,12.5,420
2008-10-31,12.0,12.0,11.0,12.0,12.0,3904
2008-11-03,11.75,12.0,11.25,12.0,12.0,1508
2008-11-04,12.0,13.0,11.75,12.5,12.5,4492
2008-11-05,12.5,12.5,10.0,12.25,12.25,3020
2008-11-06,12.25,12.25,11.75,12.0,12.0,620
2008-11-07,11.75,12.0,10.0,11.25,11.25,1424
2008-11-10,12.0,12.0,10.25,11.25,11.25,1296
2008-11-11,10.25,11.75,10.25,11.75,11.75,3040
2008-11-12,11.75,11.75,11.25,11.5,11.5,3440
2008-11-13,11.75,11.75,10.25,11.0,11.0,4756
2008-11-14,11.25,13.0,10.5,11.0,11.0,12260
2008-11-17,11.0,11.5,10.0,10.0,10.0,3968
2008-11-18,10.75,10.75,9.75,10.75,10.75,5372
2008-11-19,10.25,11.25,10.0,10.25,10.25,2096
2008-11-20,10.0,11.75,9.0,9.5,9.5,2860
2008-11-21,9.0,11.75,9.0,9.0,9.0,1916
2008-11-24,9.25,11.0,8.0,9.5,9.5,4700
2008-11-25,10.0,10.0,7.75,8.75,8.75,6352
2008-11-26,8.75,10.0,7.25,7.75,7.75,20464
2008-11-28,8.5,8.5,8.25,8.5,8.5,1200
2008-12-01,8.5,8.5,7.25,8.0,8.0,4552
2008-12-02,7.25,8.0,7.25,7.5,7.5,2120
2008-12-03,7.5,8.5,7.25,8.25,8.25,2688
2008-12-04,7.5,8.5,7.0,8.5,8.5,3304
2008-12-05,8.5,8.5,6.5,7.75,7.75,4812
2008-12-08,7.5,8.5,7.25,7.25,7.25,4932
2008-12-09,7.25,8.25,7.25,7.25,7.25,6776
2008-12-10,7.25,8.25,7.25,7.75,7.75,5816
2008-12-11,7.75,7.75,7.0,7.75,7.75,11220
2008-12-12,7.25,7.5,6.75,7.5,7.5,3056
2008-12-15,7.5,7.5,6.5,6.5,6.5,9192
2008-12-16,6.25,7.0,5.75,6.25,6.25,12756
2008-12-17,6.5,8.0,6.25,7.75,7.75,21692
2008-12-18,8.0,9.25,7.75,8.0,8.0,5772
2008-12-19,8.0,9.25,8.0,9.0,9.0,25808
2008-12-22,9.75,11.0,9.25,10.25,10.25,20288
2008-12-23,10.25,11.25,9.75,10.75,10.75,7148
2008-12-24,10.75,11.25,10.5,11.0,11.0,1980
2008-12-26,10.0,11.75,9.75,11.75,11.75,6984
2008-12-29,11.75,11.75,8.5,9.25,9.25,18120
2008-12-30,9.0,10.5,7.75,7.75,7.75,19168
2008-12-31,8.75,10.75,8.75,10.75,10.75,11568
2009-01-02,11.0,11.0,9.75,9.75,9.75,936
2009-01-05,9.75,10.5,9.5,9.75,9.75,2564
2009-01-06,9.75,10.5,9.75,9.75,9.75,2440
2009-01-07,10.0,10.0,8.75,8.75,8.75,2528
2009-01-08,10.5,10.75,8.75,10.75,10.75,9684
2009-01-09,9.25,10.25,9.25,10.0,10.0,9092
2009-01-12,10.0,10.0,8.75,8.75,8.75,2628
2009-01-13,8.75,9.25,8.75,8.75,8.75,2604
2009-01-14,8.25,8.75,8.25,8.75,8.75,3980
2009-01-15,8.5,8.75,8.0,8.75,8.75,6456
2009-01-16,8.75,9.25,8.0,8.0,8.0,2236
2009-01-20,8.0,8.75,7.75,7.75,7.75,4408
2009-01-21,7.75,8.5,7.5,8.25,8.25,5664
2009-01-22,7.5,8.0,7.5,8.0,8.0,3016
2009-01-23,8.0,8.0,7.5,7.5,7.5,2316
2009-01-26,7.5,8.25,7.5,7.5,7.5,5456
2009-01-27,7.75,8.0,7.5,7.75,7.75,4892
2009-01-28,7.75,8.25,7.5,8.0,8.0,15156
2009-01-29,8.0,8.0,7.75,7.75,7.75,2688
2009-01-30,7.75,7.75,7.75,7.75,7.75,1272
2009-02-02,7.75,7.75,6.5,7.0,7.0,6792
2009-02-03,7.0,7.75,7.0,7.5,7.5,1008
2009-02-04,7.75,8.25,7.5,7.5,7.5,5032
2009-02-05,7.5,7.5,7.0,7.0,7.0,696
2009-02-06,7.5,8.25,7.5,8.0,8.0,2500
2009-02-09,8.25,8.25,7.25,8.0,8.0,3220
2009-02-10,8.0,8.5,7.0,8.0,8.0,1364
2009-02-11,8.0,8.0,7.25,8.0,8.0,2468
2009-02-12,7.25,7.75,7.25,7.75,7.75,3728
2009-02-13,7.75,7.75,7.0,7.5,7.5,1616
2009-02-17,7.5,7.5,7.25,7.5,7.5,4932
2009-02-18,7.5,7.5,7.0,7.0,7.0,1196
2009-02-19,7.0,7.25,6.25,6.5,6.5,3644
2009-02-20,6.25,6.5,5.5,6.25,6.25,8136
2009-02-23,6.25,6.5,5.0,5.5,5.5,11452
2009-02-24,5.5,6.25,4.75,4.75,4.75,7420
2009-02-25,5.0,6.25,5.0,6.25,6.25,7836
2009-02-26,6.0,6.25,5.5,6.0,6.0,19984
2009-02-27,5.5,6.75,5.5,6.75,6.75,7680
2009-03-02,6.5,6.5,6.25,6.5,6.5,1540
2009-03-03,6.75,7.0,5.25,6.25,6.25,10472
2009-03-04,7.5,7.5,6.25,7.25,7.25,1360
2009-03-05,6.75,6.75,6.0,6.0,6.0,3868
2009-03-06,6.0,6.5,5.5,6.25,6.25,4064
2009-03-09,6.25,6.5,6.0,6.25,6.25,7412
2009-03-10,5.75,6.5,5.75,6.25,6.25,7108
2009-03-11,6.25,6.25,6.0,6.0,6.0,6700
2009-03-12,6.25,6.25,5.5,6.0,6.0,9904
2009-03-13,5.5,6.25,5.5,6.25,6.25,2556
2009-03-16,5.75,6.25,5.75,5.75,5.75,1276
2009-03-17,5.75,6.0,5.75,5.75,5.75,1540
2009-03-18,5.75,6.0,5.5,5.5,5.5,3352
2009-03-19,5.75,6.0,5.5,5.5,5.5,724
2009-03-20,5.5,6.0,5.25,5.75,5.75,3604
2009-03-23,5.75,6.5,5.75,6.5,6.5,11856
2009-03-24,6.5,6.5,6.25,6.25,6.25,4524
2009-03-25,6.25,6.75,6.25,6.25,6.25,3920
2009-03-26,6.25,6.75,6.0,6.0,6.0,5200
2009-03-27,6.5,6.75,6.5,6.75,6.75,1212
2009-03-30,6.25,6.75,6.0,6.25,6.25,8540
2009-03-31,6.5,6.5,6.25,6.5,6.5,7808
2009-04-01,6.25,6.5,6.25,6.25,6.25,2576
2009-04-02,6.25,6.75,6.25,6.5,6.5,14320
2009-04-03,6.5,6.75,6.25,6.75,6.75,4420
2009-04-06,6.5,6.5,6.25,6.25,6.25,1928
2009-04-07,6.25,6.25,6.0,6.25,6.25,1580
2009-04-08,6.25,6.75,6.0,6.25,6.25,8936
2009-04-09,6.75,7.25,6.25,6.75,6.75,19492
2009-04-13,6.75,9.75,6.75,9.5,9.5,19248
2009-04-14,9.5,9.5,7.25,7.5,7.5,13560
2009-04-15,8.0,9.0,7.5,8.25,8.25,5304
2009-04-16,8.5,8.5,7.5,7.5,7.5,1720
2009-04-17,8.0,8.25,7.75,8.0,8.0,3388
2009-04-20,7.5,8.0,7.5,7.5,7.5,2304
2009-04-21,7.5,7.75,7.5,7.5,7.5,1904
2009-04-22,7.75,7.75,7.0,7.0,7.0,1180
2009-04-23,7.0,7.25,6.75,7.25,7.25,2240
2009-04-24,7.25,8.0,7.0,7.5,7.5,5924
2009-04-27,7.25,7.25,7.25,7.25,7.25,580
2009-04-28,7.25,7.25,7.0,7.0,7.0,3896
2009-04-29,7.25,7.25,7.0,7.25,7.25,3808
2009-04-30,7.25,7.75,7.0,7.25,7.25,2872
2009-05-01,7.25,7.25,7.25,7.25,7.25,1640
2009-05-04,7.5,7.75,7.25,7.25,7.25,1464
2009-05-05,7.25,9.5,7.25,8.25,8.25,17196
2009-05-06,8.5,9.0,8.5,9.0,9.0,1868
2009-05-07,10.0,10.75,8.75,9.5,9.5,8668
2009-05-08,10.0,10.0,9.5,9.75,9.75,3196
2009-05-11,9.5,9.75,8.75,9.25,9.25,1768
2009-05-12,9.25,9.75,8.5,8.5,8.5,1260
2009-05-13,9.75,9.75,8.5,8.5,8.5,3648
2009-05-14,8.75,8.75,7.75,7.75,7.75,5812
2009-05-15,8.0,8.0,7.75,7.75,7.75,832
2009-05-18,8.25,8.75,7.75,8.75,8.75,1204
2009-05-19,8.5,8.5,8.5,8.5,8.5,704
2009-05-20,8.5,8.5,8.0,8.0,8.0,8092
2009-05-21,8.0,8.0,7.5,7.5,7.5,3660
2009-05-22,7.75,7.75,7.25,7.5,7.5,9616
2009-05-26,8.25,8.25,7.25,7.5,7.5,5280
2009-05-27,7.25,7.5,7.0,7.0,7.0,5992
2009-05-28,7.0,8.25,7.0,7.75,7.75,10464
2009-05-29,7.75,7.75,7.0,7.0,7.0,4272
2009-06-01,7.5,7.75,7.0,7.75,7.75,5284
2009-06-02,7.5,8.0,7.5,7.5,7.5,10084
2009-06-03,7.75,8.0,7.5,8.0,8.0,5060
2009-06-04,8.0,8.5,7.75,8.0,8.0,5904
2009-06-05,8.5,8.5,8.0,8.25,8.25,2568
2009-06-08,8.25,9.0,8.25,9.0,9.0,10388
2009-06-09,9.0,9.25,8.75,8.75,8.75,5632
2009-06-10,9.0,9.5,9.0,9.0,9.0,5992
2009-06-11,9.0,9.5,9.0,9.5,9.5,6476
2009-06-12,9.5,9.5,9.25,9.5,9.5,3944
2009-06-15,9.25,9.5,9.25,9.25,9.25,3036
2009-06-16,9.5,9.75,9.5,9.75,9.75,4540
2009-06-17,10.0,10.0,9.5,9.75,9.75,1040
2009-06-18,9.75,10.0,8.75,9.25,9.25,2740
2009-06-19,9.5,9.75,9.0,9.5,9.5,8132
2009-06-22,10.0,10.75,10.0,10.5,10.5,5500
2009-06-23,10.25,10.75,10.0,10.0,10.0,2700
2009-06-24,10.0,10.25,10.0,10.25,10.25,1684
2009-06-25,10.25,10.75,10.0,10.0,10.0,6820
2009-06-26,10.0,10.25,9.25,10.0,10.0,5808
2009-06-29,10.5,10.5,9.25,9.75,9.75,4008
2009-06-30,9.75,9.75,9.25,9.75,9.75,6196
2009-07-01,9.5,9.75,9.25,9.5,9.5,5588
2009-07-02,9.5,9.5,8.75,9.5,9.5,4712
2009-07-06,9.5,9.5,8.75,8.75,8.75,1128
2009-07-07,9.0,9.0,8.75,9.0,9.0,680
2009-07-08,9.0,9.0,8.0,8.25,8.25,7260
2009-07-09,8.0,8.75,8.0,8.5,8.5,1188
2009-07-10,8.75,9.25,8.25,8.75,8.75,2320
2009-07-13,8.0,9.0,8.0,8.75,8.75,1316
2009-07-14,8.0,8.25,7.75,8.25,8.25,6620
2009-07-15,8.0,8.25,7.5,7.75,7.75,4136
2009-07-16,8.0,8.25,7.75,8.0,8.0,5852
2009-07-17,7.75,8.25,7.75,8.25,8.25,4944
2009-07-20,7.75,8.0,7.75,7.75,7.75,3976
2009-07-21,8.5,8.5,7.75,8.25,8.25,6072
2009-07-22,8.5,8.5,8.25,8.25,8.25,3740
2009-07-23,8.25,8.5,8.0,8.0,8.0,4840
2009-07-24,8.25,8.25,7.5,7.75,7.75,2284
2009-07-27,7.75,8.0,7.5,8.0,8.0,2488
2009-07-28,7.5,8.0,6.75,7.75,7.75,5060
2009-07-29,7.75,8.0,7.25,7.75,7.75,5404
2009-07-30,7.75,8.5,7.5,7.75,7.75,5520
2009-07-31,7.75,9.25,7.75,8.75,8.75,2248
2009-08-03,7.75,9.5,7.75,9.0,9.0,1100
2009-08-04,9.5,10.25,9.0,9.25,9.25,2904
2009-08-05,9.5,10.25,9.5,10.0,10.0,6060
2009-08-06,9.5,10.0,9.5,9.75,9.75,1292
2009-08-07,9.75,10.0,9.75,9.75,9.75,2652
2009-08-10,9.75,9.75,8.5,8.5,8.5,4196
2009-08-11,9.25,9.25,9.0,9.0,9.0,1884
2009-08-12,9.0,9.5,8.75,9.5,9.5,1420
2009-08-13,8.75,9.5,8.25,9.0,9.0,6628
2009-08-14,9.25,9.5,9.25,9.25,9.25,2772
2009-08-17,8.25,9.5,8.25,9.25,9.25,4028
2009-08-18,9.0,9.5,9.0,9.25,9.25,2256
2009-08-19,9.25,9.5,9.25,9.25,9.25,1296
2009-08-20,9.25,9.25,9.25,9.25,9.25,840
2009-08-21,9.5,10.0,9.5,9.75,9.75,2852
2009-08-24,10.0,12.0,9.75,12.0,12.0,12040
2009-08-25,11.5,15.75,11.5,13.75,13.75,12976
2009-08-26,14.0,14.0,13.25,13.75,13.75,2200
2009-08-27,13.5,14.0,13.25,13.25,13.25,6792
2009-08-28,13.25,14.0,13.25,13.25,13.25,6328
2009-08-31,13.75,14.25,13.25,14.0,14.0,2244
2009-09-01,14.5,16.75,14.5,16.5,16.5,9744
2009-09-02,16.25,16.5,15.0,16.25,16.25,4676
2009-09-03,16.25,18.75,16.25,18.25,18.25,8052
2009-09-04,18.0,18.75,17.0,18.25,18.25,5984
2009-09-08,18.5,21.25,18.0,21.25,21.25,10652
2009-09-09,21.25,27.5,20.0,27.5,27.5,20756
2009-09-10,25.0,28.0,21.25,24.75,24.75,18148
2009-09-11,23.75,23.75,20.5,21.75,21.75,6140
2009-09-14,21.75,25.0,21.25,22.75,22.75,6240
2009-09-15,22.25,22.75,20.0,20.25,20.25,8012
2009-09-16,20.0,22.0,20.0,22.0,22.0,12984
2009-09-17,21.25,21.25,20.0,20.75,20.75,8836
2009-09-18,20.5,21.25,20.0,20.5,20.5,5272
2009-09-21,20.5,21.25,20.0,20.5,20.5,3884
2009-09-22,21.0,21.0,20.25,20.75,20.75,4868
2009-09-23,20.75,20.75,20.5,20.5,20.5,4548
2009-09-24,20.5,21.0,20.0,21.0,21.0,11380
2009-09-25,21.0,22.25,20.75,22.0,22.0,13900
2009-09-28,22.25,22.25,20.5,21.5,21.5,3952
2009-09-29,22.0,22.75,21.5,22.25,22.25,3512
2009-09-30,20.25,22.25,20.25,21.25,21.25,4356
2009-10-01,22.25,23.0,21.75,22.5,22.5,9140
2009-10-02,22.5,23.0,21.0,22.5,22.5,5576
2009-10-05,21.25,23.0,21.25,23.0,23.0,3580
2009-10-06,23.0,23.25,21.25,22.5,22.5,5108
2009-10-07,21.25,23.0,21.25,22.75,22.75,6356
2009-10-08,23.0,23.25,22.0,23.0,23.0,10364
2009-10-09,23.0,24.75,23.0,23.75,23.75,10236
2009-10-12,24.0,24.75,23.0,24.0,24.0,2320
2009-10-13,23.75,24.5,23.5,24.25,24.25,9960
2009-10-14,24.0,25.0,24.0,25.0,25.0,9000
2009-10-15,24.75,25.0,24.5,24.75,24.75,3192
2009-10-16,24.5,25.0,24.5,24.5,24.5,5808
2009-10-19,24.25,24.25,23.0,23.75,23.75,6012
2009-10-20,23.5,25.5,20.25,23.5,23.5,27140
2009-10-21,24.5,24.5,22.0,22.5,22.5,1944
2009-10-22,22.5,23.75,20.0,22.0,22.0,4140
2009-10-23,22.0,22.0,20.75,21.25,21.25,4756
2009-10-26,23.0,23.0,20.25,21.5,21.5,3644
2009-10-27,20.0,21.25,18.75,19.0,19.0,3680
2009-10-28,19.0,21.25,19.0,19.25,19.25,6464
2009-10-29,20.0,20.0,14.75,15.25,15.25,9328
2009-10-30,16.75,17.5,13.75,14.75,14.75,4964
2009-11-02,14.0,16.25,14.0,15.5,15.5,2776
2009-11-03,14.5,16.25,14.5,15.75,15.75,2576
2009-11-04,15.25,17.25,15.0,16.75,16.75,2500
2009-11-05,17.25,17.75,12.75,17.5,17.5,2632
2009-11-06,17.5,18.75,16.75,18.75,18.75,1512
2009-11-09,18.75,19.5,16.0,17.0,17.0,3432
2009-11-10,19.0,19.0,17.0,17.0,17.0,2152
2009-11-11,17.0,18.75,17.0,17.75,17.75,892
2009-11-12,18.0,18.0,17.0,17.0,17.0,1488
2009-11-13,16.5,17.5,16.5,17.0,17.0,2372
2009-11-16,17.5,17.5,16.25,16.75,16.75,2068
2009-11-17,17.0,17.0,16.5,16.5,16.5,1176
2009-11-18,16.5,16.75,16.5,16.75,16.75,1076
2009-11-19,16.25,16.25,16.25,16.25,16.25,680
2009-11-20,16.5,19.0,15.5,15.75,15.75,3984
2009-11-23,16.25,19.0,16.0,17.25,17.25,4172
2009-11-24,17.25,18.0,16.75,17.0,17.0,3780
2009-11-25,17.0,17.5,16.75,16.75,16.75,2164
2009-11-27,17.25,18.0,17.25,17.75,17.75,2648
2009-11-30,17.75,18.5,17.25,17.25,17.25,1556
2009-12-01,18.25,18.25,17.75,18.0,18.0,268
2009-12-02,18.25,18.75,17.5,17.5,17.5,2836
2009-12-03,17.5,18.0,17.5,17.75,17.75,1356
2009-12-04,17.5,18.0,17.5,17.75,17.75,1500
2009-12-07,17.5,17.5,15.0,15.0,15.0,3488
2009-12-08,17.5,17.5,15.75,17.0,17.0,532
2009-12-09,17.0,17.0,16.25,16.75,16.75,1976
2009-12-10,16.25,16.75,16.25,16.25,16.25,1596
2009-12-11,16.75,16.75,16.25,16.25,16.25,536
2009-12-14,16.25,16.75,15.0,16.25,16.25,2588
2009-12-15,15.5,16.75,15.5,16.75,16.75,1688
2009-12-16,15.0,16.75,15.0,16.75,16.75,1356
2009-12-17,16.25,17.25,15.0,15.75,15.75,3088
2009-12-18,16.0,16.75,16.0,16.75,16.75,240
2009-12-21,15.5,15.5,15.0,15.0,15.0,460
2009-12-22,15.25,15.75,15.0,15.25,15.25,9236
2009-12-23,15.0,15.25,14.5,14.5,14.5,3040
2009-12-24,15.0,16.0,14.75,15.75,15.75,1356
2009-12-28,15.75,15.75,14.75,14.75,14.75,1948
2009-12-29,15.0,15.5,15.0,15.0,15.0,1980
2009-12-30,15.0,16.75,14.75,15.5,15.5,896
2009-12-31,15.5,16.0,15.0,16.0,16.0,2348
2010-01-04,16.0,16.0,15.5,15.5,15.5,1740
2010-01-05,15.5,15.5,15.0,15.5,15.5,1360
2010-01-06,15.0,15.5,14.75,15.25,15.25,1652
2010-01-07,15.0,16.0,14.75,15.0,15.0,4188
2010-01-08,15.0,15.5,14.25,15.25,15.25,4152
2010-01-11,15.25,15.25,14.5,14.75,14.75,716
2010-01-12,15.25,16.75,15.0,15.75,15.75,14056
2010-01-13,16.0,16.0,15.75,15.75,15.75,3044
2010-01-14,15.75,16.0,15.5,16.0,16.0,3756
2010-01-15,15.5,15.75,15.5,15.75,15.75,8980
2010-01-19,15.5,15.75,15.0,15.0,15.0,2156
2010-01-20,15.0,15.0,14.0,14.0,14.0,1268
2010-01-21,14.0,14.0,14.0,14.0,14.0,0
2010-01-22,14.0,14.0,12.5,12.5,12.5,0
2010-01-25,12.0,12.5,11.5,12.0,12.0,3952
2010-01-26,12.0,12.0,8.75,11.75,11.75,5700
2010-01-27,11.75,13.0,11.5,11.5,11.5,2056
2010-01-28,11.5,13.0,11.5,12.25,12.25,1960
2010-01-29,12.5,13.0,12.0,13.0,13.0,2376
2010-02-01,12.75,13.0,11.5,12.0,12.0,2016
2010-02-02,12.5,13.0,11.75,13.0,13.0,592
2010-02-03,11.75,12.5,11.25,11.5,11.5,852
2010-02-04,11.25,13.0,11.25,12.25,12.25,4536
2010-02-05,11.75,12.5,11.75,12.25,12.25,4028
2010-02-08,11.75,12.25,11.25,11.5,11.5,1780
2010-02-09,11.75,12.25,11.5,12.25,12.25,1180
2010-02-10,11.5,12.0,9.25,12.0,12.0,3960
2010-02-11,12.0,12.25,11.75,12.0,12.0,2140
2010-02-12,11.75,12.25,9.0,12.25,12.25,436
2010-02-16,12.25,12.25,10.25,12.25,12.25,892
2010-02-17,11.0,12.0,11.0,12.0,12.0,172
2010-02-18,12.0,12.25,11.25,12.25,12.25,3404
2010-02-19,12.25,12.25,11.25,12.25,12.25,1312
2010-02-22,12.25,12.25,10.75,11.75,11.75,2088
2010-02-23,11.5,12.25,11.5,12.25,12.25,2384
2010-02-24,12.25,12.25,10.75,12.0,12.0,3296
2010-02-25,12.5,12.5,11.25,12.0,12.0,1004
2010-02-26,12.0,12.5,12.0,12.25,12.25,3472
2010-03-01,12.25,12.5,10.5,11.0,11.0,4424
2010-03-02,11.25,12.5,10.5,11.0,11.0,2432
2010-03-03,11.25,12.25,10.75,12.25,12.25,1764
2010-03-04,10.75,12.0,10.75,12.0,12.0,964
2010-03-05,11.75,12.25,10.75,12.25,12.25,4060
2010-03-08,9.25,12.25,9.25,12.25,12.25,2172
2010-03-09,12.0,12.25,11.0,12.0,12.0,4076
2010-03-10,11.25,12.0,11.0,11.5,11.5,7752
2010-03-11,11.5,12.0,11.25,11.75,11.75,1888
2010-03-12,11.25,11.25,10.0,11.25,11.25,20588
2010-03-15,11.0,11.0,10.25,11.0,11.0,1632
2010-03-16,11.0,11.25,10.75,11.25,11.25,2164
2010-03-17,10.0,10.5,10.0,10.5,10.5,7900
2010-03-18,10.0,10.25,10.0,10.0,10.0,4572
2010-03-19,10.0,10.25,10.0,10.0,10.0,2876
2010-03-22,10.0,10.5,10.0,10.25,10.25,6252
2010-03-23,10.25,10.25,9.75,10.0,10.0,8696
2010-03-24,9.75,10.0,9.5,10.0,10.0,2192
2010-03-25,10.0,10.5,9.0,10.5,10.5,14844
2010-03-26,10.0,10.5,9.0,10.5,10.5,6712
2010-03-29,10.0,10.25,9.0,10.25,10.25,3276
2010-03-30,9.0,10.0,9.0,9.75,9.75,1616
2010-03-31,10.0,10.0,9.0,9.75,9.75,4164
2010-04-01,10.0,10.0,9.0,9.5,9.5,6784
2010-04-05,9.25,9.5,9.0,9.0,9.0,5616
2010-04-06,11.75,11.75,9.0,9.0,9.0,7932
2010-04-07,9.0,9.5,8.75,9.5,9.5,5152
2010-04-08,9.5,9.5,8.75,9.5,9.5,8104
2010-04-09,8.75,9.5,8.75,9.25,9.25,3092
2010-04-12,9.25,9.5,8.75,9.5,9.5,8132
2010-04-13,10.0,10.0,8.75,8.75,8.75,9276
2010-04-14,9.0,9.0,8.25,9.0,9.0,10720
2010-04-15,9.0,9.0,8.0,8.25,8.25,2024
2010-04-16,8.0,8.75,8.0,8.0,8.0,2756
2010-04-19,7.5,8.0,7.5,7.75,7.75,5040
2010-04-20,7.5,8.0,7.0,7.25,7.25,8580
2010-04-21,7.25,7.75,7.0,7.25,7.25,4076
2010-04-22,7.25,7.5,7.0,7.5,7.5,1684
2010-04-23,7.5,8.0,7.25,8.0,8.0,1216
2010-04-26,10.5,10.5,8.0,9.75,9.75,6336
2010-04-27,9.5,9.75,8.25,9.25,9.25,6900
2010-04-28,7.75,9.75,7.75,8.25,8.25,7932
2010-04-29,7.75,9.25,7.5,9.0,9.0,5172
2010-04-30,9.75,9.75,8.5,9.75,9.75,5264
2010-05-03,8.75,9.75,8.25,9.5,9.5,2984
2010-05-04,8.75,9.5,8.25,9.0,9.0,2288
2010-05-05,9.0,9.0,8.25,9.0,9.0,292
2010-05-06,8.25,9.0,8.25,8.75,8.75,2704
2010-05-07,8.75,8.75,8.25,8.75,8.75,1592
2010-05-10,8.75,9.25,8.25,9.25,9.25,4952
2010-05-11,8.5,9.25,8.5,9.25,9.25,868
2010-05-12,8.75,8.75,8.25,8.75,8.75,6112
2010-05-13,8.25,8.75,8.25,8.5,8.5,1560
2010-05-14,8.25,8.75,8.25,8.75,8.75,1548
2010-05-17,8.75,8.75,8.25,8.75,8.75,2964
2010-05-18,8.5,8.75,8.25,8.75,8.75,916
2010-05-19,8.25,8.5,8.25,8.5,8.5,1724
2010-05-20,8.75,9.0,8.25,8.75,8.75,3796
2010-05-21,8.75,8.75,8.0,8.75,8.75,2216
2010-05-24,8.0,8.75,8.0,8.75,8.75,212
2010-05-25,8.75,8.75,8.0,8.75,8.75,2420
2010-05-26,8.5,8.5,7.5,8.5,8.5,2072
2010-05-27,8.0,8.0,8.0,8.0,8.0,120
2010-05-28,7.5,8.0,7.5,8.0,8.0,920
2010-06-01,8.0,9.25,8.0,9.25,9.25,2640
2010-06-02,8.25,9.75,8.25,9.75,9.75,1092
2010-06-03,9.25,9.25,8.0,8.75,8.75,184
2010-06-04,8.75,8.75,7.75,7.75,7.75,3484
2010-06-07,7.75,8.25,7.75,8.25,8.25,228
2010-06-08,8.75,8.75,7.75,8.25,8.25,1296
2010-06-09,7.75,8.0,7.75,7.75,7.75,2196
2010-06-10,7.5,7.75,7.25,7.25,7.25,1804
2010-06-11,7.25,7.5,6.75,7.5,7.5,3532
2010-06-14,7.5,7.5,7.0,7.5,7.5,3700
2010-06-15,7.5,7.5,6.75,7.0,7.0,2984
2010-06-16,6.75,7.5,6.5,7.5,7.5,2356
2010-06-17,7.0,7.5,7.0,7.0,7.0,636
2010-06-18,7.5,7.75,7.0,7.75,7.75,1092
2010-06-21,7.25,8.0,7.25,7.5,7.5,2412
2010-06-22,7.25,7.5,7.0,7.5,7.5,1364
2010-06-23,7.5,7.5,7.0,7.0,7.0,4368
2010-06-24,7.5,7.5,7.0,7.0,7.0,1380
2010-06-25,7.25,7.5,7.0,7.0,7.0,6088
2010-06-28,6.5,7.0,6.5,6.75,6.75,4488
2010-06-29,6.5,7.0,6.0,6.75,6.75,8236
2010-06-30,6.5,7.25,6.25,7.25,7.25,6616
2010-07-01,6.75,6.75,6.25,6.75,6.75,3832
2010-07-02,6.75,7.25,6.5,7.0,7.0,3324
2010-07-06,6.25,7.0,6.25,6.75,6.75,2780
2010-07-07,7.0,7.0,6.5,7.0,7.0,768
2010-07-08,6.5,7.0,6.25,7.0,7.0,816
2010-07-09,6.25,6.25,6.25,6.25,6.25,292
2010-07-12,6.5,7.0,6.5,6.75,6.75,2360
2010-07-13,6.5,7.0,6.25,6.25,6.25,3700
2010-07-14,7.0,7.0,6.25,6.25,6.25,3420
2010-07-15,6.5,6.5,6.0,6.0,6.0,976
2010-07-16,6.0,6.5,6.0,6.0,6.0,5776
2010-07-19,6.75,6.75,5.5,5.5,5.5,780
2010-07-20,5.75,6.25,5.75,5.75,5.75,2524
2010-07-21,6.0,6.0,5.75,6.0,6.0,2696
2010-07-22,5.75,6.0,5.75,5.75,5.75,3760
2010-07-23,5.5,5.75,4.75,5.5,5.5,11436
2010-07-26,5.25,5.25,4.75,4.75,4.75,7076
2010-07-27,4.75,5.5,4.75,5.0,5.0,15748
2010-07-28,5.25,6.0,5.25,6.0,6.0,1828
2010-07-29,6.0,6.25,6.0,6.0,6.0,3404
2010-07-30,5.75,6.0,5.0,6.0,6.0,3092
2010-08-02,6.0,6.0,5.75,5.75,5.75,1052
2010-08-03,5.5,6.0,5.5,5.75,5.75,1376
2010-08-04,6.0,6.0,5.0,6.0,6.0,2296
2010-08-05,6.0,6.0,5.5,6.0,6.0,1260
2010-08-06,5.75,5.75,5.75,5.75,5.75,1532
2010-08-09,5.75,5.75,5.75,5.75,5.75,1844
2010-08-10,5.75,5.75,5.75,5.75,5.75,1604
2010-08-11,5.75,5.75,5.5,5.5,5.5,1744
2010-08-12,5.5,5.5,5.0,5.25,5.25,1840
2010-08-13,5.0,5.75,5.0,5.5,5.5,5324
2010-08-16,5.0,5.75,5.0,5.0,5.0,3012
2010-08-17,4.5,5.25,4.5,4.75,4.75,2044
2010-08-18,4.25,5.5,4.25,5.5,5.5,2852
2010-08-19,5.5,5.5,5.5,5.5,5.5,892
2010-08-20,5.25,5.5,5.25,5.25,5.25,352
2010-08-23,5.5,5.5,5.25,5.25,5.25,1072
2010-08-24,5.25,5.5,5.25,5.25,5.25,3220
2010-08-25,5.75,6.0,5.5,5.75,5.75,3172
2010-08-26,6.0,6.0,5.5,5.5,5.5,1308
2010-08-27,5.5,6.0,5.25,5.25,5.25,6836
2010-08-30,5.25,5.5,5.25,5.5,5.5,1172
2010-08-31,5.75,5.75,5.5,5.75,5.75,1388
2010-09-01,5.5,5.75,5.5,5.75,5.75,528
2010-09-02,5.5,5.5,5.5,5.5,5.5,2272
2010-09-03,5.5,5.5,5.5,5.5,5.5,1280
2010-09-07,5.25,5.75,5.25,5.5,5.5,1852
2010-09-08,5.25,5.5,5.25,5.25,5.25,616
2010-09-09,5.5,6.0,5.5,5.75,5.75,1140
2010-09-10,6.0,7.5,6.0,6.25,6.25,6020
2010-09-13,6.25,7.5,5.5,6.0,6.0,5816
2010-09-14,5.25,6.5,5.25,5.75,5.75,4424
2010-09-15,6.0,6.0,5.0,6.0,6.0,3072
2010-09-16,5.5,6.0,5.5,6.0,6.0,1344
2010-09-17,5.0,6.0,5.0,5.5,5.5,22596
2010-09-20,5.25,5.5,5.0,5.0,5.0,3140
2010-09-21,5.5,5.5,5.0,5.25,5.25,1056
2010-09-22,5.25,5.25,5.25,5.25,5.25,0
2010-09-23,5.5,6.0,5.5,5.5,5.5,804
2010-09-24,5.75,5.75,5.5,5.5,5.5,3200
2010-09-27,6.5,6.5,5.5,5.5,5.5,1160
2010-09-28,5.0,5.5,5.0,5.5,5.5,5372
2010-09-29,5.0,5.25,5.0,5.25,5.25,1060
2010-09-30,5.0,5.25,5.0,5.25,5.25,4440
2010-10-01,5.0,5.25,5.0,5.25,5.25,2076
2010-10-04,5.0,5.0,5.0,5.0,5.0,1384
2010-10-05,5.5,5.5,5.0,5.25,5.25,3260
2010-10-06,5.5,5.5,5.0,5.25,5.25,3908
2010-10-07,5.25,5.25,4.75,5.25,5.25,4820
2010-10-08,5.0,5.0,3.75,5.0,5.0,832
2010-10-11,3.75,5.0,3.75,5.0,5.0,2760
2010-10-12,4.5,5.0,4.5,5.0,5.0,12228
2010-10-13,5.5,5.5,5.0,5.25,5.25,13608
2010-10-14,5.5,5.5,3.75,4.5,4.5,4580
2010-10-15,4.75,5.5,4.25,5.5,5.5,11040
2010-10-18,5.0,5.0,4.5,5.0,5.0,3712
2010-10-19,5.0,5.0,5.0,5.0,5.0,0
2010-10-20,5.0,5.25,4.5,5.25,5.25,5696
2010-10-21,5.25,5.75,5.0,5.75,5.75,5348
2010-10-22,4.5,5.75,4.5,5.5,5.5,2196
2010-10-25,4.5,5.25,4.5,5.0,5.0,2664
2010-10-26,4.5,5.5,4.5,5.0,5.0,9396
2010-10-27,4.5,6.0,4.5,5.0,5.0,12984
2010-10-28,5.25,5.5,5.0,5.5,5.5,6528
2010-10-29,5.25,5.5,5.0,5.5,5.5,3744
2010-11-01,6.0,6.0,5.25,5.25,5.25,3588
2010-11-02,5.25,5.5,5.25,5.5,5.5,1496
2010-11-03,5.25,5.75,5.25,5.75,5.75,3292
2010-11-04,5.75,5.75,5.0,5.5,5.5,3100
2010-11-05,5.5,5.5,5.0,5.0,5.0,2568
2010-11-08,5.25,5.75,5.25,5.5,5.5,4020
2010-11-09,5.25,5.75,5.25,5.5,5.5,9144
2010-11-10,5.75,7.0,5.75,7.0,7.0,17404
2010-11-11,7.0,7.0,6.0,6.5,6.5,3528
2010-11-12,6.0,6.25,5.25,6.25,6.25,14792
2010-11-15,7.0,7.25,6.25,6.25,6.25,3596
2010-11-16,6.25,7.25,5.5,7.25,7.25,5476
2010-11-17,7.25,7.25,7.25,7.25,7.25,60
2010-11-18,7.25,7.25,5.5,6.0,6.0,8364
2010-11-19,6.25,6.75,5.5,5.5,5.5,8812
2010-11-22,5.75,6.25,5.75,6.25,6.25,1904
2010-11-23,8.75,8.75,6.25,7.0,7.0,6000
2010-11-24,6.75,6.75,6.5,6.75,6.75,7388
2010-11-26,6.5,6.75,6.5,6.5,6.5,924
2010-11-29,6.25,6.5,6.0,6.25,6.25,6256
2010-11-30,6.25,8.75,6.25,6.25,6.25,1008
2010-12-01,6.25,6.5,6.0,6.5,6.5,2644
2010-12-02,6.75,6.75,6.25,6.75,6.75,2048
2010-12-03,6.5,6.5,6.25,6.25,6.25,932
2010-12-06,6.5,6.5,5.75,6.0,6.0,5688
2010-12-07,5.75,6.5,5.5,5.5,5.5,1488
2010-12-08,6.0,6.0,5.0,5.0,5.0,16660
2010-12-09,5.25,5.75,5.0,5.0,5.0,9476
2010-12-10,5.0,6.25,5.0,6.25,6.25,5900
2010-12-13,6.75,6.75,5.25,5.75,5.75,5204
2010-12-14,6.0,6.25,5.75,6.25,6.25,5648
2010-12-15,6.0,6.0,6.0,6.0,6.0,1844
2010-12-16,6.25,6.25,5.75,5.75,5.75,6896
2010-12-17,5.75,5.75,5.75,5.75,5.75,420
2010-12-20,5.5,6.25,5.0,5.25,5.25,6228
2010-12-21,5.25,5.75,5.0,5.5,5.5,2072
2010-12-22,5.75,6.0,5.0,6.0,6.0,5056
2010-12-23,5.75,5.75,5.5,5.75,5.75,4764
2010-12-27,6.0,6.0,5.5,5.5,5.5,4220
2010-12-28,5.5,5.5,5.0,5.0,5.0,4536
2010-12-29,5.0,5.5,4.5,5.0,5.0,8920
2010-12-30,5.0,5.0,4.5,4.75,4.75,4664
2010-12-31,5.0,5.5,4.75,5.25,5.25,3660
2011-01-03,4.75,5.25,4.75,5.25,5.25,4044
2011-01-04,5.0,5.0,4.5,4.75,4.75,768
2011-01-05,4.5,5.0,4.25,4.75,4.75,4792
2011-01-06,4.75,4.75,4.5,4.5,4.5,3172
2011-01-07,4.75,5.25,4.75,5.0,5.0,8136
2011-01-10,4.75,5.25,4.5,4.75,4.75,4840
2011-01-11,4.75,5.25,4.5,5.25,5.25,5932
2011-01-12,4.5,4.75,4.5,4.5,4.5,2096
2011-01-13,4.5,5.0,4.5,4.5,4.5,10352
2011-01-14,4.5,4.5,4.25,4.5,4.5,12744
2011-01-18,5.0,5.0,4.25,4.75,4.75,14256
2011-01-19,4.25,5.0,4.0,4.5,4.5,4272
2011-01-20,4.75,4.75,4.0,4.0,4.0,4168
2011-01-21,4.75,4.75,4.25,4.25,4.25,5000
2011-01-24,4.25,4.25,3.75,4.0,4.0,9668
2011-01-25,4.0,4.25,3.75,4.0,4.0,7260
2011-01-26,4.25,4.25,3.75,4.0,4.0,6196
2011-01-27,4.0,4.25,3.75,4.25,4.25,9872
2011-01-28,4.25,5.0,4.25,4.25,4.25,8404
2011-01-31,4.25,4.25,4.0,4.25,4.25,5664
2011-02-01,4.25,4.75,4.25,4.75,4.75,4132
2011-02-02,4.25,4.75,4.25,4.75,4.75,56
2011-02-03,4.75,4.75,4.5,4.5,4.5,1360
2011-02-04,4.5,5.0,4.5,4.5,4.5,1092
2011-02-07,5.0,5.0,4.5,5.0,5.0,5404
2011-02-08,4.5,4.5,4.5,4.5,4.5,604
2011-02-09,4.5,5.25,4.5,5.25,5.25,3632
2011-02-10,5.0,5.25,5.0,5.25,5.25,3204
2011-02-11,5.25,5.5,4.75,5.25,5.25,12692
2011-02-14,5.5,5.75,5.25,5.75,5.75,5512
2011-02-15,8.75,8.75,5.25,5.25,5.25,2076
2011-02-16,5.25,5.5,5.25,5.25,5.25,1412
2011-02-17,5.0,5.5,4.75,4.75,4.75,5116
2011-02-18,4.75,5.25,4.5,4.5,4.5,2096
2011-02-22,4.75,5.25,4.75,4.75,4.75,3452
2011-02-23,4.75,5.0,4.75,5.0,5.0,1960
2011-02-24,4.5,5.0,4.5,4.5,4.5,3780
2011-02-25,5.0,5.0,4.25,4.5,4.5,3476
2011-02-28,4.5,5.0,4.5,4.5,4.5,2312
2011-03-01,4.5,4.75,4.5,4.75,4.75,1544
2011-03-02,4.75,4.75,4.75,4.75,4.75,200
2011-03-03,4.75,4.75,4.75,4.75,4.75,448
2011-03-04,4.5,5.0,4.5,5.0,5.0,2180
2011-03-07,4.75,5.25,4.5,4.5,4.5,2776
2011-03-08,4.75,4.75,4.75,4.75,4.75,1480
2011-03-09,4.75,4.75,4.75,4.75,4.75,1400
2011-03-10,4.5,4.5,4.5,4.5,4.5,800
2011-03-11,4.5,4.75,4.25,4.75,4.75,5900
2011-03-14,4.25,4.75,4.25,4.25,4.25,492
2011-03-15,4.25,4.5,4.0,4.25,4.25,3480
2011-03-16,4.25,4.25,3.75,4.25,4.25,5128
2011-03-17,4.0,4.0,4.0,4.0,4.0,3408
2011-03-18,4.0,4.25,4.0,4.0,4.0,4980
2011-03-21,4.0,4.0,3.75,3.75,3.75,4980
2011-03-22,3.75,4.0,3.75,4.0,4.0,14652
2011-03-23,3.75,4.0,3.25,3.75,3.75,11932
2011-03-24,3.5,3.75,3.25,3.25,3.25,1760
2011-03-25,3.25,4.0,3.25,3.5,3.5,6036
2011-03-28,3.5,3.75,3.5,3.5,3.5,1860
2011-03-29,3.5,3.75,3.5,3.5,3.5,924
2011-03-30,3.5,3.5,3.25,3.5,3.5,1348
2011-03-31,3.5,4.5,3.5,4.5,4.5,10692
2011-04-01,4.5,4.75,3.75,4.5,4.5,12272
2011-04-04,4.75,5.25,4.0,5.0,5.0,6956
2011-04-05,4.75,5.25,4.75,5.25,5.25,4440
2011-04-06,4.75,4.75,4.75,4.75,4.75,8
2011-04-07,4.75,5.0,4.75,5.0,5.0,3788
2011-04-08,4.75,4.75,4.5,4.5,4.5,2840
2011-04-11,4.25,4.25,4.25,4.25,4.25,1412
2011-04-12,4.25,4.5,4.0,4.0,4.0,3040
2011-04-13,4.0,4.25,4.0,4.0,4.0,2568
2011-04-14,4.0,4.25,4.0,4.25,4.25,2620
2011-04-15,4.0,4.25,4.0,4.25,4.25,5568
2011-04-18,4.0,4.25,3.75,4.25,4.25,3116
2011-04-19,4.0,4.0,3.75,3.75,3.75,3448
2011-04-20,4.0,4.0,4.0,4.0,4.0,464
2011-04-21,4.0,4.5,4.0,4.0,4.0,1320
2011-04-25,4.25,4.5,4.25,4.25,4.25,5632
2011-04-26,4.25,5.0,4.25,5.0,5.0,8500
2011-04-27,5.0,5.5,4.5,5.5,5.5,7640
2011-04-28,4.75,5.25,4.75,5.25,5.25,1840
2011-04-29,5.25,5.75,5.25,5.75,5.75,2320
2011-05-02,5.75,5.75,5.0,5.5,5.5,1480
2011-05-03,5.5,5.75,5.5,5.5,5.5,1120
2011-05-04,5.25,5.25,5.0,5.0,5.0,980
2011-05-05,5.0,5.0,5.0,5.0,5.0,600
2011-05-06,5.5,5.5,4.75,4.75,4.75,2400
2011-05-09,5.25,5.25,4.75,5.0,5.0,3680
2011-05-10,4.75,5.5,4.75,5.0,5.0,1156
2011-05-11,5.0,5.0,4.75,4.75,4.75,2428
2011-05-12,4.75,4.75,4.5,4.5,4.5,1804
2011-05-13,4.25,5.0,4.25,4.75,4.75,1640
2011-05-16,5.0,5.0,4.75,4.75,4.75,1412
2011-05-17,5.0,5.5,4.5,4.75,4.75,4180
2011-05-18,5.5,5.5,5.0,5.0,5.0,764
2011-05-19,6.25,6.25,5.0,5.0,5.0,2892
2011-05-20,5.0,5.0,4.75,5.0,5.0,4252
2011-05-23,5.0,5.0,5.0,5.0,5.0,3336
2011-05-24,5.0,5.5,5.0,5.0,5.0,6636
2011-05-25,5.25,5.25,5.0,5.25,5.25,2900
2011-05-26,5.25,5.5,5.25,5.25,5.25,5060
2011-05-27,5.5,6.25,5.5,6.25,6.25,6288
2011-05-31,6.25,11.25,6.25,10.0,10.0,37792
2011-06-01,10.5,11.0,8.5,8.5,8.5,9320
2011-06-02,9.5,9.5,8.25,9.25,9.25,11196
2011-06-03,9.75,12.5,8.75,11.0,11.0,30052
2011-06-06,11.0,12.5,11.0,11.25,11.25,16924
2011-06-07,11.25,11.5,10.75,10.75,10.75,7716
2011-06-08,11.25,11.25,10.5,10.75,10.75,5140
2011-06-09,11.25,11.25,10.75,10.75,10.75,10368
2011-06-10,11.0,11.0,9.25,10.0,10.0,7540
2011-06-13,10.0,10.0,7.5,8.75,8.75,7796
2011-06-14,7.5,8.5,7.25,8.5,8.5,8852
2011-06-15,10.0,10.0,5.5,7.25,7.25,21580
2011-06-16,7.25,7.5,6.75,6.75,6.75,2860
2011-06-17,11.25,11.25,6.25,8.25,8.25,11612
2011-06-20,8.0,8.75,8.0,8.75,8.75,3132
2011-06-21,8.0,9.0,8.0,9.0,9.0,2236
2011-06-22,8.75,9.0,8.25,9.0,9.0,728
2011-06-23,8.75,8.75,8.25,8.5,8.5,3424
2011-06-24,8.25,8.75,8.25,8.25,8.25,3856
2011-06-27,8.25,9.0,8.25,8.75,8.75,3844
2011-06-28,8.25,9.0,8.25,9.0,9.0,11056
2011-06-29,10.0,10.0,9.0,9.75,9.75,19040
2011-06-30,9.75,9.75,8.25,9.0,9.0,2720
2011-07-01,8.25,9.0,8.25,8.75,8.75,392
2011-07-05,11.25,11.25,7.75,9.0,9.0,2288
2011-07-06,8.75,8.75,7.75,8.75,8.75,1536
2011-07-07,8.5,8.5,8.5,8.5,8.5,20
2011-07-08,7.5,8.25,7.5,8.25,8.25,1392
2011-07-11,8.25,8.25,7.5,8.25,8.25,2760
2011-07-12,8.25,8.25,7.5,7.5,7.5,1432
2011-07-13,7.5,8.0,7.5,8.0,8.0,3776
2011-07-14,7.5,8.0,7.5,7.5,7.5,6148
2011-07-15,7.5,7.75,7.5,7.75,7.75,14360
2011-07-18,8.0,8.0,7.5,7.75,7.75,4752
2011-07-19,7.5,7.5,7.25,7.5,7.5,5724
2011-07-20,6.5,7.5,6.5,7.5,7.5,3596
2011-07-21,7.25,7.25,6.25,6.25,6.25,7240
2011-07-22,6.5,6.5,5.75,6.0,6.0,11888
2011-07-25,5.5,5.75,5.5,5.75,5.75,2080
2011-07-26,5.75,6.5,5.75,6.5,6.5,12524
2011-07-27,6.25,7.25,6.0,6.25,6.25,12964
2011-07-28,6.5,6.5,6.0,6.0,6.0,2596
2011-07-29,6.25,6.25,5.5,5.5,5.5,1824
2011-08-01,6.0,6.0,5.5,5.5,5.5,1692
2011-08-02,6.0,6.0,5.0,5.0,5.0,16
2011-08-03,5.75,6.0,5.25,6.0,6.0,660
2011-08-04,5.25,6.0,4.5,6.0,6.0,2340
2011-08-05,6.25,6.25,6.0,6.0,6.0,6588
2011-08-08,4.75,6.0,4.75,6.0,6.0,1748
2011-08-09,4.75,6.0,4.75,5.0,5.0,1444
2011-08-10,5.0,5.75,5.0,5.75,5.75,3180
2011-08-11,5.5,5.75,5.0,5.0,5.0,4344
2011-08-12,5.0,5.25,4.75,5.25,5.25,8148
2011-08-15,5.25,5.25,4.75,5.25,5.25,5348
2011-08-16,4.75,5.5,4.75,5.25,5.25,8664
2011-08-17,5.0,5.25,5.0,5.25,5.25,4684
2011-08-18,5.0,5.25,5.0,5.25,5.25,8628
2011-08-19,5.25,5.25,5.0,5.0,5.0,7072
2011-08-22,5.25,5.25,5.0,5.0,5.0,6240
2011-08-23,5.0,5.0,5.0,5.0,5.0,2328
2011-08-24,4.75,5.25,4.75,4.75,4.75,2720
2011-08-25,5.0,5.25,5.0,5.0,5.0,10780
2011-08-26,5.0,5.25,5.0,5.25,5.25,2216
2011-08-29,4.75,5.5,4.75,5.5,5.5,5928
2011-08-30,5.5,5.5,4.75,5.0,5.0,10236
2011-08-31,5.0,5.25,4.75,4.75,4.75,4340
2011-09-01,5.0,5.25,5.0,5.0,5.0,3500
2011-09-02,5.0,5.0,5.0,5.0,5.0,2028
2011-09-06,5.5,5.5,5.0,5.0,5.0,316
2011-09-07,5.0,5.0,4.75,4.75,4.75,4700
2011-09-08,5.0,5.0,5.0,5.0,5.0,1580
2011-09-09,5.0,5.0,5.0,5.0,5.0,2204
2011-09-12,5.25,5.25,4.75,5.25,5.25,740
2011-09-13,4.75,5.0,4.5,5.0,5.0,1640
2011-09-14,5.0,5.0,4.25,4.5,4.5,14780
2011-09-15,4.5,4.75,4.25,4.75,4.75,3792
2011-09-16,4.75,4.75,4.0,4.0,4.0,2720
2011-09-19,4.5,4.75,4.25,4.75,4.75,28292
2011-09-20,4.5,4.5,4.25,4.5,4.5,8168
2011-09-21,4.25,4.5,4.25,4.5,4.5,4852
2011-09-22,4.0,4.25,3.75,4.25,4.25,5648
2011-09-23,3.75,4.5,3.75,4.5,4.5,11912
2011-09-26,4.5,4.5,4.25,4.5,4.5,5856
2011-09-27,3.75,4.25,3.75,4.0,4.0,2124
2011-09-28,4.25,4.25,3.5,4.0,4.0,4724
2011-09-29,4.0,4.0,3.5,3.75,3.75,6216
2011-09-30,3.25,4.0,3.25,4.0,4.0,16228
2011-10-03,3.75,4.0,3.75,4.0,4.0,6940
2011-10-04,4.0,4.25,3.75,4.25,4.25,3912
2011-10-05,3.75,4.0,3.75,4.0,4.0,17616
2011-10-06,4.0,4.0,3.75,3.75,3.75,16888
2011-10-07,4.0,4.0,3.75,3.75,3.75,736
2011-10-10,3.75,3.75,3.75,3.75,3.75,280
2011-10-11,3.75,4.0,3.5,3.75,3.75,5292
2011-10-12,3.75,4.0,3.75,3.75,3.75,4492
2011-10-13,3.75,3.75,3.5,3.75,3.75,9544
2011-10-14,3.75,4.0,3.75,4.0,4.0,5888
2011-10-17,3.75,4.0,3.75,4.0,4.0,6244
2011-10-18,4.0,4.0,3.75,4.0,4.0,5504
2011-10-19,3.75,4.0,3.75,4.0,4.0,4124
2011-10-20,3.75,3.75,3.5,3.75,3.75,3432
2011-10-21,4.0,4.5,4.0,4.0,4.0,7704
2011-10-24,4.75,4.75,4.0,4.0,4.0,2280
2011-10-25,4.25,4.5,4.0,4.25,4.25,17080
2011-10-26,4.25,4.25,4.0,4.25,4.25,5120
2011-10-27,4.5,4.75,4.0,4.0,4.0,9240
2011-10-28,4.25,4.25,4.0,4.0,4.0,3156
2011-10-31,4.0,4.25,4.0,4.0,4.0,7108
2011-11-01,4.0,4.25,4.0,4.25,4.25,8972
2011-11-02,4.0,4.25,4.0,4.25,4.25,5192
2011-11-03,4.0,4.25,4.0,4.25,4.25,2276
2011-11-04,4.0,4.25,4.0,4.25,4.25,3136
2011-11-07,4.0,4.25,3.75,4.0,4.0,17060
2011-11-08,4.0,4.0,4.0,4.0,4.0,944
2011-11-09,4.0,4.25,3.75,3.75,3.75,4472
2011-11-10,4.0,4.0,3.75,3.75,3.75,7628
2011-11-11,3.75,4.25,3.75,4.0,4.0,1136
2011-11-14,4.0,4.25,4.0,4.0,4.0,2136
2011-11-15,4.0,4.0,3.75,4.0,4.0,9728
2011-11-16,4.0,4.0,3.75,4.0,4.0,8504
2011-11-17,3.75,4.0,3.75,3.75,3.75,5960
2011-11-18,3.75,3.75,3.75,3.75,3.75,6448
2011-11-21,3.75,3.75,3.5,3.5,3.5,5592
2011-11-22,3.5,3.75,3.0,3.5,3.5,11264
2011-11-23,3.5,3.5,3.25,3.25,3.25,2120
2011-11-25,3.25,3.75,3.25,3.75,3.75,784
2011-11-28,3.5,3.5,3.25,3.5,3.5,2012
2011-11-29,3.25,3.5,3.25,3.5,3.5,4844
2011-11-30,3.0,3.5,3.0,3.25,3.25,6480
2011-12-01,3.0,3.5,3.0,3.5,3.5,12848
2011-12-02,3.5,3.5,3.25,3.25,3.25,9664
2011-12-05,3.75,3.75,2.75,3.0,3.0,12180
2011-12-06,2.5,3.0,2.5,3.0,3.0,6044
2011-12-07,2.5,3.25,2.5,3.0,3.0,11552
2011-12-08,3.0,3.25,3.0,3.0,3.0,3100
2011-12-09,3.25,3.5,3.0,3.5,3.5,3912
2011-12-12,2.75,3.5,2.75,3.25,3.25,4828
2011-12-13,3.5,4.0,3.25,3.5,3.5,15112
2011-12-14,3.25,3.25,3.25,3.25,3.25,4088
2011-12-15,3.25,3.5,3.25,3.5,3.5,1208
2011-12-16,3.5,3.75,3.5,3.5,3.5,5540
2011-12-19,3.5,3.5,3.0,3.25,3.25,3972
2011-12-20,3.0,3.0,2.75,3.0,3.0,5888
2011-12-21,3.0,3.0,2.75,3.0,3.0,12732
2011-12-22,2.5,3.25,2.5,3.25,3.25,5564
2011-12-23,3.25,3.5,3.25,3.5,3.5,1496
2011-12-27,3.0,3.25,3.0,3.0,3.0,6324
2011-12-28,3.0,3.0,2.75,3.0,3.0,2268
2011-12-29,3.0,3.0,2.75,2.75,2.75,10604
2011-12-30,2.75,3.0,2.5,2.75,2.75,6052
2012-01-03,3.0,3.0,2.75,2.75,2.75,1096
2012-01-04,2.75,3.25,2.5,2.75,2.75,6432
2012-01-05,2.75,3.0,2.75,3.0,3.0,4484
2012-01-06,3.0,3.0,3.0,3.0,3.0,4396
2012-01-09,3.0,3.5,3.0,3.0,3.0,5792
2012-01-10,3.0,3.25,3.0,3.0,3.0,7292
2012-01-11,3.0,3.0,2.75,2.75,2.75,3872
2012-01-12,2.75,2.75,2.75,2.75,2.75,4376
2012-01-13,2.75,2.75,2.75,2.75,2.75,4512
2012-01-17,2.75,3.0,2.5,3.0,3.0,4492
2012-01-18,3.0,3.25,3.0,3.0,3.0,10644
2012-01-19,3.0,3.25,3.0,3.25,3.25,2056
2012-01-20,3.25,3.25,3.0,3.25,3.25,1216
2012-01-23,3.0,3.0,2.75,3.0,3.0,8148
2012-01-24,3.0,3.0,2.75,3.0,3.0,6604
2012-01-25,3.0,3.0,2.75,2.75,2.75,4740
2012-01-26,2.75,3.0,2.75,2.75,2.75,4184
2012-01-27,2.75,3.0,2.75,3.0,3.0,5476
2012-01-30,3.0,3.25,3.0,3.25,3.25,6092
2012-01-31,3.0,3.25,2.75,2.75,2.75,1256
2012-02-01,2.75,2.75,2.75,2.75,2.75,1736
2012-02-02,2.75,2.75,2.75,2.75,2.75,1544
2012-02-03,2.75,2.75,2.75,2.75,2.75,5644
2012-02-06,2.5,2.75,2.5,2.75,2.75,7524
2012-02-07,2.5,2.75,2.5,2.75,2.75,5200
2012-02-08,2.75,2.75,2.5,2.5,2.5,5048
2012-02-09,2.5,2.75,2.5,2.75,2.75,2200
2012-02-10,2.75,2.75,2.75,2.75,2.75,4016
2012-02-13,2.75,2.75,2.75,2.75,2.75,4876
2012-02-14,3.0,3.0,2.75,2.75,2.75,400
2012-02-15,2.75,3.0,2.75,3.0,3.0,3452
2012-02-16,3.0,3.25,2.75,3.0,3.0,5976
2012-02-17,3.0,3.25,3.0,3.0,3.0,1640
2012-02-21,2.75,3.25,2.75,3.25,3.25,3808
2012-02-22,2.75,3.0,2.75,3.0,3.0,516
2012-02-23,3.0,3.25,3.0,3.0,3.0,1936
2012-02-24,3.25,3.5,3.0,3.5,3.5,6856
2012-02-27,3.5,4.0,3.5,3.75,3.75,9164
2012-02-28,3.75,4.25,3.75,4.0,4.0,4104
2012-02-29,4.25,4.5,4.0,4.5,4.5,10432
2012-03-01,4.75,5.0,4.5,5.0,5.0,6688
2012-03-02,5.5,6.5,4.75,6.0,6.0,19984
2012-03-05,6.25,7.25,5.25,6.25,6.25,15216
2012-03-06,5.25,6.25,5.25,5.75,5.75,1216
2012-03-07,6.5,6.5,5.25,5.25,5.25,1684
2012-03-08,5.25,6.0,5.25,6.0,6.0,2668
2012-03-09,5.0,6.25,5.0,6.25,6.25,7308
2012-03-12,6.25,6.25,6.0,6.25,6.25,1636
2012-03-13,6.5,6.75,5.75,6.25,6.25,2312
2012-03-14,5.75,5.75,5.75,5.75,5.75,8
2012-03-15,6.25,6.75,5.5,6.25,6.25,4524
2012-03-16,6.25,6.25,6.25,6.25,6.25,720
2012-03-19,5.5,5.75,5.5,5.75,5.75,392
2012-03-20,6.0,6.0,5.25,5.25,5.25,2064
2012-03-21,5.25,5.75,5.25,5.25,5.25,2840
2012-03-22,5.25,5.25,5.0,5.0,5.0,2108
2012-03-23,5.0,5.0,5.0,5.0,5.0,368
2012-03-26,4.75,5.0,4.5,4.75,4.75,1344
2012-03-27,5.0,5.0,4.5,5.0,5.0,2096
2012-03-28,5.0,5.0,4.5,5.0,5.0,1292
2012-03-29,4.75,5.0,4.75,5.0,5.0,16
2012-03-30,4.75,5.0,4.5,5.0,5.0,2636
2012-04-02,5.0,5.5,4.75,5.0,5.0,1400
2012-04-03,5.0,5.5,4.75,5.5,5.5,1008
2012-04-04,5.0,5.5,4.25,4.25,4.25,2412
2012-04-05,5.0,5.5,4.75,5.5,5.5,1308
2012-04-09,5.5,5.75,5.0,5.75,5.75,2880
2012-04-10,5.5,5.75,5.5,5.5,5.5,2040
2012-04-11,5.5,5.75,5.5,5.75,5.75,240
2012-04-12,5.75,5.75,5.75,5.75,5.75,400
2012-04-13,5.0,5.75,5.0,5.5,5.5,620
2012-04-16,5.0,5.25,4.25,4.75,4.75,11812
2012-04-17,4.75,4.75,4.25,4.5,4.5,3468
2012-04-18,4.5,4.5,4.5,4.5,4.5,480
2012-04-19,4.5,4.5,4.5,4.5,4.5,800
2012-04-20,4.25,4.75,4.25,4.5,4.5,5820
2012-04-23,4.5,4.5,4.5,4.5,4.5,4152
2012-04-24,4.5,4.75,4.25,4.75,4.75,8972
2012-04-25,4.25,4.75,4.25,4.5,4.5,1512
2012-04-26,4.25,4.25,4.25,4.25,4.25,760
2012-04-27,4.75,4.75,3.25,4.5,4.5,9696
2012-04-30,4.5,4.5,4.0,4.25,4.25,2120
2012-05-01,4.0,4.0,4.0,4.0,4.0,2200
2012-05-02,4.0,4.0,4.0,4.0,4.0,1108
2012-05-03,4.0,4.0,3.75,4.0,4.0,8956
2012-05-04,3.75,3.75,3.5,3.75,3.75,5308
2012-05-07,3.75,3.75,3.5,3.75,3.75,7760
2012-05-08,3.5,3.75,3.25,3.25,3.25,3460
2012-05-09,3.5,3.5,3.25,3.5,3.5,960
2012-05-10,3.75,3.75,3.5,3.75,3.75,4320
2012-05-11,3.75,4.0,3.25,3.5,3.5,768
2012-05-14,3.5,3.5,3.5,3.5,3.5,0
2012-05-15,3.75,3.75,3.5,3.5,3.5,1040
2012-05-16,3.5,3.75,3.5,3.75,3.75,1216
2012-05-17,3.75,3.75,3.25,3.75,3.75,2424
2012-05-18,3.5,3.5,3.25,3.25,3.25,1552
2012-05-21,3.75,3.75,3.0,3.5,3.5,4308
2012-05-22,3.5,3.5,3.0,3.5,3.5,3840
2012-05-23,3.25,3.25,2.25,3.25,3.25,14600
2012-05-24,3.25,3.25,2.75,3.25,3.25,1872
2012-05-25,2.75,3.25,2.75,3.25,3.25,2900
2012-05-29,3.25,3.25,2.75,3.25,3.25,3652
2012-05-30,2.5,3.0,2.5,2.75,2.75,5332
2012-05-31,2.75,3.0,2.75,3.0,3.0,1524
2012-06-01,3.0,3.0,2.75,3.0,3.0,2676
2012-06-04,3.0,3.5,2.75,3.5,3.5,1256
2012-06-05,3.5,3.75,2.75,3.5,3.5,4488
2012-06-06,2.75,3.0,2.5,2.75,2.75,6712
2012-06-07,2.75,3.0,2.75,3.0,3.0,4256
2012-06-08,3.0,3.0,2.5,3.0,3.0,2968
2012-06-11,2.5,3.0,2.5,2.75,2.75,764
2012-06-12,2.5,2.5,2.5,2.5,2.5,2000
2012-06-13,2.5,3.25,2.5,2.75,2.75,1044
2012-06-14,2.5,2.75,2.5,2.75,2.75,3496
2012-06-15,2.75,2.75,2.75,2.75,2.75,380
2012-06-18,2.75,2.75,2.75,2.75,2.75,20
2012-06-19,2.75,2.75,2.5,2.75,2.75,5480
2012-06-20,2.75,2.75,2.0,2.5,2.5,18648
2012-06-21,2.5,2.5,2.25,2.5,2.5,1604
2012-06-22,2.25,2.5,2.25,2.5,2.5,2080
2012-06-25,2.25,2.5,2.0,2.5,2.5,1480
2012-06-26,2.0,2.5,2.0,2.5,2.5,3032
2012-06-27,2.25,3.5,2.25,3.5,3.5,4828
2012-06-28,2.5,3.25,2.5,3.25,3.25,2420
2012-06-29,2.75,3.0,2.75,3.0,3.0,376
2012-07-02,2.75,2.75,2.75,2.75,2.75,416
2012-07-03,2.75,2.75,2.75,2.75,2.75,0
2012-07-05,2.5,3.0,2.5,2.5,2.5,8432
2012-07-06,2.5,2.5,2.25,2.5,2.5,11272
2012-07-09,2.5,2.5,2.25,2.5,2.5,2000
2012-07-10,2.25,2.5,2.25,2.5,2.5,608
2012-07-11,2.0,2.5,2.0,2.5,2.5,1480
2012-07-12,2.25,2.25,2.25,2.25,2.25,2480
2012-07-13,2.5,2.5,2.25,2.5,2.5,1032
2012-07-16,2.25,2.5,2.25,2.5,2.5,4776
2012-07-17,2.5,2.5,2.25,2.5,2.5,3552
2012-07-18,2.25,3.25,2.25,3.25,3.25,1928
2012-07-19,2.5,3.0,2.25,2.5,2.5,3200
2012-07-20,2.5,2.5,2.25,2.5,2.5,2516
2012-07-23,2.25,2.5,2.25,2.25,2.25,1692
2012-07-24,2.25,2.5,2.25,2.5,2.5,3636
2012-07-25,2.5,2.5,2.5,2.5,2.5,0
2012-07-26,2.5,2.5,2.25,2.25,2.25,928
2012-07-27,2.25,2.75,2.25,2.75,2.75,5596
2012-07-30,2.75,2.75,2.25,2.75,2.75,700
2012-07-31,2.75,3.25,2.75,3.0,3.0,4116
2012-08-01,3.0,3.0,3.0,3.0,3.0,848
2012-08-02,2.75,2.75,2.75,2.75,2.75,232
2012-08-03,2.5,3.0,2.5,3.0,3.0,12
2012-08-06,2.5,2.75,2.0,2.25,2.25,4340
2012-08-07,2.5,2.5,1.75,2.25,2.25,14788
2012-08-08,2.25,2.25,2.0,2.0,2.0,7916
2012-08-09,2.0,2.25,1.75,2.0,2.0,4076
2012-08-10,1.75,2.0,1.75,2.0,2.0,1500
2012-08-13,2.0,2.0,2.0,2.0,2.0,432
2012-08-14,1.75,2.25,1.75,2.0,2.0,6196
2012-08-15,2.0,2.25,1.75,2.0,2.0,3916
2012-08-16,2.25,2.25,1.75,2.0,2.0,3776
2012-08-17,2.25,2.25,2.25,2.25,2.25,1640
2012-08-20,2.25,2.25,2.0,2.25,2.25,1884
2012-08-21,2.0,2.25,1.75,1.75,1.75,4124
2012-08-22,2.25,2.25,2.0,2.25,2.25,4376
2012-08-23,2.25,2.5,2.25,2.5,2.5,10032
2012-08-24,2.5,2.75,2.5,2.75,2.75,3032
2012-08-27,2.75,2.75,2.75,2.75,2.75,632
2012-08-28,2.75,3.0,2.75,3.0,3.0,4772
2012-08-29,3.0,3.25,2.75,3.0,3.0,3356
2012-08-30,3.0,3.25,3.0,3.25,3.25,4644
2012-08-31,3.25,3.25,3.0,3.0,3.0,3600
2012-09-04,3.0,3.75,3.0,3.75,3.75,8488
2012-09-05,3.75,4.0,3.5,4.0,4.0,11724
2012-09-06,4.0,4.5,3.75,4.25,4.25,10408
2012-09-07,4.25,4.75,4.0,4.5,4.5,4180
2012-09-10,4.0,4.5,4.0,4.0,4.0,664
2012-09-11,4.75,4.75,4.25,4.25,4.25,3240
2012-09-12,4.5,4.75,4.25,4.5,4.5,10108
2012-09-13,4.5,4.75,4.5,4.75,4.75,5052
2012-09-14,4.75,5.75,4.75,5.5,5.5,10780
2012-09-17,5.5,6.0,5.5,5.5,5.5,4268
2012-09-18,5.5,5.75,5.25,5.25,5.25,3612
2012-09-19,5.5,6.0,5.0,5.5,5.5,12452
2012-09-20,5.75,5.75,5.25,5.5,5.5,15664
2012-09-21,5.75,6.0,5.25,6.0,6.0,6584
2012-09-24,5.75,6.25,5.75,6.25,6.25,12276
2012-09-25,6.0,8.25,6.0,7.25,7.25,7668
2012-09-26,7.5,7.75,6.75,7.5,7.5,5056
2012-09-27,7.75,7.75,6.5,6.75,6.75,2680
2012-09-28,6.75,6.75,4.75,6.0,6.0,8344
2012-10-01,5.5,5.5,4.5,4.75,4.75,9448
2012-10-02,4.5,5.5,4.5,5.5,5.5,6636
2012-10-03,5.75,6.5,5.75,6.25,6.25,7200
2012-10-04,6.25,7.5,6.25,7.5,7.5,9092
2012-10-05,7.75,8.25,7.5,8.0,8.0,9272
2012-10-08,8.25,8.5,7.5,8.0,8.0,3476
2012-10-09,8.0,8.0,7.5,7.5,7.5,3668
2012-10-10,8.5,8.5,7.5,8.0,8.0,5032
2012-10-11,7.75,8.25,7.5,8.0,8.0,5540
2012-10-12,8.25,8.25,7.75,7.75,7.75,3252
2012-10-15,7.5,7.5,7.0,7.0,7.0,2560
2012-10-16,7.0,7.0,7.0,7.0,7.0,1012
2012-10-17,7.0,7.0,6.25,6.25,6.25,18212
2012-10-18,6.25,6.5,6.25,6.5,6.5,1044
2012-10-19,6.5,7.25,6.5,6.5,6.5,3268
2012-10-22,7.0,7.25,6.5,6.5,6.5,2304
2012-10-23,6.5,7.25,6.5,6.5,6.5,3568
2012-10-24,6.75,7.0,6.5,7.0,7.0,3668
2012-10-25,6.5,6.5,6.25,6.25,6.25,4560
2012-10-26,6.25,6.25,5.25,6.25,6.25,3568
2012-10-31,5.5,6.5,5.5,6.5,6.5,280
2012-11-01,6.5,6.5,6.0,6.0,6.0,3888
2012-11-02,5.75,6.25,5.75,6.25,6.25,40
2012-11-05,6.25,6.25,6.0,6.0,6.0,3120
2012-11-06,6.75,6.75,5.75,5.75,5.75,3552
2012-11-07,6.0,6.0,5.75,6.0,6.0,1832
2012-11-08,6.0,6.25,5.75,6.0,6.0,3528
2012-11-09,6.25,6.25,5.75,5.75,5.75,2568
2012-11-12,5.75,6.0,5.75,5.75,5.75,2044
2012-11-13,5.75,5.75,5.5,5.5,5.5,2060
2012-11-14,5.5,5.5,5.0,5.0,5.0,10176
2012-11-15,5.0,6.0,5.0,5.25,5.25,11600
2012-11-16,5.75,6.0,5.5,6.0,6.0,11232
2012-11-19,6.0,6.0,5.25,5.25,5.25,4236
2012-11-20,5.25,5.25,5.25,5.25,5.25,1200
2012-11-21,5.25,5.25,5.25,5.25,5.25,436
2012-11-23,5.25,5.25,5.25,5.25,5.25,68
2012-11-26,5.75,6.25,5.25,5.5,5.5,13540
2012-11-27,5.5,5.5,5.0,5.25,5.25,2196
2012-11-28,5.0,5.0,5.0,5.0,5.0,20
2012-11-29,5.75,5.75,4.75,4.75,4.75,4396
2012-11-30,5.0,5.5,5.0,5.0,5.0,2520
2012-12-03,5.0,5.5,4.75,5.25,5.25,13740
2012-12-04,5.5,5.5,5.0,5.5,5.5,4168
2012-12-05,5.5,5.5,5.25,5.25,5.25,2568
2012-12-06,5.25,5.25,5.0,5.0,5.0,5112
2012-12-07,4.75,4.75,4.75,4.75,4.75,2440
2012-12-10,4.75,5.0,4.75,5.0,5.0,5620
2012-12-11,5.25,5.25,5.0,5.0,5.0,4652
2012-12-12,4.75,5.25,4.75,5.0,5.0,2424
2012-12-13,5.0,5.25,4.75,4.75,4.75,1936
2012-12-14,2.75,5.0,2.75,4.5,4.5,4116
2012-12-17,4.75,4.75,4.5,4.5,4.5,1200
2012-12-18,4.5,4.5,3.75,4.5,4.5,1672
2012-12-19,4.25,4.5,3.75,4.5,4.5,9512
2012-12-20,4.25,4.5,3.75,4.5,4.5,3084
2012-12-21,4.0,4.5,4.0,4.5,4.5,2924
2012-12-24,4.25,4.5,3.75,4.5,4.5,2332
2012-12-26,4.25,4.25,4.25,4.25,4.25,2432
2012-12-27,3.75,4.5,3.75,4.5,4.5,852
2012-12-28,4.0,4.25,4.0,4.25,4.25,428
2012-12-31,4.0,4.5,3.75,4.5,4.5,4420
2013-01-02,4.5,4.5,4.25,4.25,4.25,2200
2013-01-03,4.25,5.5,4.25,5.5,5.5,8220
2013-01-04,5.5,5.5,5.0,5.5,5.5,2600
2013-01-07,5.25,5.5,5.25,5.5,5.5,4980
2013-01-08,4.75,5.0,4.75,5.0,5.0,468
2013-01-09,4.75,5.0,4.5,5.0,5.0,3392
2013-01-10,4.75,5.25,4.75,5.25,5.25,80
2013-01-11,5.0,5.0,5.0,5.0,5.0,2072
2013-01-14,5.0,5.0,5.0,5.0,5.0,2200
2013-01-15,4.75,5.0,4.5,5.0,5.0,4380
2013-01-16,5.0,5.25,5.0,5.25,5.25,2540
2013-01-17,5.25,5.25,4.75,4.75,4.75,5316
2013-01-18,5.0,5.25,5.0,5.25,5.25,6320
2013-01-22,5.25,5.5,5.25,5.5,5.5,1420
2013-01-23,5.0,5.5,4.75,4.75,4.75,3920
2013-01-24,4.75,5.25,4.75,5.0,5.0,3560
2013-01-25,5.0,5.25,4.75,5.25,5.25,3292
2013-01-28,5.0,7.75,4.75,7.75,7.75,11508
2013-01-29,7.5,7.5,5.5,6.25,6.25,10628
2013-01-30,5.75,6.75,5.75,6.5,6.5,9216
2013-01-31,6.25,6.5,6.0,6.0,6.0,1104
2013-02-01,6.0,6.5,6.0,6.5,6.5,8816
2013-02-04,6.75,7.0,6.75,7.0,7.0,6000
2013-02-05,7.0,7.0,6.25,6.25,6.25,5852
2013-02-06,6.75,6.75,6.0,6.5,6.5,9720
2013-02-07,6.25,6.5,6.25,6.5,6.5,3460
2013-02-08,6.25,6.25,6.0,6.25,6.25,2020
2013-02-11,6.5,6.5,6.0,6.0,6.0,1644
2013-02-12,6.0,6.0,5.25,5.75,5.75,4472
2013-02-13,5.0,6.0,5.0,6.0,6.0,8500
2013-02-14,6.0,6.0,6.0,6.0,6.0,20
2013-02-15,5.5,6.0,5.5,6.0,6.0,2824
2013-02-19,6.0,6.0,5.5,5.75,5.75,13604
2013-02-20,5.75,6.0,5.5,5.75,5.75,3528
2013-02-21,5.5,6.0,5.5,6.0,6.0,2276
2013-02-22,5.5,5.75,5.5,5.75,5.75,3080
2013-02-25,5.5,5.75,5.0,5.75,5.75,8468
2013-02-26,6.0,6.0,5.25,5.25,5.25,3244
2013-02-27,5.25,5.25,5.0,5.25,5.25,5284
2013-02-28,5.5,5.5,5.0,5.25,5.25,6984
2013-03-01,5.5,6.0,5.25,5.75,5.75,11872
2013-03-04,5.5,5.75,5.25,5.25,5.25,3912
2013-03-05,5.25,5.5,5.25,5.5,5.5,4332
2013-03-06,5.25,5.5,5.25,5.5,5.5,5792
2013-03-07,4.5,5.75,4.5,5.5,5.5,8000
2013-03-08,5.5,6.0,5.5,6.0,6.0,25892
2013-03-11,5.75,6.25,5.75,6.25,6.25,7280
2013-03-12,6.0,6.25,5.5,6.25,6.25,9168
2013-03-13,6.25,6.25,5.5,5.5,5.5,6324
2013-03-14,5.5,6.25,5.25,6.25,6.25,13168
2013-03-15,6.0,6.25,5.75,6.0,6.0,19048
2013-03-18,5.75,6.0,5.75,5.75,5.75,8520
2013-03-19,5.75,5.75,5.5,5.75,5.75,5812
2013-03-20,5.75,5.75,5.5,5.5,5.5,6672
2013-03-21,5.75,5.75,5.5,5.75,5.75,11284
2013-03-22,5.5,5.75,5.25,5.25,5.25,6864
2013-03-25,5.0,5.5,5.0,5.0,5.0,9224
2013-03-26,4.25,5.25,4.25,5.25,5.25,4520
2013-03-27,4.75,5.0,4.75,5.0,5.0,16300
2013-03-28,5.0,5.25,5.0,5.0,5.0,1144
2013-04-01,5.0,5.5,5.0,5.0,5.0,864
2013-04-02,5.75,5.75,5.25,5.5,5.5,7248
2013-04-03,5.5,6.0,5.5,6.0,6.0,12904
2013-04-04,6.25,6.25,5.25,5.75,5.75,17096
2013-04-05,5.75,6.0,5.5,6.0,6.0,12596
2013-04-08,5.0,6.0,5.0,5.75,5.75,12116
2013-04-09,5.5,6.0,5.5,5.5,5.5,9292
2013-04-10,5.25,5.5,5.25,5.5,5.5,7436
2013-04-11,5.0,5.5,5.0,5.25,5.25,8328
2013-04-12,5.25,5.25,4.75,5.25,5.25,18384
2013-04-15,5.25,5.25,4.5,4.75,4.75,6596
2013-04-16,5.0,5.5,5.0,5.25,5.25,4660
2013-04-17,5.25,5.25,4.75,5.0,5.0,908
2013-04-18,4.75,5.25,4.5,5.25,5.25,8784
2013-04-19,5.0,5.5,4.75,5.25,5.25,3924
2013-04-22,5.5,5.5,4.75,5.5,5.5,4292
2013-04-23,5.5,5.5,5.0,5.0,5.0,4244
2013-04-24,4.75,5.75,4.75,5.0,5.0,6544
2013-04-25,5.75,5.75,4.75,5.25,5.25,6236
2013-04-26,5.25,5.5,5.0,5.25,5.25,5332
2013-04-29,5.0,6.0,5.0,5.5,5.5,27384
2013-04-30,5.5,5.75,5.0,5.75,5.75,10628
2013-05-01,5.75,6.5,5.5,6.25,6.25,27308
2013-05-02,6.5,7.0,6.25,7.0,7.0,15788
2013-05-03,7.0,8.25,7.0,7.5,7.5,26604
2013-05-06,7.75,7.75,6.75,7.75,7.75,12256
2013-05-07,7.75,7.75,6.5,7.75,7.75,6756
2013-05-08,7.25,7.5,7.25,7.5,7.5,4900
2013-05-09,10.0,10.0,7.25,7.75,7.75,18164
2013-05-10,7.5,7.5,7.5,7.5,7.5,3300
2013-05-13,7.5,8.0,7.5,8.0,8.0,2960
2013-05-14,7.75,8.75,7.5,8.75,8.75,5244
2013-05-15,8.75,8.75,7.5,8.5,8.5,8012
2013-05-16,7.75,7.75,7.5,7.5,7.5,6432
2013-05-17,7.75,7.75,6.75,6.75,6.75,8024
2013-05-20,7.25,8.0,7.0,7.75,7.75,5880
2013-05-21,8.0,8.25,7.5,7.5,7.5,5568
2013-05-22,7.5,7.75,7.5,7.5,7.5,680
2013-05-23,7.5,7.5,7.25,7.5,7.5,3700
2013-05-24,7.5,8.5,7.25,8.5,8.5,2900
2013-05-28,8.5,8.5,7.25,8.0,8.0,1860
2013-05-29,7.25,7.75,7.25,7.5,7.5,10496
2013-05-30,7.5,7.75,7.5,7.5,7.5,2692
2013-05-31,7.5,8.25,7.5,8.25,8.25,3184
2013-06-03,8.25,8.25,7.25,8.0,8.0,3920
2013-06-04,7.5,7.5,7.0,7.0,7.0,7424
2013-06-05,7.0,7.25,7.0,7.0,7.0,2808
2013-06-06,7.0,7.0,7.0,7.0,7.0,820
2013-06-07,5.75,7.75,5.75,7.0,7.0,2080
2013-06-10,7.25,7.5,7.25,7.25,7.25,760
2013-06-11,7.0,7.25,7.0,7.25,7.25,1944
2013-06-12,7.25,7.5,7.0,7.0,7.0,944
2013-06-13,7.25,8.5,7.0,8.0,8.0,12596
2013-06-14,7.5,8.0,7.5,8.0,8.0,5288
2013-06-17,8.0,8.0,7.5,7.75,7.75,1340
2013-06-18,7.75,8.0,7.25,7.5,7.5,8060
2013-06-19,7.5,7.5,7.0,7.25,7.25,3408
2013-06-20,7.25,7.25,7.25,7.25,7.25,6932
2013-06-21,7.25,7.75,7.25,7.25,7.25,3572
2013-06-24,7.25,7.25,6.75,7.25,7.25,5156
2013-06-25,7.0,7.25,7.0,7.25,7.25,2604
2013-06-26,7.25,7.5,7.0,7.25,7.25,6300
2013-06-27,6.25,7.25,6.25,7.0,7.0,1272
2013-06-28,7.0,7.0,7.0,7.0,7.0,4848
2013-07-01,7.0,7.0,6.75,7.0,7.0,3080
2013-07-02,6.75,6.75,6.5,6.5,6.5,8632
2013-07-03,6.75,6.75,6.5,6.75,6.75,568
2013-07-05,6.75,7.0,6.5,7.0,7.0,1020
2013-07-08,6.5,7.5,6.5,6.75,6.75,832
2013-07-09,6.75,6.75,6.25,6.75,6.75,6128
2013-07-10,6.5,6.5,5.5,5.5,5.5,32912
2013-07-11,5.5,6.25,5.5,6.0,6.0,20728
2013-07-12,6.0,6.25,6.0,6.25,6.25,2556
2013-07-15,6.25,6.25,6.0,6.25,6.25,3264
2013-07-16,6.0,6.25,5.25,5.25,5.25,23996
2013-07-17,5.5,6.25,5.25,6.0,6.0,6788
2013-07-18,5.75,6.25,5.75,6.25,6.25,3780
2013-07-19,5.75,6.0,5.75,5.75,5.75,1640
2013-07-22,6.0,6.25,5.75,5.75,5.75,5324
2013-07-23,5.75,5.75,5.75,5.75,5.75,1412
2013-07-24,5.75,5.75,5.5,5.75,5.75,1692
2013-07-25,5.75,6.0,5.5,5.5,5.5,3460
2013-07-26,5.5,5.75,5.5,5.5,5.5,2400
2013-07-29,5.75,6.0,5.75,6.0,6.0,2244
2013-07-30,5.75,6.0,5.5,5.5,5.5,4516
2013-07-31,5.25,5.5,5.0,5.5,5.5,13996
2013-08-01,5.0,5.5,5.0,5.5,5.5,3616
2013-08-02,5.5,5.5,5.0,5.0,5.0,2416
2013-08-05,5.25,5.25,5.0,5.0,5.0,17172
2013-08-06,5.0,5.25,5.0,5.0,5.0,4336
2013-08-07,5.0,5.25,4.75,5.25,5.25,17140
2013-08-08,5.5,5.75,5.25,5.75,5.75,6836
2013-08-09,5.75,5.75,5.5,5.75,5.75,4444
2013-08-12,5.75,5.75,5.75,5.75,5.75,1380
2013-08-13,5.75,5.75,5.75,5.75,5.75,516
2013-08-14,5.75,6.25,5.5,5.5,5.5,2052
2013-08-15,5.5,5.75,5.5,5.75,5.75,1048
2013-08-16,6.0,6.0,6.0,6.0,6.0,76
2013-08-19,5.75,6.0,5.5,5.75,5.75,2616
2013-08-20,5.75,5.75,4.75,5.0,5.0,4744
2013-08-21,5.75,5.75,5.25,5.5,5.5,7120
2013-08-22,5.5,5.75,5.0,5.75,5.75,1360
2013-08-23,5.75,5.75,5.5,5.75,5.75,2216
2013-08-26,5.75,6.0,5.75,6.0,6.0,2440
2013-08-27,5.25,5.75,5.25,5.75,5.75,7492
2013-08-28,5.75,6.0,5.5,5.75,5.75,7536
2013-08-29,5.75,5.75,5.5,5.5,5.5,504
2013-08-30,5.5,5.5,5.25,5.5,5.5,2252
2013-09-03,5.25,5.25,5.25,5.25,5.25,3496
2013-09-04,5.0,5.75,5.0,5.25,5.25,6832
2013-09-05,5.25,5.5,5.0,5.0,5.0,8404
2013-09-06,5.25,5.25,5.0,5.0,5.0,1280
2013-09-09,5.0,5.25,5.0,5.25,5.25,7320
2013-09-10,5.0,5.25,5.0,5.25,5.25,1104
2013-09-11,5.0,5.25,5.0,5.25,5.25,2216
2013-09-12,5.25,5.25,5.0,5.25,5.25,1812
2013-09-13,5.0,5.0,5.0,5.0,5.0,5164
2013-09-16,5.25,5.25,5.0,5.0,5.0,3832
2013-09-17,5.0,5.25,4.75,5.25,5.25,4396
2013-09-18,5.0,5.0,5.0,5.0,5.0,748
2013-09-19,5.0,5.25,5.0,5.25,5.25,4400
2013-09-20,5.25,5.25,5.0,5.0,5.0,2932
2013-09-23,5.0,5.25,4.75,5.25,5.25,1248
2013-09-24,5.0,5.25,5.0,5.0,5.0,10024
2013-09-25,4.5,5.0,4.5,5.0,5.0,2716
2013-09-26,5.0,5.75,5.0,5.5,5.5,21904
2013-09-27,5.25,5.25,5.25,5.25,5.25,2020
2013-09-30,5.25,5.5,4.75,4.75,4.75,2632
2013-10-01,5.0,5.25,5.0,5.0,5.0,3968
2013-10-02,4.75,5.0,4.75,5.0,5.0,2380
2013-10-03,5.0,5.25,4.75,5.0,5.0,8788
2013-10-04,5.25,5.25,4.75,5.0,5.0,3452
2013-10-07,4.75,5.0,4.75,5.0,5.0,776
2013-10-08,5.0,5.0,4.75,5.0,5.0,11992
2013-10-09,5.0,5.0,4.75,4.75,4.75,4896
2013-10-10,4.75,4.75,4.75,4.75,4.75,1396
2013-10-11,4.75,4.75,4.75,4.75,4.75,4332
2013-10-14,4.75,4.75,4.5,4.75,4.75,4324
2013-10-15,4.75,4.75,4.5,4.5,4.5,6036
2013-10-16,4.5,4.5,4.25,4.5,4.5,4256
2013-10-17,4.5,4.75,4.25,4.5,4.5,6240
2013-10-18,4.75,5.0,4.5,4.75,4.75,8492
2013-10-21,4.75,4.75,4.5,4.75,4.75,9692
2013-10-22,4.75,4.75,4.5,4.5,4.5,2248
2013-10-23,4.5,4.5,4.5,4.5,4.5,1344
2013-10-24,4.5,4.5,4.25,4.5,4.5,3688
2013-10-25,4.5,4.5,4.25,4.5,4.5,3556
2013-10-28,4.5,5.25,4.5,5.0,5.0,12168
2013-10-29,5.0,5.0,4.5,4.5,4.5,1176
2013-10-30,5.0,5.0,4.5,5.0,5.0,9260
2013-10-31,5.0,5.0,4.5,5.0,5.0,916
2013-11-01,4.5,4.75,4.5,4.75,4.75,1364
2013-11-04,4.5,4.75,4.5,4.5,4.5,1700
2013-11-05,4.5,4.5,4.5,4.5,4.5,2152
2013-11-06,4.5,4.5,4.25,4.5,4.5,13520
2013-11-07,4.5,4.5,4.25,4.5,4.5,616
2013-11-08,4.75,5.0,4.25,5.0,5.0,3024
2013-11-11,4.75,5.0,4.75,5.0,5.0,888
2013-11-12,4.5,5.0,4.5,5.0,5.0,1720
2013-11-13,5.0,5.0,4.5,4.5,4.5,8464
2013-11-14,4.75,5.0,4.75,5.0,5.0,5596
2013-11-15,4.75,5.0,4.75,5.0,5.0,2900
2013-11-18,4.75,4.75,4.5,4.5,4.5,2396
2013-11-19,4.5,4.75,4.5,4.75,4.75,3484
2013-11-20,5.0,5.0,4.5,4.5,4.5,1772
2013-11-21,4.5,5.0,4.5,4.5,4.5,3128
2013-11-22,4.5,4.75,4.5,4.75,4.75,2184
2013-11-25,4.5,4.75,4.5,4.5,4.5,1328
2013-11-26,4.5,5.0,4.5,4.5,4.5,4880
2013-11-27,5.0,5.25,4.5,5.25,5.25,3680
2013-11-29,5.25,5.25,4.75,5.25,5.25,2292
2013-12-02,5.25,5.25,5.0,5.0,5.0,1304
2013-12-03,5.0,5.25,4.75,4.75,4.75,2584
2013-12-04,4.75,4.75,4.5,4.5,4.5,16612
2013-12-05,4.5,4.75,4.5,4.5,4.5,3752
2013-12-06,4.5,4.75,4.5,4.75,4.75,9920
2013-12-09,4.5,4.75,4.5,4.5,4.5,3680
2013-12-10,4.5,4.75,4.5,4.5,4.5,1636
2013-12-11,4.5,4.5,4.5,4.5,4.5,2016
2013-12-12,4.5,4.5,4.5,4.5,4.5,2476
2013-12-13,4.5,4.5,4.5,4.5,4.5,10056
2013-12-16,4.5,4.5,4.0,4.25,4.25,8320
2013-12-17,4.25,4.75,4.25,4.5,4.5,16540
2013-12-18,4.5,4.75,4.5,4.5,4.5,1224
2013-12-19,4.5,4.75,4.5,4.5,4.5,2288
2013-12-20,4.5,5.0,4.5,5.0,5.0,2440
2013-12-23,4.75,5.0,4.5,5.0,5.0,11476
2013-12-24,5.0,5.0,5.0,5.0,5.0,0
2013-12-26,4.75,5.0,4.75,4.75,4.75,18372
2013-12-27,5.0,5.0,4.75,4.75,4.75,2712
2013-12-30,4.75,5.25,4.75,5.25,5.25,9296
2013-12-31,4.75,4.75,4.75,4.75,4.75,3676
2014-01-02,5.0,5.0,4.75,4.75,4.75,8500
2014-01-03,4.75,5.0,4.75,5.0,5.0,2140
2014-01-06,5.0,5.0,4.75,4.75,4.75,1168
2014-01-07,4.75,5.0,4.75,5.0,5.0,7584
2014-01-08,4.75,4.75,4.75,4.75,4.75,116
2014-01-09,5.0,5.0,5.0,5.0,5.0,420
2014-01-10,4.75,4.75,4.75,4.75,4.75,1860
2014-01-13,4.75,5.0,4.75,4.75,4.75,6844
2014-01-14,4.75,4.75,4.0,4.5,4.5,51096
2014-01-15,4.5,4.75,4.5,4.75,4.75,17140
2014-01-16,4.75,5.0,4.75,5.0,5.0,4936
2014-01-17,5.0,5.0,4.25,4.75,4.75,4320
2014-01-21,5.0,5.5,5.0,5.5,5.5,17132
2014-01-22,5.5,6.25,5.5,6.25,6.25,30924
2014-01-23,6.5,7.5,6.0,7.25,7.25,34988
2014-01-24,7.5,7.75,6.5,7.25,7.25,21668
2014-01-27,7.25,7.75,6.5,7.75,7.75,20604
2014-01-28,8.0,8.75,7.25,8.5,8.5,33336
2014-01-29,8.5,10.0,8.5,10.0,10.0,40380
2014-01-30,10.0,12.0,9.75,10.5,10.5,43600
2014-01-31,10.25,10.75,9.5,10.0,10.0,46404
2014-02-03,10.0,10.0,8.75,8.75,8.75,29300
2014-02-04,8.75,8.75,7.5,7.75,7.75,42760
2014-02-05,8.0,8.25,7.0,7.5,7.5,41116
2014-02-06,7.25,8.25,7.0,7.5,7.5,26172
2014-02-07,7.75,8.75,7.5,7.5,7.5,18836
2014-02-10,7.5,8.0,7.0,7.5,7.5,7408
2014-02-11,7.5,7.75,6.5,7.0,7.0,16984
2014-02-12,7.0,7.5,7.0,7.25,7.25,616
2014-02-13,7.0,7.25,6.5,7.0,7.0,8768
2014-02-14,6.75,6.75,6.0,6.0,6.0,12932
2014-02-18,6.0,7.0,6.0,7.0,7.0,11624
2014-02-19,7.0,7.25,7.0,7.0,7.0,3436
2014-02-20,7.0,7.25,6.75,6.75,6.75,7856
2014-02-21,7.0,7.75,6.75,7.5,7.5,12224
2014-02-24,7.5,7.75,7.25,7.5,7.5,9332
2014-02-25,7.75,7.75,7.25,7.25,7.25,5496
2014-02-26,8.25,8.25,7.5,7.5,7.5,11468
2014-02-27,7.5,7.5,7.5,7.5,7.5,3820
2014-02-28,7.5,7.75,7.5,7.5,7.5,5032
2014-03-03,7.5,7.5,7.25,7.5,7.5,4840
2014-03-04,7.5,7.75,7.5,7.75,7.75,7132
2014-03-05,7.5,8.0,7.25,7.5,7.5,5876
2014-03-06,7.25,7.5,7.25,7.5,7.5,2276
2014-03-07,7.5,7.5,7.5,7.5,7.5,200
2014-03-10,7.5,7.75,7.0,7.5,7.5,5172
2014-03-11,7.5,7.75,7.5,7.5,7.5,5164
2014-03-12,8.0,8.0,7.5,7.75,7.75,3088
2014-03-13,7.5,7.5,7.25,7.25,7.25,3076
2014-03-14,7.0,7.75,7.0,7.5,7.5,5596
2014-03-17,7.5,7.5,7.0,7.0,7.0,4188
2014-03-18,7.0,7.5,7.0,7.25,7.25,4988
2014-03-19,7.25,7.25,7.0,7.0,7.0,2936
2014-03-20,7.5,7.5,7.0,7.5,7.5,1172
2014-03-21,7.0,7.5,7.0,7.0,7.0,5700
2014-03-24,7.0,7.25,6.75,7.25,7.25,15560
2014-03-25,7.0,8.0,7.0,8.0,8.0,15876
2014-03-26,8.0,8.0,7.5,7.5,7.5,14664
2014-03-27,7.25,7.75,7.25,7.25,7.25,3620
2014-03-28,7.0,7.75,7.0,7.5,7.5,8756
2014-03-31,7.75,8.25,7.25,7.5,7.5,6964
2014-04-01,7.5,7.5,7.25,7.25,7.25,3484
2014-04-02,7.0,7.0,6.75,6.75,6.75,20084
2014-04-03,6.75,7.0,6.75,6.75,6.75,2700
2014-04-04,6.75,6.75,6.0,6.5,6.5,8392
2014-04-07,6.25,6.5,5.25,5.75,5.75,16412
2014-04-08,6.0,6.25,5.75,5.75,5.75,5364
2014-04-09,6.25,6.5,5.75,6.25,6.25,7740
2014-04-10,6.25,6.5,6.0,6.5,6.5,3528
2014-04-11,6.5,6.5,6.0,6.5,6.5,2880
2014-04-14,6.5,7.0,6.5,6.75,6.75,3276
2014-04-15,7.0,7.25,6.0,6.75,6.75,4556
2014-04-16,6.75,6.75,6.25,6.5,6.5,3776
2014-04-17,6.5,6.5,6.0,6.25,6.25,3676
2014-04-21,6.5,6.5,6.25,6.5,6.5,4684
2014-04-22,6.75,7.0,6.5,7.0,7.0,5328
2014-04-23,7.0,7.0,6.5,7.0,7.0,2072
2014-04-24,6.75,7.0,5.75,7.0,7.0,5700
2014-04-25,7.0,7.0,6.5,7.0,7.0,1856
2014-04-28,6.5,7.0,6.5,7.0,7.0,3700
2014-04-29,6.75,7.25,6.5,7.25,7.25,12492
2014-04-30,7.5,8.75,7.0,8.5,8.5,32252
2014-05-01,8.5,8.5,8.25,8.5,8.5,6944
2014-05-02,8.5,8.5,8.0,8.5,8.5,3436
2014-05-05,8.5,9.75,8.5,9.5,9.5,21228
2014-05-06,10.0,10.0,8.75,9.5,9.5,28472
2014-05-07,9.5,9.75,8.75,8.75,8.75,17912
2014-05-08,9.0,9.25,9.0,9.25,9.25,18124
2014-05-09,9.25,9.25,8.25,8.5,8.5,9368
2014-05-12,8.5,9.25,8.5,9.0,9.0,4668
2014-05-13,9.0,9.0,8.5,9.0,9.0,3424
2014-05-14,9.0,9.25,8.25,8.25,8.25,5968
2014-05-15,8.25,8.25,7.5,8.25,8.25,8100
2014-05-16,7.75,8.25,7.75,8.25,8.25,1420
2014-05-19,8.0,8.25,7.75,8.25,8.25,2376
2014-05-20,7.25,8.0,7.25,7.25,7.25,1528
2014-05-21,7.25,7.25,6.75,7.25,7.25,1060
2014-05-22,7.5,8.0,7.5,7.5,7.5,3072
2014-05-23,8.0,8.25,7.75,8.0,8.0,4280
2014-05-27,8.25,8.25,6.5,7.5,7.5,14724
2014-05-28,6.5,7.5,6.5,7.0,7.0,6564
2014-05-29,7.25,7.5,7.0,7.0,7.0,4012
2014-05-30,7.0,7.5,7.0,7.5,7.5,3088
2014-06-02,7.0,7.25,7.0,7.0,7.0,21092
2014-06-03,7.0,7.0,7.0,7.0,7.0,3812
2014-06-04,7.0,7.0,6.75,7.0,7.0,2124
2014-06-05,7.0,7.25,6.75,7.0,7.0,3176
2014-06-06,7.25,7.25,6.5,7.0,7.0,12704
2014-06-09,7.25,7.25,6.75,6.75,6.75,3112
2014-06-10,6.75,7.25,6.75,7.0,7.0,6304
2014-06-11,7.0,7.0,6.25,6.75,6.75,5896
2014-06-12,7.0,7.0,6.5,6.5,6.5,2520
2014-06-13,7.0,7.0,6.5,6.75,6.75,3112
2014-06-16,6.75,7.0,6.75,7.0,7.0,2056
2014-06-17,7.0,7.75,7.0,7.75,7.75,10424
2014-06-18,7.75,8.25,7.75,8.25,8.25,6712
2014-06-19,8.25,8.25,7.25,7.75,7.75,340
2014-06-20,7.5,8.25,7.25,7.75,7.75,1012
2014-06-23,7.75,8.0,7.25,7.75,7.75,8536
2014-06-24,7.25,7.75,7.0,7.75,7.75,7332
2014-06-25,7.5,7.75,7.5,7.75,7.75,1316
2014-06-26,7.75,7.75,7.75,7.75,7.75,4608
2014-06-27,7.75,7.75,7.75,7.75,7.75,2352
2014-06-30,7.5,7.75,7.25,7.5,7.5,4132
2014-07-01,7.0,7.75,7.0,7.75,7.75,4632
2014-07-02,7.0,7.75,7.0,7.75,7.75,2388
2014-07-03,7.75,7.75,7.25,7.25,7.25,4348
2014-07-07,7.75,8.0,7.25,7.75,7.75,2700
2014-07-08,7.5,7.75,7.25,7.5,7.5,2876
2014-07-09,6.75,7.5,6.75,7.5,7.5,6284
2014-07-10,7.0,7.0,6.75,6.75,6.75,38620
2014-07-11,6.75,6.75,6.5,6.5,6.5,7348
2014-07-14,6.5,6.75,5.5,6.25,6.25,13164
2014-07-15,6.25,6.5,6.0,6.25,6.25,198484
2014-07-16,6.75,6.75,6.0,6.0,6.0,19640
2014-07-17,6.25,6.5,6.25,6.25,6.25,3728
2014-07-18,6.25,6.75,6.25,6.5,6.5,2240
2014-07-21,6.75,6.75,6.25,6.75,6.75,14164
2014-07-22,6.5,6.75,6.25,6.5,6.5,4620
2014-07-23,6.25,6.5,6.25,6.5,6.5,796
2014-07-24,6.5,6.5,6.25,6.25,6.25,7080
2014-07-25,6.25,6.5,6.0,6.5,6.5,6956
2014-07-28,6.0,6.5,6.0,6.25,6.25,3512
2014-07-29,6.25,6.5,6.25,6.5,6.5,2540
2014-07-30,6.5,6.5,6.5,6.5,6.5,3736
2014-07-31,6.5,6.5,6.5,6.5,6.5,1008
2014-08-01,6.0,6.25,5.75,6.0,6.0,4864
2014-08-04,6.25,6.25,5.75,6.25,6.25,4336
2014-08-05,6.25,6.25,6.25,6.25,6.25,168
2014-08-06,6.25,6.25,5.75,6.25,6.25,11192
2014-08-07,6.25,6.5,6.25,6.25,6.25,1432
2014-08-08,6.25,6.25,5.75,6.25,6.25,2836
2014-08-11,6.25,6.5,6.25,6.25,6.25,3364
2014-08-12,6.25,6.5,6.25,6.5,6.5,2620
2014-08-13,6.5,6.5,6.5,6.5,6.5,16204
2014-08-14,6.5,6.5,6.25,6.25,6.25,7844
2014-08-15,5.75,6.25,5.75,6.25,6.25,1892
2014-08-18,6.25,6.5,6.25,6.25,6.25,3976
2014-08-19,6.25,6.25,6.25,6.25,6.25,5516
2014-08-20,6.5,6.75,6.25,6.25,6.25,2020
2014-08-21,6.5,6.5,6.25,6.25,6.25,7268
2014-08-22,6.25,6.25,6.25,6.25,6.25,7260
2014-08-25,6.25,6.5,6.0,6.5,6.5,6468
2014-08-26,6.5,6.5,6.25,6.5,6.5,9116
2014-08-27,6.5,6.5,6.25,6.25,6.25,720
2014-08-28,6.5,6.5,6.5,6.5,6.5,160
2014-08-29,6.5,6.75,6.5,6.75,6.75,1692
2014-09-02,6.75,6.75,6.25,6.75,6.75,1724
2014-09-03,6.75,6.75,6.5,6.5,6.5,6832
2014-09-04,6.5,6.5,6.0,6.5,6.5,3384
2014-09-05,6.25,6.25,6.0,6.25,6.25,10660
2014-09-08,6.0,6.5,6.0,6.25,6.25,21516
2014-09-09,6.25,6.25,5.75,6.0,6.0,6932
2014-09-10,5.75,6.0,5.0,5.75,5.75,4828
2014-09-11,5.75,6.25,5.75,5.75,5.75,9072
2014-09-12,5.75,6.25,5.75,6.25,6.25,140
2014-09-15,5.75,6.25,5.75,6.25,6.25,3316
2014-09-16,6.25,6.5,6.0,6.25,6.25,6576
2014-09-17,6.25,6.25,6.0,6.25,6.25,3848
2014-09-18,6.0,6.25,6.0,6.25,6.25,1044
2014-09-19,6.25,6.25,6.0,6.25,6.25,3068
2014-09-22,6.0,6.5,6.0,6.25,6.25,7908
2014-09-23,6.0,6.25,6.0,6.25,6.25,968
2014-09-24,6.25,6.5,6.25,6.5,6.5,2080
2014-09-25,6.0,6.0,6.0,6.0,6.0,1576
2014-09-26,6.25,6.25,6.25,6.25,6.25,100
2014-09-29,6.25,6.25,6.0,6.0,6.0,56
2014-09-30,6.0,6.0,5.0,6.0,6.0,14660
2014-10-01,6.0,6.25,5.5,5.5,5.5,1444
2014-10-02,5.75,6.0,5.5,5.5,5.5,2456
2014-10-03,5.25,5.25,3.75,4.75,4.75,29824
2014-10-06,4.75,5.0,3.75,4.25,4.25,13664
2014-10-07,4.5,4.75,4.25,4.75,4.75,1252
2014-10-08,4.75,4.75,4.0,4.75,4.75,6632
2014-10-09,3.75,4.25,3.75,4.0,4.0,6484
2014-10-10,4.25,4.25,4.0,4.0,4.0,2924
2014-10-13,4.75,4.75,4.75,4.75,4.75,1200
2014-10-14,4.75,4.75,4.75,4.75,4.75,0
2014-10-15,4.25,4.25,3.25,3.75,3.75,11192
2014-10-16,4.0,4.0,3.25,3.75,3.75,5564
2014-10-17,3.75,6.25,3.75,5.25,5.25,9700
2014-10-20,4.75,5.25,4.75,5.0,5.0,20220
2014-10-21,4.5,5.25,4.0,5.25,5.25,30476
2014-10-22,5.0,5.0,4.25,4.25,4.25,172
2014-10-23,4.5,4.5,4.5,4.5,4.5,312
2014-10-24,4.25,5.0,4.25,5.0,5.0,1220
2014-10-27,5.0,5.0,4.0,4.5,4.5,724
2014-10-28,4.5,4.5,4.5,4.5,4.5,0
2014-10-29,5.0,5.0,4.75,5.0,5.0,14428
2014-10-30,4.5,4.5,4.5,4.5,4.5,360
2014-10-31,4.5,5.0,4.0,5.0,5.0,6708
2014-11-03,4.25,5.0,4.25,5.0,5.0,380
2014-11-04,4.75,4.75,3.75,4.25,4.25,15868
2014-11-05,4.25,4.5,4.25,4.5,4.5,284
2014-11-06,4.5,4.5,4.25,4.5,4.5,316
2014-11-07,4.25,5.0,4.25,5.0,5.0,4928
2014-11-10,5.0,5.0,5.0,5.0,5.0,20
2014-11-11,4.5,5.0,4.25,5.0,5.0,1068
2014-11-12,5.0,5.5,4.25,5.0,5.0,19148
2014-11-13,4.25,5.0,4.25,5.0,5.0,304
2014-11-14,5.25,5.25,5.0,5.0,5.0,26588
2014-11-17,4.75,5.25,4.5,5.0,5.0,8344
2014-11-18,4.5,5.25,4.5,5.25,5.25,11096
2014-11-19,4.5,4.5,4.5,4.5,4.5,92
2014-11-20,4.75,4.75,4.75,4.75,4.75,320
2014-11-21,4.75,4.75,4.5,4.5,4.5,524
2014-11-24,4.5,4.5,4.25,4.25,4.25,4088
2014-11-25,4.5,4.5,4.5,4.5,4.5,600
2014-11-26,4.5,4.5,3.0,4.25,4.25,13436
2014-11-28,4.25,4.25,4.25,4.25,4.25,640
2014-12-01,4.25,4.25,3.25,3.75,3.75,5120
2014-12-02,3.75,3.75,3.75,3.75,3.75,264
2014-12-03,4.0,4.25,3.75,4.25,4.25,2452
2014-12-04,3.75,3.75,3.75,3.75,3.75,368
2014-12-05,3.75,3.75,3.5,3.75,3.75,2828
2014-12-08,3.75,4.25,3.75,4.0,4.0,3632
2014-12-09,3.75,3.75,3.25,3.75,3.75,10908
2014-12-10,3.5,3.75,3.25,3.75,3.75,5556
2014-12-11,3.25,3.5,3.25,3.25,3.25,6656
2014-12-12,3.25,3.75,3.0,3.75,3.75,1552
2014-12-15,3.0,3.75,3.0,3.5,3.5,5836
2014-12-16,3.25,3.5,3.0,3.0,3.0,6660
2014-12-17,3.0,3.25,3.0,3.0,3.0,5224
2014-12-18,3.0,3.5,3.0,3.25,3.25,12708
2014-12-19,3.25,3.5,3.0,3.0,3.0,2596
2014-12-22,3.0,3.5,3.0,3.0,3.0,4336
2014-12-23,3.5,3.5,2.5,3.25,3.25,12848
2014-12-24,2.5,3.5,2.5,3.5,3.5,4988
2014-12-26,2.5,3.25,2.5,3.25,3.25,9252
2014-12-29,3.0,3.5,2.75,3.0,3.0,13268
2014-12-30,3.0,3.0,2.5,2.5,2.5,40388
2014-12-31,2.75,3.0,2.5,2.75,2.75,13844
2015-01-02,3.0,3.0,2.75,2.75,2.75,1120
2015-01-05,3.5,3.5,3.0,3.0,3.0,26804
2015-01-06,3.0,3.0,2.75,2.75,2.75,3620
2015-01-07,2.75,2.75,2.75,2.75,2.75,1852
2015-01-08,2.75,3.0,2.75,3.0,3.0,2724
2015-01-09,2.75,3.0,2.75,2.75,2.75,1268
2015-01-12,2.75,2.75,2.5,2.75,2.75,8168
2015-01-13,2.75,3.0,2.5,3.0,3.0,9120
2015-01-14,2.75,2.75,2.75,2.75,2.75,336
2015-01-15,2.75,3.0,2.75,3.0,3.0,848
2015-01-16,3.0,3.0,3.0,3.0,3.0,5904
2015-01-20,3.0,3.0,3.0,3.0,3.0,3640
2015-01-21,3.0,3.0,3.0,3.0,3.0,3240
2015-01-22,3.0,3.0,2.75,2.75,2.75,8864
2015-01-23,2.5,2.75,2.5,2.75,2.75,5676
2015-01-26,2.75,2.75,2.25,2.25,2.25,20480
2015-01-27,2.75,2.75,2.5,2.5,2.5,2392
2015-01-28,2.5,2.5,2.5,2.5,2.5,13684
2015-01-29,2.5,2.5,2.25,2.25,2.25,2180
2015-01-30,2.5,2.75,2.25,2.75,2.75,5984
2015-02-02,2.75,3.0,2.75,2.75,2.75,9212
2015-02-03,2.25,3.0,2.25,2.75,2.75,6568
2015-02-04,2.75,2.75,2.75,2.75,2.75,600
2015-02-05,2.75,2.75,2.5,2.5,2.5,2476
2015-02-06,2.5,2.5,2.5,2.5,2.5,2000
2015-02-09,2.5,2.75,2.25,2.25,2.25,4076
2015-02-10,2.5,2.5,2.0,2.25,2.25,7072
2015-02-11,2.25,2.25,2.0,2.25,2.25,5204
2015-02-12,2.5,2.5,2.25,2.5,2.5,5392
2015-02-13,2.5,2.5,2.25,2.25,2.25,620
2015-02-17,2.25,2.25,2.0,2.0,2.0,12340
2015-02-18,2.0,2.5,1.75,1.75,1.75,6320
2015-02-19,2.0,2.0,1.75,2.0,2.0,20676
2015-02-20,1.75,1.75,1.75,1.75,1.75,452
2015-02-23,2.0,2.5,1.75,2.5,2.5,11740
2015-02-24,2.0,2.75,2.0,2.5,2.5,1872
2015-02-25,2.25,2.75,2.25,2.75,2.75,2840
2015-02-26,2.5,2.5,2.5,2.5,2.5,320
2015-02-27,2.75,2.75,2.5,2.5,2.5,656
2015-03-02,2.5,2.5,2.0,2.5,2.5,12548
2015-03-03,2.5,2.5,2.5,2.5,2.5,752
2015-03-04,2.25,2.5,2.0,2.25,2.25,10044
2015-03-05,2.25,2.25,2.25,2.25,2.25,308
2015-03-06,2.0,2.25,2.0,2.0,2.0,12164
2015-03-09,2.0,2.0,2.0,2.0,2.0,8568
2015-03-10,2.0,2.0,2.0,2.0,2.0,2016
2015-03-11,2.25,2.25,1.5,1.75,1.75,29968
2015-03-12,1.75,2.25,1.75,2.0,2.0,20828
2015-03-13,2.25,2.25,1.75,2.0,2.0,16832
2015-03-16,2.0,2.0,2.0,2.0,2.0,0
2015-03-17,2.0,2.0,2.0,2.0,2.0,2436
2015-03-18,2.0,2.5,2.0,2.25,2.25,20380
2015-03-19,2.25,2.5,2.0,2.0,2.0,3096
2015-03-20,2.75,2.75,2.5,2.75,2.75,32724
2015-03-23,2.75,3.0,2.0,3.0,3.0,15924
2015-03-24,3.0,3.25,2.25,2.75,2.75,15020
2015-03-25,3.25,3.5,3.25,3.5,3.5,23552
2015-03-26,3.0,3.25,3.0,3.25,3.25,3020
2015-03-27,3.0,3.25,3.0,3.25,3.25,3012
2015-03-30,3.25,3.25,3.25,3.25,3.25,200
2015-03-31,3.0,3.25,3.0,3.25,3.25,3984
2015-04-01,3.0,4.0,3.0,4.0,4.0,17804
2015-04-02,4.0,4.0,3.75,4.0,4.0,11564
2015-04-06,4.0,4.0,4.0,4.0,4.0,9316
2015-04-07,3.75,3.75,3.5,3.5,3.5,2680
2015-04-08,3.5,3.5,3.25,3.25,3.25,3520
2015-04-09,3.25,3.5,3.25,3.5,3.5,3056
2015-04-10,3.25,3.75,3.0,3.75,3.75,5800
2015-04-13,3.75,3.75,3.75,3.75,3.75,1176
2015-04-14,3.5,3.75,3.25,3.25,3.25,2720
2015-04-15,3.0,3.25,3.0,3.25,3.25,2992
2015-04-16,3.5,3.75,3.5,3.75,3.75,2144
2015-04-17,3.25,3.5,3.25,3.5,3.5,800
2015-04-20,3.25,3.5,3.0,3.25,3.25,2888
2015-04-21,3.75,3.75,3.25,3.75,3.75,784
2015-04-22,3.0,3.75,3.0,3.75,3.75,2732
2015-04-23,3.0,3.5,3.0,3.5,3.5,2096
2015-04-24,3.5,3.5,3.5,3.5,3.5,0
2015-04-27,3.25,3.25,3.0,3.0,3.0,2224
2015-04-28,3.75,3.75,3.25,3.25,3.25,184
2015-04-29,3.25,3.25,3.0,3.25,3.25,4920
2015-04-30,3.0,3.0,3.0,3.0,3.0,560
2015-05-01,3.0,3.0,3.0,3.0,3.0,684
2015-05-04,3.25,3.25,2.75,2.75,2.75,924
2015-05-05,2.75,2.75,2.5,2.5,2.5,1704
2015-05-06,3.0,3.0,3.0,3.0,3.0,200
2015-05-07,2.5,2.75,2.5,2.75,2.75,144
2015-05-08,2.5,2.5,2.5,2.5,2.5,64
2015-05-11,2.5,2.75,2.0,2.5,2.5,9948
2015-05-12,2.0,2.5,2.0,2.25,2.25,3208
2015-05-13,2.25,2.25,2.25,2.25,2.25,40
2015-05-14,1.75,2.5,1.75,2.5,2.5,3248
2015-05-15,2.25,2.5,2.0,2.5,2.5,13180
2015-05-18,2.5,2.5,2.5,2.5,2.5,4800
2015-05-19,2.5,2.5,2.5,2.5,2.5,800
2015-05-20,3.0,3.0,2.5,2.75,2.75,4560
2015-05-21,2.75,3.25,2.75,3.25,3.25,6404
2015-05-22,3.0,3.25,3.0,3.25,3.25,3664
2015-05-26,3.0,3.5,3.0,3.25,3.25,4080
2015-05-27,3.25,3.5,3.25,3.5,3.5,6916
2015-05-28,3.5,3.5,3.0,3.25,3.25,4504
2015-05-29,3.25,3.25,3.25,3.25,3.25,608
2015-06-01,2.5,3.75,2.5,3.75,3.75,9084
2015-06-02,3.75,3.75,2.75,3.75,3.75,7664
2015-06-03,3.75,4.25,3.5,4.0,4.0,12040
2015-06-04,4.0,4.25,3.75,4.0,4.0,13152
2015-06-05,4.0,4.0,3.5,4.0,4.0,14960
2015-06-08,4.25,4.25,3.25,3.5,3.5,11640
2015-06-09,3.5,4.25,3.0,3.5,3.5,14612
2015-06-10,3.5,3.75,3.25,3.75,3.75,14248
2015-06-11,3.5,3.75,3.25,3.5,3.5,9160
2015-06-12,3.75,4.0,3.5,3.75,3.75,9060
2015-06-15,3.25,3.5,3.0,3.5,3.5,12200
2015-06-16,3.25,3.5,3.25,3.5,3.5,14100
2015-06-17,3.5,3.75,3.0,3.25,3.25,28172
2015-06-18,3.25,3.25,3.0,3.25,3.25,11460
2015-06-19,3.25,3.75,3.25,3.5,3.5,15088
2015-06-22,3.5,3.75,3.5,3.75,3.75,20664
2015-06-23,3.75,4.25,3.75,3.75,3.75,39424
2015-06-24,3.75,3.75,3.5,3.5,3.5,5780
2015-06-25,3.75,4.0,2.5,3.5,3.5,63696
2015-06-26,3.5,3.5,3.5,3.5,3.5,0
2015-06-29,4.0,5.0,3.5,4.0,4.0,9300
2015-06-30,3.6500000953674316,4.0,3.6500000953674316,4.0,4.0,10100
2015-07-01,3.950000047683716,4.0,3.9000000953674316,4.0,4.0,7000
2015-07-02,3.9200000762939453,3.990000009536743,3.9200000762939453,3.9700000286102295,3.9700000286102295,8800
2015-07-06,3.6500000953674316,3.9800000190734863,3.5999999046325684,3.75,3.75,12000
2015-07-07,3.549999952316284,3.9000000953674316,3.549999952316284,3.549999952316284,3.549999952316284,12600
2015-07-08,3.4000000953674316,3.5399999618530273,3.380000114440918,3.5399999618530273,3.5399999618530273,1600
2015-07-09,3.0299999713897705,3.25,2.509999990463257,3.0999999046325684,3.0999999046325684,13100
2015-07-10,4.0,4.349999904632568,3.799999952316284,3.799999952316284,3.799999952316284,21300
2015-07-13,3.799999952316284,3.950000047683716,3.4000000953674316,3.6700000762939453,3.6700000762939453,4400
2015-07-14,3.7100000381469727,3.990000009536743,3.4800000190734863,3.4800000190734863,3.4800000190734863,2000
2015-07-15,3.9200000762939453,5.0,3.8499999046325684,4.75,4.75,66900
2015-07-16,5.050000190734863,5.650000095367432,5.050000190734863,5.349999904632568,5.349999904632568,77600
2015-07-17,5.400000095367432,5.739999771118164,5.110000133514404,5.510000228881836,5.510000228881836,41700
2015-07-20,5.239999771118164,5.690000057220459,5.239999771118164,5.5,5.5,42500
2015-07-21,5.5,5.849999904632568,5.5,5.849999904632568,5.849999904632568,23300
2015-07-22,5.699999809265137,6.400000095367432,5.699999809265137,5.849999904632568,5.849999904632568,31600
2015-07-23,5.849999904632568,6.150000095367432,5.239999771118164,5.46999979019165,5.46999979019165,72600
2015-07-24,5.579999923706055,5.949999809265137,5.230000019073486,5.869999885559082,5.869999885559082,24200
2015-07-27,5.760000228881836,5.980000019073486,5.610000133514404,5.849999904632568,5.849999904632568,13200
2015-07-28,5.949999809265137,5.949999809265137,5.369999885559082,5.5,5.5,22200
2015-07-29,5.519999980926514,5.599999904632568,5.300000190734863,5.300000190734863,5.300000190734863,3400
2015-07-30,5.5,5.5,5.150000095367432,5.199999809265137,5.199999809265137,5700
2015-07-31,5.110000133514404,5.110000133514404,4.75,4.889999866485596,4.889999866485596,10100
2015-08-03,4.71999979019165,4.71999979019165,4.539999961853027,4.550000190734863,4.550000190734863,6100
2015-08-04,4.420000076293945,5.0,4.420000076293945,5.0,5.0,8800
2015-08-05,5.0,5.0,4.170000076293945,4.269999980926514,4.269999980926514,10900
2015-08-06,4.260000228881836,4.639999866485596,4.260000228881836,4.380000114440918,4.380000114440918,17200
2015-08-07,4.5,4.670000076293945,4.380000114440918,4.579999923706055,4.579999923706055,11500
2015-08-10,4.449999809265137,4.550000190734863,4.440000057220459,4.440000057220459,4.440000057220459,32200
2015-08-11,4.309999942779541,4.309999942779541,4.159999847412109,4.159999847412109,4.159999847412109,1000
2015-08-12,4.130000114440918,4.300000190734863,4.130000114440918,4.21999979019165,4.21999979019165,4400
2015-08-13,4.210000038146973,4.5,4.0,4.0,4.0,16300
2015-08-14,4.059999942779541,4.119999885559082,3.859999895095825,3.990000009536743,3.990000009536743,9900
2015-08-17,3.9200000762939453,4.309999942779541,3.9200000762939453,4.199999809265137,4.199999809265137,4600
2015-08-18,4.239999771118164,4.380000114440918,4.21999979019165,4.309999942779541,4.309999942779541,2700
2015-08-19,4.28000020980835,4.340000152587891,4.28000020980835,4.329999923706055,4.329999923706055,1400
2015-08-20,4.349999904632568,4.460000038146973,4.349999904632568,4.400000095367432,4.400000095367432,7000
2015-08-21,4.349999904632568,4.349999904632568,4.099999904632568,4.159999847412109,4.159999847412109,7500
2015-08-24,3.8399999141693115,4.119999885559082,3.8399999141693115,4.119999885559082,4.119999885559082,5500
2015-08-25,4.0,4.0,3.880000114440918,3.9600000381469727,3.9600000381469727,3000
2015-08-26,4.090000152587891,4.090000152587891,4.090000152587891,4.090000152587891,4.090000152587891,100
2015-08-27,4.199999809265137,4.199999809265137,3.8499999046325684,4.079999923706055,4.079999923706055,11100
2015-08-28,4.03000020980835,4.150000095367432,4.0,4.03000020980835,4.03000020980835,10500
2015-08-31,4.0,4.199999809265137,4.0,4.190000057220459,4.190000057220459,1900
2015-09-01,4.0,4.03000020980835,3.950000047683716,3.9800000190734863,3.9800000190734863,4200
2015-09-02,4.050000190734863,4.079999923706055,3.9700000286102295,3.9700000286102295,3.9700000286102295,4400
2015-09-03,4.059999942779541,4.079999923706055,3.8499999046325684,4.050000190734863,4.050000190734863,9600
2015-09-04,3.9600000381469727,4.03000020980835,3.890000104904175,3.990000009536743,3.990000009536743,7300
2015-09-08,4.03000020980835,4.190000057220459,3.890000104904175,4.170000076293945,4.170000076293945,19300
2015-09-09,4.079999923706055,4.199999809265137,3.950000047683716,4.199999809265137,4.199999809265137,7100
2015-09-10,4.199999809265137,4.349999904632568,4.190000057220459,4.349999904632568,4.349999904632568,9800
2015-09-11,4.380000114440918,4.75,4.289999961853027,4.75,4.75,22600
2015-09-14,4.900000095367432,5.300000190734863,4.900000095367432,5.21999979019165,5.21999979019165,14800
2015-09-15,5.309999942779541,5.409999847412109,5.21999979019165,5.239999771118164,5.239999771118164,19900
2015-09-16,5.360000133514404,5.75,5.360000133514404,5.75,5.75,19000
2015-09-17,6.0,6.0,5.849999904632568,5.900000095367432,5.900000095367432,22700
2015-09-18,5.75,5.940000057220459,4.539999961853027,4.849999904632568,4.849999904632568,79400
2015-09-21,5.239999771118164,5.239999771118164,4.420000076293945,4.829999923706055,4.829999923706055,9000
2015-09-22,4.900000095367432,4.900000095367432,4.599999904632568,4.630000114440918,4.630000114440918,4400
2015-09-23,4.769999980926514,5.170000076293945,4.639999866485596,4.989999771118164,4.989999771118164,10600
2015-09-24,4.820000171661377,4.820000171661377,4.650000095367432,4.769999980926514,4.769999980926514,5100
2015-09-25,4.769999980926514,4.800000190734863,4.28000020980835,4.800000190734863,4.800000190734863,12900
2015-09-28,4.570000171661377,4.730000019073486,4.570000171661377,4.570000171661377,4.570000171661377,9400
2015-09-29,4.650000095367432,4.71999979019165,4.380000114440918,4.460000038146973,4.460000038146973,3700
2015-09-30,4.96999979019165,4.96999979019165,4.75,4.75,4.75,2300
2015-10-01,4.889999866485596,4.889999866485596,4.610000133514404,4.670000076293945,4.670000076293945,3600
2015-10-02,4.610000133514404,4.929999828338623,4.610000133514404,4.929999828338623,4.929999828338623,5100
2015-10-05,5.0,5.5,4.960000038146973,5.090000152587891,5.090000152587891,7900
2015-10-06,5.099999904632568,5.099999904632568,4.909999847412109,4.949999809265137,4.949999809265137,4900
2015-10-07,5.039999961853027,5.039999961853027,4.760000228881836,4.789999961853027,4.789999961853027,3700
2015-10-08,4.75,4.769999980926514,4.53000020980835,4.630000114440918,4.630000114440918,10500
2015-10-09,4.590000152587891,4.590000152587891,4.460000038146973,4.489999771118164,4.489999771118164,5300
2015-10-12,4.449999809265137,4.900000095367432,4.420000076293945,4.900000095367432,4.900000095367432,9000
2015-10-13,4.519999980926514,4.889999866485596,4.519999980926514,4.690000057220459,4.690000057220459,1300
2015-10-14,4.420000076293945,4.420000076293945,4.420000076293945,4.420000076293945,4.420000076293945,2100
2015-10-15,4.639999866485596,4.699999809265137,4.429999828338623,4.699999809265137,4.699999809265137,1000
2015-10-16,4.489999771118164,4.599999904632568,4.489999771118164,4.599999904632568,4.599999904632568,4500
2015-10-19,4.489999771118164,4.53000020980835,3.809999942779541,4.010000228881836,4.010000228881836,18900
2015-10-20,4.260000228881836,4.449999809265137,4.019999980926514,4.340000152587891,4.340000152587891,11800
2015-10-21,4.320000171661377,4.320000171661377,3.8499999046325684,3.990000009536743,3.990000009536743,8200
2015-10-22,4.369999885559082,4.369999885559082,3.9800000190734863,3.9800000190734863,3.9800000190734863,7500
2015-10-23,4.010000228881836,4.010000228881836,3.859999895095825,3.859999895095825,3.859999895095825,1500
2015-10-26,3.9000000953674316,4.199999809265137,3.75,3.75,3.75,5000
2015-10-27,3.680000066757202,4.090000152587891,3.509999990463257,3.690000057220459,3.690000057220459,10100
2015-10-28,3.5,3.869999885559082,3.5,3.8499999046325684,3.8499999046325684,3600
2015-10-29,3.8399999141693115,3.8399999141693115,3.740000009536743,3.759999990463257,3.759999990463257,3900
2015-10-30,3.740000009536743,3.759999990463257,3.7200000286102295,3.7200000286102295,3.7200000286102295,5100
2015-11-02,3.6500000953674316,3.6500000953674316,3.3299999237060547,3.450000047683716,3.450000047683716,3800
2015-11-03,3.700000047683716,3.700000047683716,3.25,3.259999990463257,3.259999990463257,9100
2015-11-04,3.4000000953674316,3.5,3.390000104904175,3.4200000762939453,3.4200000762939453,8100
2015-11-05,3.2699999809265137,3.4100000858306885,3.259999990463257,3.4100000858306885,3.4100000858306885,8500
2015-11-06,3.4000000953674316,3.4100000858306885,2.819999933242798,3.180000066757202,3.180000066757202,12900
2015-11-09,3.0999999046325684,3.109999895095825,3.0899999141693115,3.0899999141693115,3.0899999141693115,600
2015-11-10,3.0899999141693115,3.0899999141693115,3.0899999141693115,3.0899999141693115,3.0899999141693115,0
2015-11-11,3.0,3.0,2.940000057220459,2.940000057220459,2.940000057220459,1500
2015-11-12,3.2100000381469727,3.2100000381469727,3.200000047683716,3.200000047683716,3.200000047683716,1800
2015-11-13,3.140000104904175,3.140000104904175,2.9000000953674316,2.990000009536743,2.990000009536743,11000
2015-11-16,2.930000066757202,3.2100000381469727,2.930000066757202,3.180000066757202,3.180000066757202,8200
2015-11-17,3.180000066757202,3.200000047683716,3.1500000953674316,3.180000066757202,3.180000066757202,3200
2015-11-18,3.1500000953674316,3.299999952316284,3.0999999046325684,3.299999952316284,3.299999952316284,10100
2015-11-19,3.2100000381469727,3.380000114440918,3.2100000381469727,3.299999952316284,3.299999952316284,7300
2015-11-20,3.5199999809265137,3.5199999809265137,2.950000047683716,3.0199999809265137,3.0199999809265137,6300
2015-11-23,3.180000066757202,3.2899999618530273,3.0199999809265137,3.2899999618530273,3.2899999618530273,1000
2015-11-24,3.190000057220459,3.200000047683716,3.119999885559082,3.119999885559082,3.119999885559082,5800
2015-11-25,3.009999990463257,3.009999990463257,3.009999990463257,3.009999990463257,3.009999990463257,400
2015-11-27,3.009999990463257,3.009999990463257,3.009999990463257,3.009999990463257,3.009999990463257,0
2015-11-30,2.930000066757202,3.0,2.7899999618530273,2.809999942779541,2.809999942779541,9700
2015-12-01,2.819999933242798,2.890000104904175,2.819999933242798,2.869999885559082,2.869999885559082,4100
2015-12-02,2.869999885559082,2.869999885559082,2.869999885559082,2.869999885559082,2.869999885559082,0
2015-12-03,2.869999885559082,2.869999885559082,2.869999885559082,2.869999885559082,2.869999885559082,0
2015-12-04,2.7699999809265137,2.990000009536743,2.700000047683716,2.700000047683716,2.700000047683716,3000
2015-12-07,2.700000047683716,2.759999990463257,2.6700000762939453,2.680000066757202,2.680000066757202,7400
2015-12-08,2.700000047683716,2.740000009536743,2.5999999046325684,2.5999999046325684,2.5999999046325684,5100
2015-12-09,2.5999999046325684,2.619999885559082,2.450000047683716,2.5,2.5,6000
2015-12-10,2.450000047683716,2.450000047683716,2.299999952316284,2.4000000953674316,2.4000000953674316,6300
2015-12-11,2.3399999141693115,2.369999885559082,2.009999990463257,2.369999885559082,2.369999885559082,13100
2015-12-14,2.130000114440918,2.5299999713897705,2.130000114440918,2.5299999713897705,2.5299999713897705,2700
2015-12-15,2.5399999618530273,2.5799999237060547,2.130000114440918,2.5799999237060547,2.5799999237060547,15200
2015-12-16,2.609999895095825,2.75,2.1600000858306885,2.450000047683716,2.450000047683716,15000
2015-12-17,2.4100000858306885,2.490000009536743,2.25,2.490000009536743,2.490000009536743,5300
2015-12-18,2.2799999713897705,2.9800000190734863,2.2699999809265137,2.6600000858306885,2.6600000858306885,40800
2015-12-21,2.8299999237060547,4.320000171661377,2.819999933242798,3.640000104904175,3.640000104904175,163000
2015-12-22,3.940000057220459,4.849999904632568,3.5999999046325684,3.7100000381469727,3.7100000381469727,93300
2015-12-23,3.75,3.8499999046325684,3.6500000953674316,3.799999952316284,3.799999952316284,28300
2015-12-24,3.940000057220459,3.9800000190734863,3.809999942779541,3.890000104904175,3.890000104904175,4900
2015-12-28,3.8499999046325684,3.9600000381469727,3.0399999618530273,3.0399999618530273,3.0399999618530273,17400
2015-12-29,2.890000104904175,3.2300000190734863,2.4800000190734863,2.549999952316284,2.549999952316284,54000
2015-12-30,2.549999952316284,3.1500000953674316,2.549999952316284,3.009999990463257,3.009999990463257,45200
2015-12-31,2.9700000286102295,3.119999885559082,2.890000104904175,3.009999990463257,3.009999990463257,29900
2016-01-04,2.690000057220459,3.059999942779541,2.3299999237060547,3.0399999618530273,3.0399999618530273,21900
2016-01-05,3.009999990463257,3.0399999618530273,2.7100000381469727,2.9600000381469727,2.9600000381469727,17200
2016-01-06,3.009999990463257,3.049999952316284,3.009999990463257,3.009999990463257,3.009999990463257,3800
2016-01-07,2.9700000286102295,2.9700000286102295,2.9700000286102295,2.9700000286102295,2.9700000286102295,1000
2016-01-08,3.059999942779541,3.059999942779541,2.950000047683716,2.950000047683716,2.950000047683716,3700
2016-01-11,2.950000047683716,2.950000047683716,2.950000047683716,2.950000047683716,2.950000047683716,700
2016-01-12,2.950000047683716,2.950000047683716,2.950000047683716,2.950000047683716,2.950000047683716,0
2016-01-13,2.990000009536743,2.990000009536743,2.990000009536743,2.990000009536743,2.990000009536743,800
2016-01-14,3.059999942779541,3.119999885559082,3.0,3.109999895095825,3.109999895095825,5700
2016-01-15,3.0799999237060547,3.1700000762939453,3.0,3.0,3.0,2900
2016-01-19,3.0,3.0799999237060547,3.0,3.0,3.0,10400
2016-01-20,3.0,3.0,2.809999942779541,2.9000000953674316,2.9000000953674316,6600
2016-01-21,2.9000000953674316,2.9000000953674316,2.9000000953674316,2.9000000953674316,2.9000000953674316,100
2016-01-22,2.890000104904175,2.890000104904175,2.6700000762939453,2.7200000286102295,2.7200000286102295,2300
2016-01-25,2.7899999618530273,2.9700000286102295,2.549999952316284,2.950000047683716,2.950000047683716,6600
2016-01-26,2.8399999141693115,2.8399999141693115,2.799999952316284,2.819999933242798,2.819999933242798,1200
2016-01-27,2.9100000858306885,2.9100000858306885,2.5999999046325684,2.5999999046325684,2.5999999046325684,3100
2016-01-28,2.859999895095825,3.200000047683716,2.609999895095825,2.7300000190734863,2.7300000190734863,17600
2016-01-29,2.9100000858306885,2.940000057220459,2.7100000381469727,2.940000057220459,2.940000057220459,10800
2016-02-01,2.7100000381469727,2.7100000381469727,2.7100000381469727,2.7100000381469727,2.7100000381469727,400
2016-02-02,2.75,2.809999942779541,2.75,2.809999942779541,2.809999942779541,400
2016-02-03,2.8399999141693115,2.8399999141693115,2.8399999141693115,2.8399999141693115,2.8399999141693115,400
2016-02-04,2.890000104904175,3.0,2.8299999237060547,3.0,3.0,3800
2016-02-05,2.8299999237060547,2.8299999237060547,2.8299999237060547,2.8299999237060547,2.8299999237060547,1400
2016-02-08,2.75,2.759999990463257,2.75,2.75,2.75,900
2016-02-09,2.759999990463257,2.799999952316284,2.75,2.7699999809265137,2.7699999809265137,4000
2016-02-10,2.890000104904175,3.109999895095825,2.890000104904175,2.950000047683716,2.950000047683716,9900
2016-02-11,2.950000047683716,2.950000047683716,2.950000047683716,2.950000047683716,2.950000047683716,0
2016-02-12,2.950000047683716,2.950000047683716,2.950000047683716,2.950000047683716,2.950000047683716,0
2016-02-16,2.809999942779541,2.9200000762939453,2.75,2.880000114440918,2.880000114440918,12900
2016-02-17,2.950000047683716,2.9600000381469727,2.9100000858306885,2.9200000762939453,2.9200000762939453,2200
2016-02-18,2.9200000762939453,2.9200000762939453,2.9200000762939453,2.9200000762939453,2.9200000762939453,0
2016-02-19,2.9200000762939453,2.9200000762939453,2.9200000762939453,2.9200000762939453,2.9200000762939453,0
2016-02-22,2.9200000762939453,2.9200000762939453,2.9200000762939453,2.9200000762939453,2.9200000762939453,0
2016-02-23,2.8499999046325684,2.8499999046325684,2.609999895095825,2.609999895095825,2.609999895095825,19500
2016-02-24,2.5999999046325684,2.5999999046325684,2.5,2.5299999713897705,2.5299999713897705,4100
2016-02-25,2.609999895095825,2.819999933242798,2.430000066757202,2.430000066757202,2.430000066757202,5200
2016-02-26,2.5399999618530273,2.5399999618530273,1.8799999952316284,1.8799999952316284,1.8799999952316284,5400
2016-02-29,1.8799999952316284,2.490000009536743,1.8799999952316284,2.319999933242798,2.319999933242798,6000
2016-03-01,2.440000057220459,2.509999990463257,2.430000066757202,2.430000066757202,2.430000066757202,2300
2016-03-02,2.680000066757202,3.0799999237060547,2.680000066757202,3.0799999237060547,3.0799999237060547,19400
2016-03-03,3.069999933242798,3.2799999713897705,3.069999933242798,3.2799999713897705,3.2799999713897705,12300
2016-03-04,3.2899999618530273,3.309999942779541,3.0,3.1600000858306885,3.1600000858306885,9900
2016-03-07,3.0299999713897705,3.180000066757202,3.0299999713897705,3.180000066757202,3.180000066757202,15700
2016-03-08,3.180000066757202,3.190000057220459,2.890000104904175,3.0199999809265137,3.0199999809265137,10000
2016-03-09,2.75,2.950000047683716,2.75,2.950000047683716,2.950000047683716,2800
2016-03-10,2.940000057220459,2.940000057220459,2.940000057220459,2.940000057220459,2.940000057220459,100
2016-03-11,2.940000057220459,2.950000047683716,2.869999885559082,2.950000047683716,2.950000047683716,3300
2016-03-14,2.9800000190734863,2.9800000190734863,2.880000114440918,2.880000114440918,2.880000114440918,3600
2016-03-15,2.990000009536743,2.990000009536743,2.8499999046325684,2.9800000190734863,2.9800000190734863,1500
2016-03-16,2.9200000762939453,3.0,2.9200000762939453,2.940000057220459,2.940000057220459,6300
2016-03-17,3.049999952316284,3.049999952316284,2.759999990463257,2.940000057220459,2.940000057220459,5100
2016-03-18,2.950000047683716,2.950000047683716,2.8499999046325684,2.8499999046325684,2.8499999046325684,1000
2016-03-21,2.8399999141693115,2.9600000381469727,2.7699999809265137,2.8299999237060547,2.8299999237060547,2000
2016-03-22,2.8299999237060547,2.8299999237060547,2.8299999237060547,2.8299999237060547,2.8299999237060547,0
2016-03-23,2.75,2.990000009536743,2.440000057220459,2.990000009536743,2.990000009536743,14100
2016-03-24,2.9000000953674316,2.9800000190734863,2.9000000953674316,2.950000047683716,2.950000047683716,6800
2016-03-28,2.930000066757202,3.0299999713897705,2.9200000762939453,3.0,3.0,4200
2016-03-29,3.0,3.049999952316284,2.9200000762939453,2.9200000762939453,2.9200000762939453,800
2016-03-30,3.0199999809265137,3.0199999809265137,2.930000066757202,2.930000066757202,2.930000066757202,3700
2016-03-31,2.950000047683716,3.0199999809265137,2.950000047683716,3.009999990463257,3.009999990463257,2200
2016-04-01,2.950000047683716,2.990000009536743,2.9200000762939453,2.950000047683716,2.950000047683716,2400
2016-04-04,2.940000057220459,2.9600000381469727,2.75,2.75,2.75,8700
2016-04-05,2.880000114440918,2.880000114440918,2.8399999141693115,2.8399999141693115,2.8399999141693115,500
2016-04-06,2.8399999141693115,2.8399999141693115,2.8399999141693115,2.8399999141693115,2.8399999141693115,0
2016-04-07,2.799999952316284,2.8499999046325684,2.799999952316284,2.819999933242798,2.819999933242798,2300
2016-04-08,2.799999952316284,2.809999942779541,2.509999990463257,2.7100000381469727,2.7100000381469727,6500
2016-04-11,2.7100000381469727,2.7100000381469727,2.5199999809265137,2.619999885559082,2.619999885559082,2400
2016-04-12,2.619999885559082,2.619999885559082,2.619999885559082,2.619999885559082,2.619999885559082,0
2016-04-13,2.740000009536743,2.740000009536743,2.5999999046325684,2.609999895095825,2.609999895095825,8300
2016-04-14,2.630000114440918,2.809999942779541,2.630000114440918,2.809999942779541,2.809999942779541,600
2016-04-15,2.9000000953674316,2.9000000953674316,2.740000009536743,2.740000009536743,2.740000009536743,400
2016-04-18,2.8299999237060547,2.9200000762939453,2.690000057220459,2.869999885559082,2.869999885559082,2300
2016-04-19,2.9100000858306885,2.950000047683716,2.5,2.890000104904175,2.890000104904175,32400
2016-04-20,2.890000104904175,2.990000009536743,2.880000114440918,2.940000057220459,2.940000057220459,14400
2016-04-21,2.940000057220459,2.950000047683716,2.7100000381469727,2.9100000858306885,2.9100000858306885,17200
2016-04-22,2.9200000762939453,2.940000057220459,2.7899999618530273,2.9000000953674316,2.9000000953674316,8900
2016-04-25,2.8299999237060547,2.8299999237060547,2.6700000762939453,2.819999933242798,2.819999933242798,2900
2016-04-26,2.7200000286102295,2.7899999618530273,2.7100000381469727,2.7100000381469727,2.7100000381469727,3300
2016-04-27,2.7799999713897705,2.8499999046325684,2.7300000190734863,2.7300000190734863,2.7300000190734863,1800
2016-04-28,2.630000114440918,2.9000000953674316,2.630000114440918,2.7799999713897705,2.7799999713897705,7400
2016-04-29,2.8299999237060547,2.8299999237060547,2.819999933242798,2.819999933242798,2.819999933242798,300
2016-05-02,2.7899999618530273,2.8499999046325684,2.7899999618530273,2.809999942779541,2.809999942779541,2200
2016-05-03,2.759999990463257,2.819999933242798,2.690000057220459,2.7200000286102295,2.7200000286102295,1600
2016-05-04,2.8399999141693115,2.8399999141693115,2.8299999237060547,2.8299999237060547,2.8299999237060547,600
2016-05-05,2.740000009536743,2.9000000953674316,2.549999952316284,2.8499999046325684,2.8499999046325684,35300
2016-05-06,2.7899999618530273,2.890000104904175,2.7699999809265137,2.890000104904175,2.890000104904175,3600
2016-05-09,2.9000000953674316,2.930000066757202,2.859999895095825,2.890000104904175,2.890000104904175,8500
2016-05-10,2.819999933242798,2.930000066757202,2.809999942779541,2.930000066757202,2.930000066757202,4800
2016-05-11,2.940000057220459,3.0299999713897705,2.940000057220459,3.0199999809265137,3.0199999809265137,4800
2016-05-12,2.9800000190734863,3.2899999618530273,2.9800000190734863,3.190000057220459,3.190000057220459,4700
2016-05-13,3.109999895095825,3.1500000953674316,3.059999942779541,3.059999942779541,3.059999942779541,2700
2016-05-16,3.130000114440918,3.200000047683716,3.059999942779541,3.200000047683716,3.200000047683716,4600
2016-05-17,3.049999952316284,3.1600000858306885,3.049999952316284,3.119999885559082,3.119999885559082,15900
2016-05-18,3.1500000953674316,3.190000057220459,3.059999942779541,3.190000057220459,3.190000057220459,3300
2016-05-19,3.049999952316284,3.109999895095825,3.049999952316284,3.059999942779541,3.059999942779541,1700
2016-05-20,3.200000047683716,3.200000047683716,3.0799999237060547,3.0899999141693115,3.0899999141693115,1000
2016-05-23,3.130000114440918,3.130000114440918,3.059999942779541,3.059999942779541,3.059999942779541,1700
2016-05-24,3.0999999046325684,3.0999999046325684,3.0799999237060547,3.0799999237060547,3.0799999237060547,2200
2016-05-25,3.0999999046325684,3.190000057220459,3.0999999046325684,3.1600000858306885,3.1600000858306885,1500
2016-05-26,3.1600000858306885,3.1600000858306885,3.130000114440918,3.140000104904175,3.140000104904175,6600
2016-05-27,3.069999933242798,3.1700000762939453,3.069999933242798,3.1700000762939453,3.1700000762939453,400
2016-05-31,3.1500000953674316,3.4000000953674316,3.109999895095825,3.240000009536743,3.240000009536743,54100
2016-06-01,3.2899999618530273,3.3299999237060547,3.240000009536743,3.2799999713897705,3.2799999713897705,13800
2016-06-02,3.299999952316284,3.450000047683716,3.2100000381469727,3.240000009536743,3.240000009536743,37100
2016-06-03,3.2699999809265137,3.2699999809265137,3.2100000381469727,3.259999990463257,3.259999990463257,9600
2016-06-06,3.2799999713897705,3.3399999141693115,3.2300000190734863,3.3399999141693115,3.3399999141693115,9500
2016-06-07,3.3499999046325684,3.3499999046325684,3.2699999809265137,3.3399999141693115,3.3399999141693115,3100
2016-06-08,3.3499999046325684,3.5999999046325684,3.2200000286102295,3.299999952316284,3.299999952316284,4800
2016-06-09,3.3499999046325684,3.380000114440918,3.2799999713897705,3.3299999237060547,3.3299999237060547,8500
2016-06-10,3.359999895095825,3.359999895095825,3.2899999618530273,3.319999933242798,3.319999933242798,500
2016-06-13,3.309999942779541,3.309999942779541,3.25,3.309999942779541,3.309999942779541,1700
2016-06-14,3.259999990463257,3.299999952316284,3.259999990463257,3.299999952316284,3.299999952316284,3300
2016-06-15,3.319999933242798,3.390000104904175,3.259999990463257,3.3299999237060547,3.3299999237060547,16900
2016-06-16,3.700000047683716,3.700000047683716,3.2200000286102295,3.359999895095825,3.359999895095825,13600
2016-06-17,3.2699999809265137,3.369999885559082,3.2100000381469727,3.3399999141693115,3.3399999141693115,5600
2016-06-20,3.299999952316284,3.369999885559082,3.299999952316284,3.369999885559082,3.369999885559082,700
2016-06-21,3.3399999141693115,3.3499999046325684,3.319999933242798,3.3299999237060547,3.3299999237060547,2500
2016-06-22,3.3499999046325684,3.3499999046325684,3.259999990463257,3.259999990463257,3.259999990463257,5900
2016-06-23,3.3299999237060547,3.4200000762939453,3.3299999237060547,3.3399999141693115,3.3399999141693115,6900
2016-06-24,3.25,3.259999990463257,3.1600000858306885,3.1600000858306885,3.1600000858306885,12600
2016-06-27,3.109999895095825,3.319999933242798,3.109999895095825,3.1700000762939453,3.1700000762939453,4900
2016-06-28,3.140000104904175,3.2300000190734863,3.009999990463257,3.009999990463257,3.009999990463257,3200
2016-06-29,3.2899999618530273,3.299999952316284,3.0299999713897705,3.0399999618530273,3.0399999618530273,4500
2016-06-30,3.299999952316284,3.4100000858306885,3.140000104904175,3.140000104904175,3.140000104904175,12900
2016-07-01,3.3399999141693115,3.4000000953674316,3.180000066757202,3.180000066757202,3.180000066757202,5900
2016-07-05,3.140000104904175,3.390000104904175,3.069999933242798,3.069999933242798,3.069999933242798,6300
2016-07-06,3.2300000190734863,3.5,3.0899999141693115,3.200000047683716,3.200000047683716,8800
2016-07-07,3.069999933242798,3.200000047683716,3.069999933242798,3.200000047683716,3.200000047683716,1800
2016-07-08,3.200000047683716,3.200000047683716,3.1600000858306885,3.200000047683716,3.200000047683716,1000
2016-07-11,3.109999895095825,3.190000057220459,3.0,3.190000057220459,3.190000057220459,4300
2016-07-12,3.200000047683716,3.4800000190734863,3.1700000762939453,3.440000057220459,3.440000057220459,8200
2016-07-13,3.490000009536743,3.5,3.4700000286102295,3.4700000286102295,3.4700000286102295,12400
2016-07-14,3.490000009536743,3.5,3.180000066757202,3.369999885559082,3.369999885559082,19700
2016-07-15,3.369999885559082,3.369999885559082,3.369999885559082,3.369999885559082,3.369999885559082,0
2016-07-18,3.259999990463257,3.259999990463257,3.259999990463257,3.259999990463257,3.259999990463257,300
2016-07-19,3.390000104904175,3.4100000858306885,3.390000104904175,3.4100000858306885,3.4100000858306885,400
2016-07-20,3.4800000190734863,3.4800000190734863,3.390000104904175,3.4800000190734863,3.4800000190734863,2300
2016-07-21,3.430000066757202,3.450000047683716,3.359999895095825,3.4000000953674316,3.4000000953674316,22400
2016-07-22,3.5,3.5,3.450000047683716,3.450000047683716,3.450000047683716,2500
2016-07-25,3.319999933242798,3.4200000762939453,3.309999942779541,3.4200000762939453,3.4200000762939453,2900
2016-07-26,3.380000114440918,3.390000104904175,3.369999885559082,3.390000104904175,3.390000104904175,700
2016-07-27,3.450000047683716,3.450000047683716,3.450000047683716,3.450000047683716,3.450000047683716,200
2016-07-28,3.390000104904175,3.390000104904175,2.9800000190734863,3.2699999809265137,3.2699999809265137,7700
2016-07-29,3.1600000858306885,3.2100000381469727,3.0899999141693115,3.180000066757202,3.180000066757202,5500
2016-08-01,3.140000104904175,3.180000066757202,3.0899999141693115,3.180000066757202,3.180000066757202,5900
2016-08-02,3.180000066757202,3.180000066757202,3.140000104904175,3.140000104904175,3.140000104904175,700
2016-08-03,3.0,3.140000104904175,3.0,3.0999999046325684,3.0999999046325684,2600
2016-08-04,3.0399999618530273,3.200000047683716,2.990000009536743,3.200000047683716,3.200000047683716,11300
2016-08-05,3.1700000762939453,3.190000057220459,3.1700000762939453,3.180000066757202,3.180000066757202,900
2016-08-08,3.1700000762939453,3.1700000762939453,3.0999999046325684,3.0999999046325684,3.0999999046325684,2700
2016-08-09,3.119999885559082,3.190000057220459,3.049999952316284,3.190000057220459,3.190000057220459,4300
2016-08-10,3.119999885559082,3.299999952316284,3.119999885559082,3.299999952316284,3.299999952316284,5300
2016-08-11,3.259999990463257,3.2799999713897705,3.259999990463257,3.259999990463257,3.259999990463257,1500
2016-08-12,3.2699999809265137,3.2699999809265137,3.2300000190734863,3.2300000190734863,3.2300000190734863,900
2016-08-15,3.25,3.3399999141693115,3.25,3.259999990463257,3.259999990463257,18800
2016-08-16,3.2799999713897705,3.359999895095825,3.2300000190734863,3.2300000190734863,3.2300000190734863,7000
2016-08-17,3.2899999618530273,3.2899999618530273,3.190000057220459,3.190000057220459,3.190000057220459,4200
2016-08-18,3.190000057220459,3.190000057220459,3.190000057220459,3.190000057220459,3.190000057220459,0
2016-08-19,3.180000066757202,3.2799999713897705,3.1500000953674316,3.1500000953674316,3.1500000953674316,1300
2016-08-22,3.2300000190734863,3.2799999713897705,3.0299999713897705,3.2799999713897705,3.2799999713897705,4500
2016-08-23,3.2799999713897705,3.2799999713897705,3.130000114440918,3.130000114440918,3.130000114440918,3700
2016-08-24,3.109999895095825,3.2200000286102295,3.0299999713897705,3.0299999713897705,3.0299999713897705,211800
2016-08-25,3.4200000762939453,3.5399999618530273,3.1600000858306885,3.5,3.5,55300
2016-08-26,3.4700000286102295,3.950000047683716,3.4000000953674316,3.9000000953674316,3.9000000953674316,29200
2016-08-29,3.8499999046325684,4.489999771118164,3.8499999046325684,4.389999866485596,4.389999866485596,40300
2016-08-30,4.300000190734863,4.329999923706055,4.150000095367432,4.210000038146973,4.210000038146973,19600
2016-08-31,4.130000114440918,4.179999828338623,3.9000000953674316,4.059999942779541,4.059999942779541,27100
2016-09-01,3.9000000953674316,4.0,3.8499999046325684,3.859999895095825,3.859999895095825,24400
2016-09-02,4.130000114440918,4.199999809265137,3.950000047683716,4.190000057220459,4.190000057220459,8600
2016-09-06,4.070000171661377,4.070000171661377,3.799999952316284,3.8299999237060547,3.8299999237060547,7600
2016-09-07,3.8299999237060547,3.8299999237060547,3.5399999618530273,3.549999952316284,3.549999952316284,15500
2016-09-08,3.5,3.569999933242798,3.5,3.509999990463257,3.509999990463257,7100
2016-09-09,3.450000047683716,3.619999885559082,3.359999895095825,3.4200000762939453,3.4200000762939453,6300
2016-09-12,3.5899999141693115,3.5899999141693115,3.359999895095825,3.4200000762939453,3.4200000762939453,1800
2016-09-13,3.380000114440918,3.549999952316284,3.049999952316284,3.049999952316284,3.049999952316284,19400
2016-09-14,3.109999895095825,3.1500000953674316,2.9000000953674316,3.1500000953674316,3.1500000953674316,20800
2016-09-15,3.0199999809265137,3.0199999809265137,2.9100000858306885,2.9100000858306885,2.9100000858306885,5500
2016-09-16,2.940000057220459,3.1500000953674316,2.8499999046325684,3.1500000953674316,3.1500000953674316,21200
2016-09-19,3.0799999237060547,3.0799999237060547,2.9100000858306885,2.9100000858306885,2.9100000858306885,10400
2016-09-20,2.950000047683716,3.1500000953674316,2.8499999046325684,2.8499999046325684,2.8499999046325684,13500
2016-09-21,2.859999895095825,3.009999990463257,2.859999895095825,3.009999990463257,3.009999990463257,300
2016-09-22,2.930000066757202,3.0999999046325684,2.859999895095825,2.950000047683716,2.950000047683716,22400
2016-09-23,3.0,3.059999942779541,3.0,3.0199999809265137,3.0199999809265137,13400
2016-09-26,2.9600000381469727,3.2200000286102295,2.890000104904175,3.2200000286102295,3.2200000286102295,28400
2016-09-27,3.259999990463257,3.259999990463257,3.0399999618530273,3.130000114440918,3.130000114440918,8800
2016-09-28,3.180000066757202,3.3499999046325684,3.059999942779541,3.1500000953674316,3.1500000953674316,39500
2016-09-29,3.240000009536743,3.3499999046325684,3.049999952316284,3.2699999809265137,3.2699999809265137,26200
2016-09-30,3.3499999046325684,3.940000057220459,3.3499999046325684,3.890000104904175,3.890000104904175,40900
2016-10-03,4.0,5.099999904632568,3.990000009536743,4.900000095367432,4.900000095367432,169500
2016-10-04,4.96999979019165,5.5,4.789999961853027,4.860000133514404,4.860000133514404,67400
2016-10-05,4.900000095367432,4.900000095367432,4.550000190734863,4.75,4.75,20900
2016-10-06,4.789999961853027,4.789999961853027,4.5,4.570000171661377,4.570000171661377,19300
2016-10-07,4.550000190734863,4.800000190734863,4.159999847412109,4.800000190734863,4.800000190734863,48700
2016-10-10,4.800000190734863,5.03000020980835,4.679999828338623,5.019999980926514,5.019999980926514,20100
2016-10-11,5.019999980926514,5.190000057220459,4.880000114440918,5.039999961853027,5.039999961853027,24300
2016-10-12,5.039999961853027,6.489999771118164,5.039999961853027,5.599999904632568,5.599999904632568,64400
2016-10-13,5.650000095367432,5.679999828338623,5.300000190734863,5.679999828338623,5.679999828338623,18200
2016-10-14,5.699999809265137,5.949999809265137,5.489999771118164,5.599999904632568,5.599999904632568,18600
2016-10-17,5.400000095367432,6.0,5.349999904632568,5.800000190734863,5.800000190734863,27600
2016-10-18,5.949999809265137,6.400000095367432,5.949999809265137,6.199999809265137,6.199999809265137,29400
2016-10-19,6.159999847412109,6.400000095367432,6.099999904632568,6.349999904632568,6.349999904632568,26500
2016-10-20,6.349999904632568,6.820000171661377,6.349999904632568,6.400000095367432,6.400000095367432,22400
2016-10-21,6.650000095367432,6.650000095367432,5.650000095367432,5.699999809265137,5.699999809265137,56700
2016-10-24,5.800000190734863,5.849999904632568,5.25,5.349999904632568,5.349999904632568,31200
2016-10-25,5.300000190734863,5.699999809265137,5.300000190734863,5.699999809265137,5.699999809265137,19300
2016-10-26,5.699999809265137,6.369999885559082,5.449999809265137,6.199999809265137,6.199999809265137,67900
2016-10-27,6.699999809265137,6.699999809265137,5.949999809265137,6.5,6.5,29300
2016-10-28,6.449999809265137,6.75,6.329999923706055,6.75,6.75,18800
2016-10-31,6.699999809265137,6.75,6.300000190734863,6.349999904632568,6.349999904632568,15500
2016-11-01,6.449999809265137,6.550000190734863,6.099999904632568,6.159999847412109,6.159999847412109,20900
2016-11-02,6.199999809265137,6.599999904632568,6.099999904632568,6.099999904632568,6.099999904632568,40500
2016-11-03,6.099999904632568,6.25,6.099999904632568,6.199999809265137,6.199999809265137,10100
2016-11-04,6.199999809265137,6.300000190734863,6.0,6.0,6.0,16200
2016-11-07,5.900000095367432,5.900000095367432,5.260000228881836,5.400000095367432,5.400000095367432,24800
2016-11-08,5.349999904632568,5.650000095367432,5.300000190734863,5.650000095367432,5.650000095367432,5600
2016-11-09,5.5,5.820000171661377,5.349999904632568,5.75,5.75,32400
2016-11-10,5.800000190734863,5.900000095367432,5.599999904632568,5.849999904632568,5.849999904632568,13500
2016-11-11,5.849999904632568,5.849999904632568,5.679999828338623,5.800000190734863,5.800000190734863,7000
2016-11-14,5.599999904632568,5.599999904632568,5.300000190734863,5.300000190734863,5.300000190734863,10200
2016-11-15,5.349999904632568,5.349999904632568,4.849999904632568,4.849999904632568,4.849999904632568,40400
2016-11-16,4.800000190734863,4.949999809265137,4.710000038146973,4.900000095367432,4.900000095367432,9400
2016-11-17,5.0,5.199999809265137,4.949999809265137,5.050000190734863,5.050000190734863,13400
2016-11-18,5.0,5.099999904632568,4.909999847412109,5.099999904632568,5.099999904632568,13300
2016-11-21,5.199999809265137,5.199999809265137,5.050000190734863,5.150000095367432,5.150000095367432,25100
2016-11-22,5.150000095367432,5.150000095367432,4.900000095367432,4.949999809265137,4.949999809265137,21200
2016-11-23,5.0,5.099999904632568,4.849999904632568,4.849999904632568,4.849999904632568,18500
2016-11-25,5.0,5.150000095367432,4.75,5.150000095367432,5.150000095367432,19800
2016-11-28,5.25,5.5,5.199999809265137,5.349999904632568,5.349999904632568,4400
2016-11-29,5.710000038146973,5.900000095367432,5.559999942779541,5.900000095367432,5.900000095367432,6100
2016-11-30,5.900000095367432,5.949999809265137,5.650000095367432,5.699999809265137,5.699999809265137,21200
2016-12-01,5.650000095367432,5.730000019073486,5.449999809265137,5.489999771118164,5.489999771118164,6500
2016-12-02,5.599999904632568,5.599999904632568,5.360000133514404,5.5,5.5,4100
2016-12-05,5.400000095367432,5.550000190734863,5.199999809265137,5.400000095367432,5.400000095367432,10700
2016-12-06,5.5,5.730000019073486,5.400000095367432,5.400000095367432,5.400000095367432,26400
2016-12-07,5.25,6.25,5.25,5.400000095367432,5.400000095367432,79100
2016-12-08,5.5,6.0,5.5,5.949999809265137,5.949999809265137,22100
2016-12-09,5.949999809265137,5.949999809265137,5.800000190734863,5.800000190734863,5.800000190734863,2200
2016-12-12,5.900000095367432,6.099999904632568,5.900000095367432,6.099999904632568,6.099999904632568,22300
2016-12-13,5.900000095367432,6.03000020980835,5.760000228881836,5.849999904632568,5.849999904632568,7600
2016-12-14,5.949999809265137,6.050000190734863,5.75,5.800000190734863,5.800000190734863,12800
2016-12-15,5.75,5.849999904632568,5.699999809265137,5.75,5.75,9900
2016-12-16,5.75,5.75,5.599999904632568,5.75,5.75,9700
2016-12-19,5.650000095367432,5.650000095367432,5.550000190734863,5.610000133514404,5.610000133514404,5300
2016-12-20,5.650000095367432,5.699999809265137,5.599999904632568,5.599999904632568,5.599999904632568,11200
2016-12-21,5.610000133514404,5.610000133514404,5.400000095367432,5.5,5.5,20800
2016-12-22,5.400000095367432,5.420000076293945,5.099999904632568,5.099999904632568,5.099999904632568,18200
2016-12-23,5.099999904632568,5.25,5.099999904632568,5.210000038146973,5.210000038146973,500
2016-12-27,5.199999809265137,5.400000095367432,5.199999809265137,5.400000095367432,5.400000095367432,5300
2016-12-28,5.449999809265137,5.449999809265137,5.199999809265137,5.300000190734863,5.300000190734863,3400
2016-12-29,5.25,5.349999904632568,5.199999809265137,5.25,5.25,5100
2016-12-30,5.25,5.400000095367432,4.349999904632568,5.400000095367432,5.400000095367432,31800
2017-01-03,5.5,5.5,5.25,5.300000190734863,5.300000190734863,3700
2017-01-04,5.099999904632568,5.349999904632568,4.650000095367432,5.25,5.25,10400
2017-01-05,5.320000171661377,5.349999904632568,5.25,5.349999904632568,5.349999904632568,2700
2017-01-06,5.340000152587891,5.349999904632568,5.300000190734863,5.349999904632568,5.349999904632568,4400
2017-01-09,5.25,5.300000190734863,5.25,5.300000190734863,5.300000190734863,1400
2017-01-10,5.349999904632568,5.349999904632568,5.25,5.25,5.25,3000
2017-01-11,5.349999904632568,5.349999904632568,5.210000038146973,5.25,5.25,14600
2017-01-12,5.25,5.25,5.199999809265137,5.25,5.25,2300
2017-01-13,5.320000171661377,5.320000171661377,5.320000171661377,5.320000171661377,5.320000171661377,300
2017-01-17,5.260000228881836,5.300000190734863,5.260000228881836,5.300000190734863,5.300000190734863,1200
2017-01-18,5.230000019073486,5.349999904632568,5.199999809265137,5.25,5.25,16900
2017-01-19,5.050000190734863,5.050000190734863,4.199999809265137,4.599999904632568,4.599999904632568,37100
2017-01-20,4.550000190734863,4.849999904632568,4.550000190734863,4.599999904632568,4.599999904632568,15500
2017-01-23,4.75,4.75,4.550000190734863,4.550000190734863,4.550000190734863,1400
2017-01-24,4.650000095367432,4.849999904632568,4.650000095367432,4.849999904632568,4.849999904632568,15000
2017-01-25,4.849999904632568,4.900000095367432,4.78000020980835,4.849999904632568,4.849999904632568,3600
2017-01-26,4.989999771118164,5.099999904632568,4.949999809265137,5.050000190734863,5.050000190734863,13100
2017-01-27,5.059999942779541,5.25,5.050000190734863,5.099999904632568,5.099999904632568,19500
2017-01-30,5.349999904632568,5.349999904632568,5.0,5.050000190734863,5.050000190734863,11900
2017-01-31,5.059999942779541,5.059999942779541,4.849999904632568,4.900000095367432,4.900000095367432,14400
2017-02-01,4.900000095367432,5.0,4.900000095367432,4.900000095367432,4.900000095367432,10200
2017-02-02,4.929999828338623,4.949999809265137,4.849999904632568,4.949999809265137,4.949999809265137,3600
2017-02-03,4.900000095367432,4.949999809265137,4.900000095367432,4.900000095367432,4.900000095367432,13200
2017-02-06,4.900000095367432,4.989999771118164,4.869999885559082,4.900000095367432,4.900000095367432,26500
2017-02-07,4.949999809265137,5.130000114440918,4.900000095367432,5.050000190734863,5.050000190734863,41200
2017-02-08,4.949999809265137,4.949999809265137,4.75,4.829999923706055,4.829999923706055,14200
2017-02-09,4.75,4.849999904632568,4.650000095367432,4.650000095367432,4.650000095367432,42300
2017-02-10,4.849999904632568,5.5,4.849999904632568,5.199999809265137,5.199999809265137,60000
2017-02-13,5.150000095367432,5.5,4.849999904632568,4.949999809265137,4.949999809265137,15900
2017-02-14,5.150000095367432,5.170000076293945,4.800000190734863,4.849999904632568,4.849999904632568,5900
2017-02-15,5.099999904632568,5.099999904632568,4.800000190734863,4.949999809265137,4.949999809265137,7300
2017-02-16,5.150000095367432,5.150000095367432,4.800000190734863,4.900000095367432,4.900000095367432,9000
2017-02-17,4.949999809265137,4.949999809265137,4.900000095367432,4.949999809265137,4.949999809265137,5400
2017-02-21,4.920000076293945,4.920000076293945,4.849999904632568,4.900000095367432,4.900000095367432,9100
2017-02-22,4.980000019073486,4.980000019073486,4.699999809265137,4.75,4.75,19100
2017-02-23,4.829999923706055,4.829999923706055,4.699999809265137,4.78000020980835,4.78000020980835,6900
2017-02-24,4.849999904632568,5.199999809265137,4.75,4.800000190734863,4.800000190734863,32200
2017-02-27,4.5,4.5,3.75,3.799999952316284,3.799999952316284,56700
2017-02-28,3.9000000953674316,4.099999904632568,3.9000000953674316,3.950000047683716,3.950000047683716,8400
2017-03-01,3.9000000953674316,3.9100000858306885,3.799999952316284,3.8499999046325684,3.8499999046325684,5200
2017-03-02,3.799999952316284,3.799999952316284,3.5999999046325684,3.6500000953674316,3.6500000953674316,22700
2017-03-03,3.5999999046325684,3.609999895095825,3.549999952316284,3.549999952316284,3.549999952316284,14300
2017-03-06,3.559999942779541,3.5799999237060547,3.549999952316284,3.549999952316284,3.549999952316284,5400
2017-03-07,3.5999999046325684,3.609999895095825,3.5,3.5999999046325684,3.5999999046325684,19100
2017-03-08,3.549999952316284,4.199999809265137,3.549999952316284,3.799999952316284,3.799999952316284,39700
2017-03-09,3.9000000953674316,4.150000095367432,3.5,3.549999952316284,3.549999952316284,26200
2017-03-10,3.549999952316284,3.5999999046325684,3.299999952316284,3.4000000953674316,3.4000000953674316,16400
2017-03-13,3.5,3.5,3.200000047683716,3.200000047683716,3.200000047683716,22000
2017-03-14,3.25,3.25,3.049999952316284,3.130000114440918,3.130000114440918,23300
2017-03-15,3.200000047683716,3.200000047683716,3.049999952316284,3.0999999046325684,3.0999999046325684,9500
2017-03-16,3.119999885559082,3.119999885559082,3.0999999046325684,3.0999999046325684,3.0999999046325684,1300
2017-03-17,3.049999952316284,3.200000047683716,3.049999952316284,3.0999999046325684,3.0999999046325684,7000
2017-03-20,3.049999952316284,3.049999952316284,2.950000047683716,3.049999952316284,3.049999952316284,11300
2017-03-21,3.0,3.0,2.950000047683716,3.0,3.0,24100
2017-03-22,2.950000047683716,2.9600000381469727,2.75,2.799999952316284,2.799999952316284,17700
2017-03-23,2.799999952316284,3.0,2.799999952316284,2.8499999046325684,2.8499999046325684,71700
2017-03-24,2.8499999046325684,2.8499999046325684,2.430000066757202,2.430000066757202,2.430000066757202,60300
2017-03-27,2.799999952316284,3.049999952316284,2.5999999046325684,3.009999990463257,3.009999990463257,51500
2017-03-28,3.1500000953674316,3.700000047683716,3.049999952316284,3.200000047683716,3.200000047683716,79700
2017-03-29,3.200000047683716,3.200000047683716,2.9100000858306885,3.0799999237060547,3.0799999237060547,32600
2017-03-30,3.0,3.0,2.759999990463257,2.9000000953674316,2.9000000953674316,33300
2017-03-31,2.9200000762939453,3.0,2.799999952316284,3.0,3.0,15600
2017-04-03,2.950000047683716,2.950000047683716,2.880000114440918,2.950000047683716,2.950000047683716,4800
2017-04-04,2.950000047683716,3.049999952316284,2.700000047683716,2.700000047683716,2.700000047683716,63100
2017-04-05,2.549999952316284,2.549999952316284,2.3499999046325684,2.380000114440918,2.380000114440918,119000
2017-04-06,2.4000000953674316,2.450000047683716,2.200000047683716,2.2300000190734863,2.2300000190734863,68800
2017-04-07,2.299999952316284,2.3499999046325684,2.0999999046325684,2.3299999237060547,2.3299999237060547,67100
2017-04-10,2.3499999046325684,2.450000047683716,2.2100000381469727,2.25,2.25,69400
2017-04-11,2.3499999046325684,2.3499999046325684,2.200000047683716,2.299999952316284,2.299999952316284,74300
2017-04-12,2.309999942779541,2.309999942779541,2.25,2.25,2.25,16500
2017-04-13,2.200000047683716,2.200000047683716,2.1500000953674316,2.1500000953674316,2.1500000953674316,15000
2017-04-17,2.200000047683716,2.25,2.049999952316284,2.049999952316284,2.049999952316284,13200
2017-04-18,2.0,2.0,1.899999976158142,1.899999976158142,1.899999976158142,55700
2017-04-19,1.9500000476837158,2.0,1.850000023841858,1.9500000476837158,1.9500000476837158,26700
2017-04-20,1.9900000095367432,2.0,1.9500000476837158,2.0,2.0,7400
2017-04-21,1.9500000476837158,2.069999933242798,1.9500000476837158,2.049999952316284,2.049999952316284,7500
2017-04-24,2.069999933242798,2.0999999046325684,2.009999990463257,2.0999999046325684,2.0999999046325684,7100
2017-04-25,2.0999999046325684,2.1500000953674316,2.049999952316284,2.049999952316284,2.049999952316284,7000
2017-04-26,2.0999999046325684,2.1500000953674316,2.049999952316284,2.049999952316284,2.049999952316284,5300
2017-04-27,2.049999952316284,2.200000047683716,2.049999952316284,2.0999999046325684,2.0999999046325684,8600
2017-04-28,2.049999952316284,2.0999999046325684,1.9500000476837158,1.9500000476837158,1.9500000476837158,25300
2017-05-01,2.0,2.049999952316284,1.850000023841858,1.850000023841858,1.850000023841858,34500
2017-05-02,1.899999976158142,1.899999976158142,1.7999999523162842,1.7999999523162842,1.7999999523162842,12400
2017-05-03,1.7999999523162842,1.7999999523162842,1.100000023841858,1.1299999952316284,1.1299999952316284,325100
2017-05-04,1.149999976158142,1.350000023841858,1.100000023841858,1.2000000476837158,1.2000000476837158,165300
2017-05-05,1.2000000476837158,1.25,1.100000023841858,1.100000023841858,1.100000023841858,51900
2017-05-08,1.1100000143051147,1.1100000143051147,1.0,1.100000023841858,1.100000023841858,40200
2017-05-09,1.100000023841858,1.190000057220459,1.100000023841858,1.149999976158142,1.149999976158142,11500
2017-05-10,1.149999976158142,1.7000000476837158,1.100000023841858,1.7000000476837158,1.7000000476837158,953200
2017-05-11,1.0499999523162842,1.149999976158142,1.0,1.1299999952316284,1.1299999952316284,1296500
2017-05-12,1.149999976158142,1.2000000476837158,1.100000023841858,1.149999976158142,1.149999976158142,398800
2017-05-15,1.100000023841858,1.149999976158142,1.0499999523162842,1.100000023841858,1.100000023841858,229000
2017-05-16,1.100000023841858,1.1299999952316284,1.0,1.100000023841858,1.100000023841858,222100
2017-05-17,1.100000023841858,1.100000023841858,0.949999988079071,1.0,1.0,188200
2017-05-18,1.0,1.0,0.949999988079071,1.0,1.0,70600
2017-05-19,1.0499999523162842,1.0499999523162842,0.949999988079071,1.0,1.0,49000
2017-05-22,1.0499999523162842,1.0499999523162842,0.949999988079071,1.0,1.0,39100
2017-05-23,1.0,1.0,0.8500000238418579,0.8999999761581421,0.8999999761581421,143100
2017-05-24,0.8999999761581421,0.949999988079071,0.8500000238418579,0.8899999856948853,0.8899999856948853,59900
2017-05-25,0.8999999761581421,0.9300000071525574,0.8500000238418579,0.8500000238418579,0.8500000238418579,78300
2017-05-26,0.8700000047683716,1.0,0.800000011920929,0.949999988079071,0.949999988079071,98300
2017-05-30,0.949999988079071,0.9900000095367432,0.8999999761581421,0.9200000166893005,0.9200000166893005,81600
2017-05-31,0.8999999761581421,0.8999999761581421,0.8299999833106995,0.8399999737739563,0.8399999737739563,65300
2017-06-01,0.8100000023841858,0.8999999761581421,0.8100000023841858,0.8299999833106995,0.8299999833106995,72300
2017-06-02,0.8600000143051147,0.8799999952316284,0.8299999833106995,0.8299999833106995,0.8299999833106995,79200
2017-06-05,0.8500000238418579,1.190000057220459,0.8500000238418579,1.1399999856948853,1.1399999856948853,1202400
2017-06-06,1.100000023841858,1.2999999523162842,0.949999988079071,0.949999988079071,0.949999988079071,946400
2017-06-07,1.0,1.0800000429153442,0.949999988079071,0.9700000286102295,0.9700000286102295,219500
2017-06-08,0.9700000286102295,0.9700000286102295,0.9200000166893005,0.9300000071525574,0.9300000071525574,106400
2017-06-09,0.9200000166893005,0.9599999785423279,0.8999999761581421,0.9100000262260437,0.9100000262260437,130700
2017-06-12,0.9399999976158142,0.9399999976158142,0.8700000047683716,0.8799999952316284,0.8799999952316284,53700
2017-06-13,0.8700000047683716,0.949999988079071,0.8500000238418579,0.9300000071525574,0.9300000071525574,91800
2017-06-14,0.9300000071525574,0.9800000190734863,0.8999999761581421,0.9300000071525574,0.9300000071525574,55600
2017-06-15,0.9300000071525574,0.949999988079071,0.9300000071525574,0.949999988079071,0.949999988079071,16600
2017-06-16,0.9300000071525574,0.949999988079071,0.8999999761581421,0.949999988079071,0.949999988079071,42400
2017-06-19,0.8600000143051147,0.8600000143051147,0.8600000143051147,0.8600000143051147,0.8600000143051147,62500
2017-06-20,0.8500000238418579,0.9200000166893005,0.8500000238418579,0.8799999952316284,0.8799999952316284,63400
2017-06-21,0.8799999952316284,0.8799999952316284,0.8299999833106995,0.8600000143051147,0.8600000143051147,80900
2017-06-22,0.8600000143051147,0.8600000143051147,0.7599999904632568,0.7799999713897705,0.7799999713897705,72800
2017-06-23,0.7900000214576721,0.8299999833106995,0.7099999785423279,0.7400000095367432,0.7400000095367432,145600
2017-06-26,0.8999999761581421,1.1399999856948853,0.8500000238418579,1.0399999618530273,1.0399999618530273,1640500
2017-06-27,1.0399999618530273,1.0499999523162842,0.8799999952316284,0.9599999785423279,0.9599999785423279,482600
2017-06-28,0.9900000095367432,1.2000000476837158,0.9700000286102295,1.149999976158142,1.149999976158142,1634100
2017-06-29,1.149999976158142,1.2599999904632568,1.0099999904632568,1.1299999952316284,1.1299999952316284,1827000
2017-06-30,1.090000033378601,1.2000000476837158,1.059999942779541,1.149999976158142,1.149999976158142,977900
2017-07-03,1.2699999809265137,1.3200000524520874,1.159999966621399,1.1699999570846558,1.1699999570846558,685600
2017-07-05,1.1699999570846558,1.1799999475479126,1.0199999809265137,1.0199999809265137,1.0199999809265137,588900
2017-07-06,1.059999942779541,1.090000033378601,0.9599999785423279,0.9599999785423279,0.9599999785423279,284300
2017-07-07,0.949999988079071,1.0,0.949999988079071,0.949999988079071,0.949999988079071,160700
2017-07-10,0.949999988079071,0.9700000286102295,0.8999999761581421,0.9100000262260437,0.9100000262260437,195700
2017-07-11,0.8999999761581421,0.8999999761581421,0.800000011920929,0.800000011920929,0.800000011920929,301200
2017-07-12,0.8199999928474426,0.8500000238418579,0.75,0.7699999809265137,0.7699999809265137,203800
2017-07-13,0.8700000047683716,0.949999988079071,0.8199999928474426,0.8299999833106995,0.8299999833106995,969000
2017-07-14,0.8700000047683716,0.8700000047683716,0.800000011920929,0.8600000143051147,0.8600000143051147,194000
2017-07-17,0.8399999737739563,0.8600000143051147,0.800000011920929,0.8199999928474426,0.8199999928474426,103600
2017-07-18,0.8500000238418579,0.8500000238418579,0.7599999904632568,0.8299999833106995,0.8299999833106995,345300
2017-07-19,0.8299999833106995,0.949999988079071,0.8199999928474426,0.8700000047683716,0.8700000047683716,280300
2017-07-20,0.949999988079071,0.9700000286102295,0.8799999952316284,0.8999999761581421,0.8999999761581421,228100
2017-07-21,0.9300000071525574,0.949999988079071,0.8399999737739563,0.8799999952316284,0.8799999952316284,85900
2017-07-24,0.8700000047683716,0.8700000047683716,0.8399999737739563,0.8600000143051147,0.8600000143051147,35800
2017-07-25,0.8799999952316284,0.8799999952316284,0.8299999833106995,0.8700000047683716,0.8700000047683716,38200
2017-07-26,0.8700000047683716,0.8700000047683716,0.8500000238418579,0.8500000238418579,0.8500000238418579,70000
2017-07-27,0.8700000047683716,0.8799999952316284,0.8399999737739563,0.8399999737739563,0.8399999737739563,44200
2017-07-28,0.8500000238418579,0.8500000238418579,0.8100000023841858,0.8100000023841858,0.8100000023841858,122500
2017-07-31,0.800000011920929,0.8299999833106995,0.7799999713897705,0.7900000214576721,0.7900000214576721,54000
2017-08-01,0.800000011920929,0.8299999833106995,0.75,0.75,0.75,168300
2017-08-02,0.7799999713897705,0.7799999713897705,0.699999988079071,0.75,0.75,104200
2017-08-03,0.75,0.8199999928474426,0.7400000095367432,0.800000011920929,0.800000011920929,86100
2017-08-04,0.7300000190734863,0.7799999713897705,0.7300000190734863,0.7699999809265137,0.7699999809265137,43700
2017-08-07,0.800000011920929,0.800000011920929,0.7599999904632568,0.7599999904632568,0.7599999904632568,37400
2017-08-08,0.7599999904632568,0.800000011920929,0.7599999904632568,0.7900000214576721,0.7900000214576721,36100
2017-08-09,0.7699999809265137,0.7699999809265137,0.699999988079071,0.7099999785423279,0.7099999785423279,62000
2017-08-10,0.75,0.75,0.6800000071525574,0.6800000071525574,0.6800000071525574,106300
2017-08-11,0.6800000071525574,0.699999988079071,0.6200000047683716,0.6899999976158142,0.6899999976158142,83000
2017-08-14,0.6600000262260437,0.7699999809265137,0.6499999761581421,0.7200000286102295,0.7200000286102295,61800
2017-08-15,0.800000011920929,0.800000011920929,0.6000000238418579,0.6000000238418579,0.6000000238418579,217200
2017-08-16,0.699999988079071,0.699999988079071,0.6299999952316284,0.6600000262260437,0.6600000262260437,113300
2017-08-17,0.6499999761581421,0.699999988079071,0.6299999952316284,0.6600000262260437,0.6600000262260437,38200
2017-08-18,0.6899999976158142,0.6899999976158142,0.6299999952316284,0.6299999952316284,0.6299999952316284,54300
2017-08-21,0.6299999952316284,0.6600000262260437,0.6100000143051147,0.6299999952316284,0.6299999952316284,44600
2017-08-22,0.6299999952316284,0.6700000166893005,0.6299999952316284,0.6700000166893005,0.6700000166893005,47700
2017-08-23,0.6600000262260437,0.7099999785423279,0.6600000262260437,0.6700000166893005,0.6700000166893005,59200
2017-08-24,0.699999988079071,0.7900000214576721,0.6899999976158142,0.75,0.75,196900
2017-08-25,0.75,0.75,0.7099999785423279,0.7300000190734863,0.7300000190734863,60900
2017-08-28,0.7099999785423279,0.75,0.6499999761581421,0.6499999761581421,0.6499999761581421,87200
2017-08-29,0.6499999761581421,0.7400000095367432,0.6499999761581421,0.6800000071525574,0.6800000071525574,28300
2017-08-30,0.6800000071525574,0.6899999976158142,0.6600000262260437,0.6899999976158142,0.6899999976158142,43000
2017-08-31,0.6899999976158142,0.7400000095367432,0.6499999761581421,0.6700000166893005,0.6700000166893005,48100
2017-09-01,0.6800000071525574,0.7200000286102295,0.6600000262260437,0.699999988079071,0.699999988079071,46800
2017-09-05,0.6700000166893005,0.7200000286102295,0.6700000166893005,0.6899999976158142,0.6899999976158142,66500
2017-09-06,0.6899999976158142,0.7300000190734863,0.6600000262260437,0.6700000166893005,0.6700000166893005,58800
2017-09-07,0.6600000262260437,0.699999988079071,0.6600000262260437,0.6700000166893005,0.6700000166893005,14200
2017-09-08,0.6800000071525574,0.6800000071525574,0.6600000262260437,0.6600000262260437,0.6600000262260437,24700
2017-09-11,0.6899999976158142,0.699999988079071,0.6499999761581421,0.6800000071525574,0.6800000071525574,60000
2017-09-12,0.6800000071525574,0.7099999785423279,0.6700000166893005,0.6700000166893005,0.6700000166893005,46000
2017-09-13,0.6700000166893005,0.6899999976158142,0.6499999761581421,0.6800000071525574,0.6800000071525574,26800
2017-09-14,0.6600000262260437,0.7900000214576721,0.6600000262260437,0.7300000190734863,0.7300000190734863,244800
2017-09-15,0.75,0.7599999904632568,0.6899999976158142,0.6899999976158142,0.6899999976158142,210000
2017-09-18,0.699999988079071,1.6100000143051147,0.699999988079071,1.2799999713897705,1.2799999713897705,22806800
2017-09-19,1.2699999809265137,1.940000057220459,1.2000000476837158,1.9199999570846558,1.9199999570846558,11542800
2017-09-20,1.8700000047683716,2.700000047683716,1.7599999904632568,1.9299999475479126,1.9299999475479126,14123900
2017-09-21,2.2300000190734863,2.3499999046325684,1.9199999570846558,2.049999952316284,2.049999952316284,8915600
2017-09-22,2.130000114440918,2.5,2.009999990463257,2.2699999809265137,2.2699999809265137,5881400
2017-09-25,2.390000104904175,4.300000190734863,2.200000047683716,3.8499999046325684,3.8499999046325684,14776800
2017-09-26,4.599999904632568,5.150000095367432,4.0,4.989999771118164,4.989999771118164,11582900
2017-09-27,4.989999771118164,5.25,4.150000095367432,4.349999904632568,4.349999904632568,6932500
2017-09-28,4.480000019073486,4.480000019073486,3.1600000858306885,3.5,3.5,5309100
2017-09-29,3.369999885559082,3.8499999046325684,2.559999942779541,2.630000114440918,2.630000114440918,6724200
2017-10-02,2.950000047683716,3.190000057220459,2.75,2.9000000953674316,2.9000000953674316,3576200
2017-10-03,3.0,3.0999999046325684,2.609999895095825,2.7799999713897705,2.7799999713897705,1944600
2017-10-04,2.5999999046325684,2.950000047683716,2.5199999809265137,2.8499999046325684,2.8499999046325684,1883700
2017-10-05,2.809999942779541,2.950000047683716,2.559999942779541,2.740000009536743,2.740000009536743,1070400
2017-10-06,2.740000009536743,3.059999942779541,2.700000047683716,2.7699999809265137,2.7699999809265137,1695100
2017-10-09,2.75,2.799999952316284,2.6500000953674316,2.7200000286102295,2.7200000286102295,468900
2017-10-10,2.690000057220459,2.950000047683716,2.680000066757202,2.809999942779541,2.809999942779541,676600
2017-10-11,2.7699999809265137,3.190000057220459,2.700000047683716,3.1500000953674316,3.1500000953674316,1370100
2017-10-12,3.1700000762939453,3.549999952316284,3.0199999809265137,3.4100000858306885,3.4100000858306885,3060600
2017-10-13,3.4000000953674316,3.450000047683716,3.0199999809265137,3.190000057220459,3.190000057220459,682100
2017-10-16,2.950000047683716,3.1500000953674316,2.8499999046325684,2.990000009536743,2.990000009536743,632900
2017-10-17,2.950000047683716,2.950000047683716,2.700000047683716,2.7100000381469727,2.7100000381469727,644700
2017-10-18,2.680000066757202,2.700000047683716,2.5899999141693115,2.6600000858306885,2.6600000858306885,343500
2017-10-19,2.609999895095825,2.640000104904175,2.5,2.5799999237060547,2.5799999237060547,339300
2017-10-20,2.549999952316284,2.5799999237060547,2.4200000762939453,2.440000057220459,2.440000057220459,253600
2017-10-23,2.440000057220459,2.5,2.25,2.299999952316284,2.299999952316284,433900
2017-10-24,2.259999990463257,2.4000000953674316,2.130000114440918,2.190000057220459,2.190000057220459,332700
2017-10-25,2.0999999046325684,2.180000066757202,1.8300000429153442,2.0299999713897705,2.0299999713897705,859900
2017-10-26,2.009999990463257,2.049999952316284,1.899999976158142,1.9199999570846558,1.9199999570846558,189200
2017-10-27,2.240000009536743,2.3399999141693115,1.940000057220459,1.9800000190734863,1.9800000190734863,1918400
2017-10-30,2.009999990463257,2.109999895095825,1.850000023841858,2.0799999237060547,2.0799999237060547,448300
2017-10-31,2.0799999237060547,2.180000066757202,1.9700000286102295,2.049999952316284,2.049999952316284,350000
2017-11-01,2.0299999713897705,2.0299999713897705,1.9299999475479126,1.9600000381469727,1.9600000381469727,218000
2017-11-02,1.9500000476837158,2.0999999046325684,1.899999976158142,2.0899999141693115,2.0899999141693115,341800
2017-11-03,2.059999942779541,2.490000009536743,2.0199999809265137,2.299999952316284,2.299999952316284,2498000
2017-11-06,2.369999885559082,2.680000066757202,2.180000066757202,2.4800000190734863,2.4800000190734863,1352100
2017-11-07,2.4800000190734863,2.890000104904175,2.4800000190734863,2.819999933242798,2.819999933242798,2436600
2017-11-08,2.9000000953674316,3.1500000953674316,2.259999990463257,2.3499999046325684,2.3499999046325684,2471300
2017-11-09,2.3299999237060547,2.4800000190734863,2.180000066757202,2.2699999809265137,2.2699999809265137,475000
2017-11-10,2.200000047683716,2.440000057220459,2.200000047683716,2.4100000858306885,2.4100000858306885,293400
2017-11-13,2.4700000286102295,2.549999952316284,2.3299999237060547,2.5299999713897705,2.5299999713897705,323900
2017-11-14,3.200000047683716,3.2699999809265137,2.5399999618530273,2.630000114440918,2.630000114440918,3779500
2017-11-15,2.4700000286102295,2.6500000953674316,2.369999885559082,2.609999895095825,2.609999895095825,387200
2017-11-16,2.5999999046325684,2.8299999237060547,2.450000047683716,2.8299999237060547,2.8299999237060547,387900
2017-11-17,2.8399999141693115,3.0999999046325684,2.75,2.9100000858306885,2.9100000858306885,589800
2017-11-20,2.930000066757202,3.2100000381469727,2.8499999046325684,3.1600000858306885,3.1600000858306885,1013500
2017-11-21,3.0999999046325684,3.5,2.799999952316284,3.0399999618530273,3.0399999618530273,1353400
2017-11-22,3.0,3.049999952316284,2.6500000953674316,2.9800000190734863,2.9800000190734863,425200
2017-11-24,2.9200000762939453,3.0399999618530273,2.819999933242798,2.859999895095825,2.859999895095825,136000
2017-11-27,2.8299999237060547,2.8399999141693115,2.6500000953674316,2.680000066757202,2.680000066757202,291800
2017-11-28,2.859999895095825,2.990000009536743,2.700000047683716,2.75,2.75,320100
2017-11-29,2.7100000381469727,2.7699999809265137,2.5299999713897705,2.5999999046325684,2.5999999046325684,174200
2017-11-30,2.5999999046325684,2.6500000953674316,2.5,2.5,2.5,183500
2017-12-01,2.509999990463257,2.5399999618530273,2.359999895095825,2.450000047683716,2.450000047683716,154200
2017-12-04,2.450000047683716,2.630000114440918,2.4200000762939453,2.4200000762939453,2.4200000762939453,156000
2017-12-05,2.490000009536743,2.609999895095825,2.4100000858306885,2.5799999237060547,2.5799999237060547,174300
2017-12-06,2.6500000953674316,2.6500000953674316,2.4600000381469727,2.509999990463257,2.509999990463257,189500
2017-12-07,2.5999999046325684,2.6600000858306885,2.450000047683716,2.5899999141693115,2.5899999141693115,180500
2017-12-08,2.680000066757202,2.7300000190734863,2.509999990463257,2.7300000190734863,2.7300000190734863,100600
2017-12-11,2.7300000190734863,2.8499999046325684,2.6500000953674316,2.7699999809265137,2.7699999809265137,192900
2017-12-12,2.819999933242798,2.9100000858306885,2.6600000858306885,2.690000057220459,2.690000057220459,261100
2017-12-13,2.6600000858306885,2.700000047683716,2.549999952316284,2.5899999141693115,2.5899999141693115,96700
2017-12-14,2.75,2.75,2.5199999809265137,2.5399999618530273,2.5399999618530273,104600
2017-12-15,2.5799999237060547,2.809999942779541,2.509999990463257,2.690000057220459,2.690000057220459,213400
2017-12-18,2.7100000381469727,2.799999952316284,2.5999999046325684,2.6600000858306885,2.6600000858306885,101500
2017-12-19,2.6600000858306885,2.740000009536743,2.619999885559082,2.630000114440918,2.630000114440918,124200
2017-12-20,2.630000114440918,2.700000047683716,2.509999990463257,2.5299999713897705,2.5299999713897705,111600
2017-12-21,2.549999952316284,2.630000114440918,2.490000009536743,2.549999952316284,2.549999952316284,151400
2017-12-22,2.549999952316284,2.619999885559082,2.549999952316284,2.559999942779541,2.559999942779541,80700
2017-12-26,2.5899999141693115,2.5999999046325684,2.4800000190734863,2.509999990463257,2.509999990463257,90600
2017-12-27,2.509999990463257,2.5799999237060547,2.4800000190734863,2.5299999713897705,2.5299999713897705,56700
2017-12-28,2.509999990463257,2.5399999618530273,2.4000000953674316,2.450000047683716,2.450000047683716,117400
2017-12-29,2.4000000953674316,2.440000057220459,2.2699999809265137,2.359999895095825,2.359999895095825,202100
2018-01-02,2.369999885559082,2.4100000858306885,2.2799999713897705,2.3399999141693115,2.3399999141693115,95900
2018-01-03,2.3399999141693115,2.4700000286102295,2.319999933242798,2.4100000858306885,2.4100000858306885,94700
2018-01-04,2.4000000953674316,2.450000047683716,2.359999895095825,2.4000000953674316,2.4000000953674316,87900
2018-01-05,2.4600000381469727,2.690000057220459,2.450000047683716,2.6700000762939453,2.6700000762939453,384100
2018-01-08,2.809999942779541,3.240000009536743,2.809999942779541,2.990000009536743,2.990000009536743,755900
2018-01-09,3.25,4.090000152587891,3.2200000286102295,3.5399999618530273,3.5399999618530273,6349900
2018-01-10,3.4800000190734863,3.740000009536743,3.2699999809265137,3.640000104904175,3.640000104904175,1353800
2018-01-11,3.680000066757202,3.75,3.4000000953674316,3.640000104904175,3.640000104904175,984700
2018-01-12,3.680000066757202,4.300000190734863,3.5299999713897705,4.050000190734863,4.050000190734863,2239400
2018-01-16,4.550000190734863,4.840000152587891,4.199999809265137,4.409999847412109,4.409999847412109,2385600
2018-01-17,4.5,4.550000190734863,4.25,4.489999771118164,4.489999771118164,1124100
2018-01-18,4.449999809265137,4.590000152587891,4.300000190734863,4.5,4.5,514700
2018-01-19,4.519999980926514,4.519999980926514,4.170000076293945,4.25,4.25,1108400
2018-01-22,4.380000114440918,4.71999979019165,4.25,4.650000095367432,4.650000095367432,1398400
2018-01-23,4.650000095367432,4.650000095367432,4.309999942779541,4.519999980926514,4.519999980926514,653300
2018-01-24,4.519999980926514,5.659999847412109,4.380000114440918,5.519999980926514,5.519999980926514,1948800
2018-01-25,5.53000020980835,6.429999828338623,5.519999980926514,6.099999904632568,6.099999904632568,6383800
2018-01-26,6.349999904632568,6.400000095367432,5.829999923706055,6.050000190734863,6.050000190734863,2436600
2018-01-29,5.659999847412109,5.699999809265137,4.050000190734863,4.139999866485596,4.139999866485596,4046200
2018-01-30,3.890000104904175,4.590000152587891,3.809999942779541,4.050000190734863,4.050000190734863,1629200
2018-01-31,4.050000190734863,4.050000190734863,3.5,3.7300000190734863,3.7300000190734863,1088500
2018-02-01,3.5999999046325684,3.8399999141693115,3.390000104904175,3.6700000762939453,3.6700000762939453,701400
2018-02-02,3.5999999046325684,3.819999933242798,3.180000066757202,3.180000066757202,3.180000066757202,594000
2018-02-05,3.0799999237060547,3.3499999046325684,2.8499999046325684,3.059999942779541,3.059999942779541,444100
2018-02-06,2.940000057220459,3.319999933242798,2.9100000858306885,3.190000057220459,3.190000057220459,266400
2018-02-07,3.130000114440918,3.180000066757202,2.9700000286102295,2.9800000190734863,2.9800000190734863,376200
2018-02-08,2.9700000286102295,2.9800000190734863,2.680000066757202,2.9000000953674316,2.9000000953674316,552600
2018-02-09,2.9000000953674316,3.180000066757202,2.7200000286102295,2.890000104904175,2.890000104904175,521900
2018-02-12,2.940000057220459,3.0399999618530273,2.75,2.8399999141693115,2.8399999141693115,270200
2018-02-13,2.7899999618530273,3.299999952316284,2.619999885559082,3.2799999713897705,3.2799999713897705,1093500
2018-02-14,3.200000047683716,3.9200000762939453,3.0999999046325684,3.5999999046325684,3.5999999046325684,2146900
2018-02-15,3.5999999046325684,3.7300000190734863,3.259999990463257,3.4200000762939453,3.4200000762939453,519800
2018-02-16,3.380000114440918,3.4800000190734863,3.0799999237060547,3.1600000858306885,3.1600000858306885,286300
2018-02-20,3.1600000858306885,3.299999952316284,2.950000047683716,3.009999990463257,3.009999990463257,315400
2018-02-21,3.0,3.450000047683716,3.0,3.200000047683716,3.200000047683716,387200
2018-02-22,3.2300000190734863,3.369999885559082,3.1500000953674316,3.3299999237060547,3.3299999237060547,251500
2018-02-23,3.3499999046325684,3.4700000286102295,3.2200000286102295,3.359999895095825,3.359999895095825,198200
2018-02-26,3.5,3.5,3.299999952316284,3.3499999046325684,3.3499999046325684,137200
2018-02-27,3.3499999046325684,3.450000047683716,3.25,3.3499999046325684,3.3499999046325684,145600
2018-02-28,3.3499999046325684,3.440000057220459,3.259999990463257,3.2899999618530273,3.2899999618530273,130100
2018-03-01,3.299999952316284,3.309999942779541,3.0999999046325684,3.1500000953674316,3.1500000953674316,239900
2018-03-02,3.0999999046325684,3.4000000953674316,3.0999999046325684,3.259999990463257,3.259999990463257,224100
2018-03-05,3.509999990463257,3.890000104904175,3.440000057220459,3.8399999141693115,3.8399999141693115,876400
2018-03-06,3.8499999046325684,4.679999828338623,3.640000104904175,4.210000038146973,4.210000038146973,1289600
2018-03-07,4.260000228881836,4.590000152587891,4.019999980926514,4.380000114440918,4.380000114440918,628000
2018-03-08,4.389999866485596,4.460000038146973,4.159999847412109,4.420000076293945,4.420000076293945,268000
2018-03-09,4.5,4.599999904632568,4.349999904632568,4.579999923706055,4.579999923706055,304900
2018-03-12,4.599999904632568,5.139999866485596,4.599999904632568,5.039999961853027,5.039999961853027,570200
2018-03-13,5.050000190734863,5.489999771118164,4.949999809265137,5.21999979019165,5.21999979019165,756700
2018-03-14,5.199999809265137,5.230000019073486,4.519999980926514,4.78000020980835,4.78000020980835,588700
2018-03-15,4.75,5.150000095367432,4.519999980926514,5.050000190734863,5.050000190734863,355300
2018-03-16,5.099999904632568,5.239999771118164,4.949999809265137,4.949999809265137,4.949999809265137,441200
2018-03-19,4.96999979019165,4.96999979019165,4.420000076293945,4.480000019073486,4.480000019073486,517400
2018-03-20,4.449999809265137,4.639999866485596,4.0,4.139999866485596,4.139999866485596,328900
2018-03-21,4.119999885559082,4.570000171661377,4.119999885559082,4.46999979019165,4.46999979019165,317000
2018-03-22,4.289999961853027,4.670000076293945,4.199999809265137,4.25,4.25,433600
2018-03-23,4.230000019073486,4.449999809265137,4.050000190734863,4.150000095367432,4.150000095367432,256900
2018-03-26,4.449999809265137,4.599999904632568,4.050000190734863,4.260000228881836,4.260000228881836,307000
2018-03-27,4.300000190734863,4.349999904632568,3.3499999046325684,3.3499999046325684,3.3499999046325684,1106500
2018-03-28,3.450000047683716,3.9100000858306885,3.450000047683716,3.7899999618530273,3.7899999618530273,411900
2018-03-29,3.799999952316284,3.990000009536743,3.609999895095825,3.8399999141693115,3.8399999141693115,397000
2018-04-02,4.179999828338623,4.190000057220459,3.809999942779541,3.9600000381469727,3.9600000381469727,241100
2018-04-03,4.0,4.849999904632568,3.9100000858306885,4.400000095367432,4.400000095367432,783600
2018-04-04,4.289999961853027,4.659999847412109,4.099999904632568,4.539999961853027,4.539999961853027,367600
2018-04-05,4.590000152587891,4.78000020980835,4.590000152587891,4.690000057220459,4.690000057220459,213200
2018-04-06,4.610000133514404,4.690000057220459,4.320000171661377,4.539999961853027,4.539999961853027,182300
2018-04-09,4.570000171661377,4.730000019073486,4.409999847412109,4.570000171661377,4.570000171661377,158200
2018-04-10,4.610000133514404,4.650000095367432,4.5,4.579999923706055,4.579999923706055,168500
2018-04-11,4.510000228881836,4.559999942779541,4.300000190734863,4.429999828338623,4.429999828338623,203400
2018-04-12,4.449999809265137,4.639999866485596,4.300000190734863,4.590000152587891,4.590000152587891,174700
2018-04-13,4.599999904632568,4.679999828338623,4.5,4.599999904632568,4.599999904632568,96800
2018-04-16,4.590000152587891,4.590000152587891,4.269999980926514,4.340000152587891,4.340000152587891,125400
2018-04-17,4.349999904632568,4.420000076293945,3.990000009536743,4.039999961853027,4.039999961853027,257400
2018-04-18,4.150000095367432,4.380000114440918,4.099999904632568,4.199999809265137,4.199999809265137,156700
2018-04-19,4.099999904632568,4.300000190734863,4.039999961853027,4.099999904632568,4.099999904632568,124900
2018-04-20,4.099999904632568,4.119999885559082,3.950000047683716,4.03000020980835,4.03000020980835,98200
2018-04-23,4.110000133514404,4.110000133514404,3.940000057220459,3.9800000190734863,3.9800000190734863,104200
2018-04-24,4.0,4.010000228881836,3.7699999809265137,3.869999885559082,3.869999885559082,192400
2018-04-25,3.859999895095825,3.9200000762939453,3.5799999237060547,3.6700000762939453,3.6700000762939453,206800
2018-04-26,3.700000047683716,3.869999885559082,3.4600000381469727,3.799999952316284,3.799999952316284,182700
2018-04-27,3.809999942779541,3.8499999046325684,3.7100000381469727,3.8299999237060547,3.8299999237060547,55900
2018-04-30,3.9100000858306885,3.930000066757202,3.640000104904175,3.7300000190734863,3.7300000190734863,91100
2018-05-01,3.700000047683716,3.7200000286102295,3.5999999046325684,3.609999895095825,3.609999895095825,73600
2018-05-02,3.5999999046325684,3.6500000953674316,3.5199999809265137,3.6500000953674316,3.6500000953674316,122900
2018-05-03,3.630000114440918,3.680000066757202,3.5299999713897705,3.559999942779541,3.559999942779541,89200
2018-05-04,3.549999952316284,3.869999885559082,3.5399999618530273,3.690000057220459,3.690000057220459,118300
2018-05-07,3.690000057220459,3.7799999713897705,3.680000066757202,3.7100000381469727,3.7100000381469727,63400
2018-05-08,3.819999933242798,3.819999933242798,3.609999895095825,3.700000047683716,3.700000047683716,127100
2018-05-09,3.700000047683716,3.7200000286102295,3.549999952316284,3.609999895095825,3.609999895095825,119100
2018-05-10,3.549999952316284,3.609999895095825,3.299999952316284,3.5199999809265137,3.5199999809265137,290700
2018-05-11,3.5,3.509999990463257,3.3299999237060547,3.390000104904175,3.390000104904175,124800
2018-05-14,3.430000066757202,3.4800000190734863,3.369999885559082,3.4100000858306885,3.4100000858306885,86000
2018-05-15,3.369999885559082,3.430000066757202,3.319999933242798,3.390000104904175,3.390000104904175,83900
2018-05-16,3.369999885559082,3.4800000190734863,3.369999885559082,3.4100000858306885,3.4100000858306885,129100
2018-05-17,3.450000047683716,3.6500000953674316,3.4100000858306885,3.5999999046325684,3.5999999046325684,165600
2018-05-18,3.680000066757202,3.7899999618530273,3.640000104904175,3.700000047683716,3.700000047683716,115900
2018-05-21,3.700000047683716,3.75,3.509999990463257,3.6500000953674316,3.6500000953674316,102500
2018-05-22,3.690000057220459,3.700000047683716,3.5199999809265137,3.549999952316284,3.549999952316284,63500
2018-05-23,3.549999952316284,3.609999895095825,3.490000009536743,3.549999952316284,3.549999952316284,86800
2018-05-24,3.5999999046325684,3.640000104904175,3.490000009536743,3.569999933242798,3.569999933242798,77900
2018-05-25,3.5899999141693115,3.700000047683716,3.549999952316284,3.5999999046325684,3.5999999046325684,60400
2018-05-29,3.5899999141693115,3.6700000762939453,3.5,3.630000114440918,3.630000114440918,51800
2018-05-30,3.6700000762939453,3.690000057220459,3.569999933242798,3.6500000953674316,3.6500000953674316,82700
2018-05-31,3.6500000953674316,3.7899999618530273,3.5,3.5199999809265137,3.5199999809265137,173600
2018-06-01,3.549999952316284,3.75,3.5199999809265137,3.690000057220459,3.690000057220459,128800
2018-06-04,3.700000047683716,3.75,3.569999933242798,3.6500000953674316,3.6500000953674316,123400
2018-06-05,3.630000114440918,3.7100000381469727,3.5999999046325684,3.640000104904175,3.640000104904175,73800
2018-06-06,3.619999885559082,3.7899999618530273,3.609999895095825,3.680000066757202,3.680000066757202,135300
2018-06-07,3.6500000953674316,3.75,3.5999999046325684,3.609999895095825,3.609999895095825,51900
2018-06-08,3.619999885559082,3.690000057220459,3.5999999046325684,3.5999999046325684,3.5999999046325684,61400
2018-06-11,3.5999999046325684,3.609999895095825,3.2100000381469727,3.319999933242798,3.319999933242798,436400
2018-06-12,3.2799999713897705,3.3299999237060547,3.2100000381469727,3.259999990463257,3.259999990463257,133000
2018-06-13,3.450000047683716,3.5999999046325684,3.359999895095825,3.5199999809265137,3.5199999809265137,392100
2018-06-14,3.5799999237060547,3.5799999237060547,3.440000057220459,3.4800000190734863,3.4800000190734863,101700
2018-06-15,3.450000047683716,3.450000047683716,3.2699999809265137,3.3299999237060547,3.3299999237060547,127400
2018-06-18,3.299999952316284,3.4000000953674316,3.25,3.309999942779541,3.309999942779541,85100
2018-06-19,3.2699999809265137,3.2899999618530273,3.059999942779541,3.140000104904175,3.140000104904175,214700
2018-06-20,3.0999999046325684,3.1600000858306885,2.9600000381469727,3.069999933242798,3.069999933242798,149400
2018-06-21,3.049999952316284,3.190000057220459,3.0,3.049999952316284,3.049999952316284,124300
2018-06-22,3.069999933242798,3.180000066757202,3.0,3.180000066757202,3.180000066757202,143200
2018-06-25,3.1500000953674316,3.2100000381469727,3.009999990463257,3.0199999809265137,3.0199999809265137,101700
2018-06-26,3.299999952316284,3.390000104904175,3.0999999046325684,3.140000104904175,3.140000104904175,262000
2018-06-27,3.2200000286102295,3.2200000286102295,3.069999933242798,3.1500000953674316,3.1500000953674316,75400
2018-06-28,3.1500000953674316,3.1500000953674316,3.0399999618530273,3.0999999046325684,3.0999999046325684,59300
2018-06-29,3.119999885559082,3.140000104904175,3.0299999713897705,3.0299999713897705,3.0299999713897705,111500
2018-07-02,3.009999990463257,3.200000047683716,3.009999990463257,3.200000047683716,3.200000047683716,49700
2018-07-03,3.240000009536743,3.25,3.140000104904175,3.200000047683716,3.200000047683716,39100
2018-07-05,3.25,3.3399999141693115,3.180000066757202,3.2699999809265137,3.2699999809265137,79500
2018-07-06,3.2699999809265137,3.440000057220459,3.259999990463257,3.3299999237060547,3.3299999237060547,178700
2018-07-09,3.4000000953674316,3.450000047683716,3.319999933242798,3.430000066757202,3.430000066757202,88100
2018-07-10,3.4000000953674316,3.4700000286102295,3.3299999237060547,3.3399999141693115,3.3399999141693115,81400
2018-07-11,3.299999952316284,3.3299999237060547,3.2699999809265137,3.2699999809265137,3.2699999809265137,34100
2018-07-12,3.25,3.2899999618530273,3.2200000286102295,3.240000009536743,3.240000009536743,55500
2018-07-13,3.2200000286102295,3.2699999809265137,3.1600000858306885,3.200000047683716,3.200000047683716,52100
2018-07-16,3.200000047683716,3.200000047683716,3.140000104904175,3.140000104904175,3.140000104904175,41800
2018-07-17,3.1500000953674316,3.200000047683716,3.140000104904175,3.1700000762939453,3.1700000762939453,55500
2018-07-18,3.200000047683716,3.259999990463257,3.1700000762939453,3.240000009536743,3.240000009536743,39600
2018-07-19,3.25,3.4000000953674316,3.2200000286102295,3.369999885559082,3.369999885559082,109300
2018-07-20,3.380000114440918,3.490000009536743,3.369999885559082,3.450000047683716,3.450000047683716,98700
2018-07-23,3.4700000286102295,3.5299999713897705,3.4100000858306885,3.430000066757202,3.430000066757202,54000
2018-07-24,3.450000047683716,3.4800000190734863,3.380000114440918,3.4000000953674316,3.4000000953674316,52300
2018-07-25,3.440000057220459,3.440000057220459,3.309999942779541,3.4200000762939453,3.4200000762939453,36200
2018-07-26,3.4200000762939453,3.4700000286102295,3.200000047683716,3.4600000381469727,3.4600000381469727,44400
2018-07-27,3.450000047683716,3.450000047683716,3.200000047683716,3.2300000190734863,3.2300000190734863,67600
2018-07-30,3.390000104904175,3.440000057220459,3.2899999618530273,3.319999933242798,3.319999933242798,66900
2018-07-31,3.440000057220459,3.440000057220459,3.2300000190734863,3.2899999618530273,3.2899999618530273,39700
2018-08-01,3.309999942779541,3.3299999237060547,3.259999990463257,3.309999942779541,3.309999942779541,29700
2018-08-02,3.259999990463257,3.3299999237060547,3.259999990463257,3.309999942779541,3.309999942779541,33200
2018-08-03,3.3299999237060547,3.3399999141693115,3.2699999809265137,3.2899999618530273,3.2899999618530273,34100
2018-08-06,3.2899999618530273,3.380000114440918,3.2699999809265137,3.299999952316284,3.299999952316284,52400
2018-08-07,3.2899999618530273,3.369999885559082,3.2699999809265137,3.299999952316284,3.299999952316284,78500
2018-08-08,3.3499999046325684,3.359999895095825,3.25,3.2899999618530273,3.2899999618530273,55000
2018-08-09,3.3299999237060547,3.4000000953674316,3.240000009536743,3.3499999046325684,3.3499999046325684,114900
2018-08-10,3.3499999046325684,3.9000000953674316,3.2799999713897705,3.9000000953674316,3.9000000953674316,213600
2018-08-13,3.990000009536743,4.599999904632568,3.9000000953674316,4.550000190734863,4.550000190734863,709800
2018-08-14,4.590000152587891,4.630000114440918,3.9000000953674316,4.119999885559082,4.119999885559082,367200
2018-08-15,4.099999904632568,4.21999979019165,3.559999942779541,3.5799999237060547,3.5799999237060547,222700
2018-08-16,3.6500000953674316,3.9700000286102295,3.6500000953674316,3.9200000762939453,3.9200000762939453,100700
2018-08-17,4.130000114440918,4.130000114440918,3.7200000286102295,3.859999895095825,3.859999895095825,192600
2018-08-20,4.0,4.130000114440918,3.75,3.75,3.75,134700
2018-08-21,3.799999952316284,3.9200000762939453,3.7799999713897705,3.880000114440918,3.880000114440918,68300
2018-08-22,3.9000000953674316,3.990000009536743,3.8499999046325684,3.940000057220459,3.940000057220459,77000
2018-08-23,3.950000047683716,4.050000190734863,3.940000057220459,3.9800000190734863,3.9800000190734863,68700
2018-08-24,4.0,4.070000171661377,3.9700000286102295,4.010000228881836,4.010000228881836,122100
2018-08-27,4.0,4.050000190734863,3.880000114440918,3.9800000190734863,3.9800000190734863,41100
2018-08-28,4.0,4.03000020980835,3.9100000858306885,3.990000009536743,3.990000009536743,67700
2018-08-29,4.019999980926514,4.349999904632568,3.9100000858306885,4.0,4.0,395000
2018-08-30,4.0,4.059999942779541,3.0999999046325684,3.4200000762939453,3.4200000762939453,426300
2018-08-31,3.450000047683716,3.950000047683716,3.3399999141693115,3.809999942779541,3.809999942779541,321900
2018-09-04,3.8299999237060547,3.930000066757202,3.630000114440918,3.7899999618530273,3.7899999618530273,95500
2018-09-05,4.0,4.0,3.7799999713897705,4.0,4.0,111500
2018-09-06,4.0,4.03000020980835,3.740000009536743,3.7799999713897705,3.7799999713897705,120500
2018-09-07,3.7899999618530273,3.9700000286102295,3.7899999618530273,3.880000114440918,3.880000114440918,56100
2018-09-10,3.950000047683716,4.019999980926514,3.9200000762939453,3.990000009536743,3.990000009536743,54800
2018-09-11,3.9800000190734863,3.990000009536743,3.9000000953674316,3.950000047683716,3.950000047683716,41200
2018-09-12,3.950000047683716,4.0,3.9200000762939453,3.990000009536743,3.990000009536743,48700
2018-09-13,4.0,4.019999980926514,3.75,3.7799999713897705,3.7799999713897705,113100
2018-09-14,3.940000057220459,4.199999809265137,3.740000009536743,4.050000190734863,4.050000190734863,225600
2018-09-17,4.03000020980835,4.619999885559082,4.03000020980835,4.570000171661377,4.570000171661377,405400
2018-09-18,4.670000076293945,4.670000076293945,4.179999828338623,4.460000038146973,4.460000038146973,162200
2018-09-19,4.5,4.849999904632568,4.400000095367432,4.539999961853027,4.539999961853027,316900
2018-09-20,4.639999866485596,4.820000171661377,4.590000152587891,4.670000076293945,4.670000076293945,162500
2018-09-21,4.659999847412109,4.96999979019165,4.659999847412109,4.889999866485596,4.889999866485596,202400
2018-09-24,5.0,5.099999904632568,4.849999904632568,4.869999885559082,4.869999885559082,134600
2018-09-25,4.869999885559082,4.980000019073486,4.539999961853027,4.690000057220459,4.690000057220459,152600
2018-09-26,4.699999809265137,4.860000133514404,4.519999980926514,4.809999942779541,4.809999942779541,126600
2018-09-27,4.630000114440918,4.849999904632568,4.599999904632568,4.610000133514404,4.610000133514404,86200
2018-09-28,4.610000133514404,4.760000228881836,4.610000133514404,4.639999866485596,4.639999866485596,69900
2018-10-01,4.480000019073486,4.889999866485596,3.4800000190734863,4.650000095367432,4.650000095367432,92400
2018-10-02,4.409999847412109,4.710000038146973,4.119999885559082,4.650000095367432,4.650000095367432,133000
2018-10-03,4.980000019073486,5.349999904632568,4.739999771118164,5.03000020980835,5.03000020980835,213500
2018-10-04,5.010000228881836,5.269999980926514,4.909999847412109,4.96999979019165,4.96999979019165,145900
2018-10-05,5.199999809265137,5.25,4.889999866485596,5.159999847412109,5.159999847412109,110600
2018-10-08,5.28000020980835,5.630000114440918,5.25,5.289999961853027,5.289999961853027,184900
2018-10-09,5.25,5.690000057220459,5.25,5.619999885559082,5.619999885559082,184900
2018-10-10,5.699999809265137,6.349999904632568,5.429999828338623,6.050000190734863,6.050000190734863,340400
2018-10-11,6.210000038146973,6.210000038146973,5.539999961853027,5.619999885559082,5.619999885559082,217000
2018-10-12,5.679999828338623,5.760000228881836,5.300000190734863,5.539999961853027,5.539999961853027,182700
2018-10-15,5.690000057220459,6.349999904632568,5.539999961853027,6.329999923706055,6.329999923706055,410000
2018-10-16,6.400000095367432,6.429999828338623,5.5,6.349999904632568,6.349999904632568,361900
2018-10-17,6.28000020980835,6.860000133514404,6.019999980926514,6.590000152587891,6.590000152587891,267200
2018-10-18,6.789999961853027,6.860000133514404,5.610000133514404,6.239999771118164,6.239999771118164,351500
2018-10-19,6.300000190734863,6.510000228881836,5.75,6.019999980926514,6.019999980926514,200200
2018-10-22,5.980000019073486,5.980000019073486,4.099999904632568,4.320000171661377,4.320000171661377,717400
2018-10-23,4.150000095367432,4.210000038146973,3.7699999809265137,4.0,4.0,275800
2018-10-24,3.799999952316284,4.239999771118164,3.799999952316284,3.9600000381469727,3.9600000381469727,148800
2018-10-25,4.0,4.289999961853027,3.75,4.199999809265137,4.199999809265137,204700
2018-10-26,4.170000076293945,4.179999828338623,3.9600000381469727,4.039999961853027,4.039999961853027,82700
2018-10-29,4.050000190734863,4.159999847412109,3.8499999046325684,3.9600000381469727,3.9600000381469727,140900
2018-10-30,3.930000066757202,4.199999809265137,3.869999885559082,3.9800000190734863,3.9800000190734863,83100
2018-10-31,3.9800000190734863,4.230000019073486,3.9800000190734863,4.050000190734863,4.050000190734863,108200
2018-11-01,4.039999961853027,4.199999809265137,4.010000228881836,4.039999961853027,4.039999961853027,69600
2018-11-02,4.090000152587891,4.159999847412109,3.5,3.549999952316284,3.549999952316284,340000
2018-11-05,3.7100000381469727,3.9800000190734863,3.700000047683716,3.9200000762939453,3.9200000762939453,186200
2018-11-06,3.930000066757202,3.950000047683716,3.759999990463257,3.799999952316284,3.799999952316284,79500
2018-11-07,3.799999952316284,4.039999961853027,3.759999990463257,3.950000047683716,3.950000047683716,305800
2018-11-08,3.950000047683716,4.019999980926514,3.759999990463257,3.8399999141693115,3.8399999141693115,107300
2018-11-09,3.7699999809265137,3.819999933242798,3.700000047683716,3.75,3.75,64300
2018-11-12,3.7799999713897705,3.930000066757202,3.5999999046325684,3.6600000858306885,3.6600000858306885,59400
2018-11-13,3.690000057220459,3.7799999713897705,3.5999999046325684,3.700000047683716,3.700000047683716,58500
2018-11-14,3.7200000286102295,3.799999952316284,3.549999952316284,3.5999999046325684,3.5999999046325684,29300
2018-11-15,3.609999895095825,3.8499999046325684,3.609999895095825,3.809999942779541,3.809999942779541,36800
2018-11-16,3.700000047683716,4.130000114440918,3.680000066757202,4.010000228881836,4.010000228881836,90700
2018-11-19,3.990000009536743,4.010000228881836,3.799999952316284,3.8299999237060547,3.8299999237060547,53100
2018-11-20,3.7899999618530273,3.9800000190734863,3.700000047683716,3.869999885559082,3.869999885559082,43100
2018-11-21,3.8499999046325684,4.050000190734863,3.8499999046325684,3.9700000286102295,3.9700000286102295,19500
2018-11-23,3.9700000286102295,4.139999866485596,3.759999990463257,3.940000057220459,3.940000057220459,39800
2018-11-26,3.9700000286102295,4.050000190734863,3.950000047683716,3.990000009536743,3.990000009536743,38200
2018-11-27,3.950000047683716,4.050000190734863,3.859999895095825,3.9200000762939453,3.9200000762939453,21600
2018-11-28,3.890000104904175,4.050000190734863,3.890000104904175,4.0,4.0,32000
2018-11-29,3.950000047683716,4.0,3.930000066757202,4.0,4.0,13600
2018-11-30,3.950000047683716,4.03000020980835,3.9200000762939453,3.9200000762939453,3.9200000762939453,54500
2018-12-03,3.9600000381469727,4.119999885559082,3.9200000762939453,3.930000066757202,3.930000066757202,28100
2018-12-04,3.9600000381469727,4.099999904632568,3.8399999141693115,3.9800000190734863,3.9800000190734863,43400
2018-12-06,3.950000047683716,4.039999961853027,3.950000047683716,4.010000228881836,4.010000228881836,26000
2018-12-07,4.010000228881836,4.070000171661377,3.869999885559082,3.930000066757202,3.930000066757202,20200
2018-12-10,3.950000047683716,4.019999980926514,3.799999952316284,3.9700000286102295,3.9700000286102295,35400
2018-12-11,3.990000009536743,4.039999961853027,3.8399999141693115,3.9100000858306885,3.9100000858306885,34900
2018-12-12,3.940000057220459,4.0,3.8499999046325684,3.9800000190734863,3.9800000190734863,35600
2018-12-13,3.990000009536743,4.0,3.950000047683716,4.0,4.0,28500
2018-12-14,3.950000047683716,4.0,3.880000114440918,3.940000057220459,3.940000057220459,28300
2018-12-17,3.75,3.9800000190734863,3.6700000762939453,3.819999933242798,3.819999933242798,46800
2018-12-18,3.7699999809265137,3.940000057220459,3.5999999046325684,3.700000047683716,3.700000047683716,53600
2018-12-19,3.700000047683716,3.880000114440918,3.5999999046325684,3.6700000762939453,3.6700000762939453,34600
2018-12-20,3.6500000953674316,3.7799999713897705,3.299999952316284,3.4200000762939453,3.4200000762939453,107500
2018-12-21,3.4200000762939453,3.5199999809265137,3.299999952316284,3.369999885559082,3.369999885559082,46300
2018-12-24,3.3399999141693115,3.940000057220459,3.25,3.619999885559082,3.619999885559082,70700
2018-12-26,3.690000057220459,3.869999885559082,3.619999885559082,3.809999942779541,3.809999942779541,65200
2018-12-27,3.7100000381469727,3.950000047683716,3.700000047683716,3.9200000762939453,3.9200000762939453,52000
2018-12-28,3.950000047683716,4.0,3.890000104904175,4.0,4.0,48900
2018-12-31,3.640000104904175,4.010000228881836,3.5999999046325684,3.940000057220459,3.940000057220459,50200
2019-01-02,3.950000047683716,4.0,3.930000066757202,3.950000047683716,3.950000047683716,53700
2019-01-03,3.930000066757202,3.9700000286102295,3.930000066757202,3.950000047683716,3.950000047683716,41300
2019-01-04,3.9700000286102295,4.039999961853027,3.950000047683716,4.0,4.0,112000
2019-01-07,3.9600000381469727,4.099999904632568,3.940000057220459,3.9700000286102295,3.9700000286102295,48500
2019-01-08,3.9800000190734863,4.039999961853027,3.930000066757202,3.930000066757202,3.930000066757202,74400
2019-01-09,3.940000057220459,3.940000057220459,3.8499999046325684,3.9000000953674316,3.9000000953674316,46900
2019-01-10,3.890000104904175,3.9600000381469727,3.869999885559082,3.9000000953674316,3.9000000953674316,13700
2019-01-11,3.9200000762939453,4.0,3.9200000762939453,3.9600000381469727,3.9600000381469727,68800
2019-01-14,3.9600000381469727,3.9800000190734863,3.8499999046325684,3.8499999046325684,3.8499999046325684,14900
2019-01-15,3.8499999046325684,3.9700000286102295,3.8499999046325684,3.9700000286102295,3.9700000286102295,15800
2019-01-16,4.0,4.5,4.0,4.300000190734863,4.300000190734863,228900
2019-01-17,4.320000171661377,4.460000038146973,4.25,4.300000190734863,4.300000190734863,111600
2019-01-18,4.320000171661377,4.409999847412109,4.150000095367432,4.260000228881836,4.260000228881836,60900
2019-01-22,4.260000228881836,4.489999771118164,4.239999771118164,4.389999866485596,4.389999866485596,59500
2019-01-23,4.46999979019165,4.690000057220459,4.449999809265137,4.519999980926514,4.519999980926514,85800
2019-01-24,5.0,5.150000095367432,4.710000038146973,4.940000057220459,4.940000057220459,243600
2019-01-25,4.920000076293945,5.0,4.409999847412109,4.449999809265137,4.449999809265137,292500
2019-01-28,4.75,5.090000152587891,4.480000019073486,4.960000038146973,4.960000038146973,159400
2019-01-29,5.050000190734863,5.5,5.0,5.239999771118164,5.239999771118164,285100
2019-01-30,5.440000057220459,5.440000057220459,5.050000190734863,5.119999885559082,5.119999885559082,71400
2019-01-31,5.110000133514404,5.210000038146973,5.0,5.130000114440918,5.130000114440918,61800
2019-02-01,5.130000114440918,5.199999809265137,5.059999942779541,5.119999885559082,5.119999885559082,32100
2019-02-04,5.099999904632568,5.190000057220459,5.070000171661377,5.070000171661377,5.070000171661377,63600
2019-02-05,5.050000190734863,5.099999904632568,4.869999885559082,4.920000076293945,4.920000076293945,59500
2019-02-06,4.949999809265137,5.050000190734863,4.829999923706055,5.050000190734863,5.050000190734863,37500
2019-02-07,5.070000171661377,5.070000171661377,4.889999866485596,5.03000020980835,5.03000020980835,33600
2019-02-08,5.119999885559082,5.119999885559082,4.96999979019165,5.010000228881836,5.010000228881836,35400
2019-02-11,5.0,5.110000133514404,4.909999847412109,5.03000020980835,5.03000020980835,79700
2019-02-12,5.050000190734863,5.119999885559082,4.929999828338623,4.929999828338623,4.929999828338623,49500
2019-02-13,4.909999847412109,5.050000190734863,4.909999847412109,4.980000019073486,4.980000019073486,49800
2019-02-14,5.03000020980835,5.150000095367432,4.949999809265137,5.03000020980835,5.03000020980835,103800
2019-02-15,5.050000190734863,5.289999961853027,5.019999980926514,5.170000076293945,5.170000076293945,86200
2019-02-19,5.25,5.409999847412109,5.170000076293945,5.340000152587891,5.340000152587891,91200
2019-02-20,5.349999904632568,5.599999904632568,5.349999904632568,5.53000020980835,5.53000020980835,95900
2019-02-21,5.679999828338623,5.699999809265137,5.360000133514404,5.389999866485596,5.389999866485596,77400
2019-02-22,5.360000133514404,5.480000019073486,5.300000190734863,5.409999847412109,5.409999847412109,17700
2019-02-25,5.5,5.590000152587891,5.050000190734863,5.440000057220459,5.440000057220459,74200
2019-02-26,5.46999979019165,5.46999979019165,5.179999828338623,5.199999809265137,5.199999809265137,34500
2019-02-27,5.199999809265137,5.199999809265137,4.900000095367432,5.039999961853027,5.039999961853027,60400
2019-02-28,4.929999828338623,5.130000114440918,4.929999828338623,5.059999942779541,5.059999942779541,18600
2019-03-01,5.059999942779541,5.190000057220459,5.059999942779541,5.099999904632568,5.099999904632568,16700
2019-03-04,5.159999847412109,5.46999979019165,5.050000190734863,5.289999961853027,5.289999961853027,54800
2019-03-05,5.239999771118164,5.329999923706055,5.179999828338623,5.179999828338623,5.179999828338623,26900
2019-03-06,5.110000133514404,5.170000076293945,4.949999809265137,4.96999979019165,4.96999979019165,44100
2019-03-07,4.96999979019165,5.099999904632568,4.920000076293945,4.940000057220459,4.940000057220459,25600
2019-03-08,4.949999809265137,5.039999961853027,4.650000095367432,4.909999847412109,4.909999847412109,78600
2019-03-11,4.949999809265137,5.139999866485596,4.949999809265137,5.070000171661377,5.070000171661377,25300
2019-03-12,5.079999923706055,5.179999828338623,5.03000020980835,5.119999885559082,5.119999885559082,22200
2019-03-13,5.090000152587891,5.179999828338623,5.079999923706055,5.090000152587891,5.090000152587891,31800
2019-03-14,5.039999961853027,5.21999979019165,5.0,5.0,5.0,37100
2019-03-15,5.099999904632568,5.099999904632568,4.869999885559082,4.989999771118164,4.989999771118164,45900
2019-03-18,4.960000038146973,5.110000133514404,4.849999904632568,4.860000133514404,4.860000133514404,34200
2019-03-19,4.849999904632568,4.949999809265137,4.71999979019165,4.820000171661377,4.820000171661377,41000
2019-03-20,4.860000133514404,4.949999809265137,4.71999979019165,4.71999979019165,4.71999979019165,22900
2019-03-21,4.889999866485596,5.079999923706055,4.679999828338623,4.889999866485596,4.889999866485596,46500
2019-03-22,4.78000020980835,4.96999979019165,4.630000114440918,4.690000057220459,4.690000057220459,71800
2019-03-25,4.71999979019165,4.840000152587891,4.519999980926514,4.539999961853027,4.539999961853027,43300
2019-03-26,4.510000228881836,4.800000190734863,4.380000114440918,4.400000095367432,4.400000095367432,70600
2019-03-27,4.300000190734863,4.590000152587891,4.300000190734863,4.510000228881836,4.510000228881836,42400
2019-03-28,4.539999961853027,4.550000190734863,4.400000095367432,4.440000057220459,4.440000057220459,38800
2019-03-29,4.440000057220459,4.599999904632568,4.440000057220459,4.519999980926514,4.519999980926514,23100
2019-04-01,4.579999923706055,4.579999923706055,4.5,4.550000190734863,4.550000190734863,19400
2019-04-02,4.5,4.550000190734863,4.460000038146973,4.53000020980835,4.53000020980835,15700
2019-04-03,4.510000228881836,4.570000171661377,4.409999847412109,4.420000076293945,4.420000076293945,52000
2019-04-04,4.46999979019165,4.539999961853027,4.460000038146973,4.460000038146973,4.460000038146973,13900
2019-04-05,4.550000190734863,4.590000152587891,4.389999866485596,4.510000228881836,4.510000228881836,37800
2019-04-08,4.510000228881836,4.510000228881836,4.400000095367432,4.420000076293945,4.420000076293945,26500
2019-04-09,4.409999847412109,4.519999980926514,4.320000171661377,4.349999904632568,4.349999904632568,25800
2019-04-10,4.309999942779541,4.510000228881836,4.309999942779541,4.400000095367432,4.400000095367432,16200
2019-04-11,4.380000114440918,4.5,4.380000114440918,4.449999809265137,4.449999809265137,40500
2019-04-12,4.46999979019165,4.46999979019165,4.360000133514404,4.429999828338623,4.429999828338623,17100
2019-04-15,4.400000095367432,4.5,4.210000038146973,4.269999980926514,4.269999980926514,49500
2019-04-16,4.25,4.340000152587891,4.199999809265137,4.300000190734863,4.300000190734863,36800
2019-04-17,4.289999961853027,4.340000152587891,4.210000038146973,4.21999979019165,4.21999979019165,38900
2019-04-18,4.210000038146973,4.239999771118164,4.03000020980835,4.179999828338623,4.179999828338623,46700
2019-04-22,4.139999866485596,4.190000057220459,3.9600000381469727,4.079999923706055,4.079999923706055,135000
2019-04-23,4.230000019073486,4.349999904632568,4.099999904632568,4.260000228881836,4.260000228881836,122700
2019-04-24,4.269999980926514,4.289999961853027,4.21999979019165,4.28000020980835,4.28000020980835,76300
2019-04-25,4.28000020980835,4.28000020980835,4.190000057220459,4.190000057220459,4.190000057220459,39400
2019-04-26,4.28000020980835,4.28000020980835,4.190000057220459,4.199999809265137,4.199999809265137,67800
2019-04-29,4.199999809265137,4.28000020980835,4.190000057220459,4.21999979019165,4.21999979019165,147300
2019-04-30,4.260000228881836,4.289999961853027,4.159999847412109,4.159999847412109,4.159999847412109,56200
2019-05-01,4.170000076293945,4.630000114440918,4.170000076293945,4.429999828338623,4.429999828338623,66600
2019-05-02,4.449999809265137,4.630000114440918,4.380000114440918,4.460000038146973,4.460000038146973,51400
2019-05-03,4.559999942779541,4.880000114440918,4.480000019073486,4.590000152587891,4.590000152587891,139000
2019-05-06,4.630000114440918,4.670000076293945,4.539999961853027,4.539999961853027,4.539999961853027,53800
2019-05-07,4.519999980926514,4.75,4.519999980926514,4.75,4.75,34600
2019-05-08,4.699999809265137,4.75,4.630000114440918,4.690000057220459,4.690000057220459,64700
2019-05-09,4.650000095367432,4.679999828338623,4.570000171661377,4.619999885559082,4.619999885559082,36100
2019-05-10,4.590000152587891,4.679999828338623,4.579999923706055,4.579999923706055,4.579999923706055,69200
2019-05-13,4.599999904632568,4.630000114440918,4.489999771118164,4.5,4.5,56100
2019-05-14,4.539999961853027,4.539999961853027,4.309999942779541,4.400000095367432,4.400000095367432,38600
2019-05-15,4.429999828338623,4.429999828338623,4.170000076293945,4.380000114440918,4.380000114440918,48800
2019-05-16,4.349999904632568,4.380000114440918,3.8499999046325684,4.010000228881836,4.010000228881836,245900
2019-05-17,4.079999923706055,4.360000133514404,4.010000228881836,4.269999980926514,4.269999980926514,44700
2019-05-20,4.199999809265137,4.460000038146973,4.170000076293945,4.170000076293945,4.170000076293945,88400
2019-05-21,4.199999809265137,4.329999923706055,4.179999828338623,4.21999979019165,4.21999979019165,18500
2019-05-22,4.360000133514404,4.369999885559082,4.170000076293945,4.199999809265137,4.199999809265137,7700
2019-05-23,4.139999866485596,4.179999828338623,4.019999980926514,4.130000114440918,4.130000114440918,17800
2019-05-24,4.0,4.179999828338623,4.0,4.03000020980835,4.03000020980835,20600
2019-05-28,4.010000228881836,4.170000076293945,4.010000228881836,4.150000095367432,4.150000095367432,20800
2019-05-29,4.150000095367432,4.150000095367432,4.059999942779541,4.119999885559082,4.119999885559082,10400
2019-05-30,4.019999980926514,4.289999961853027,4.019999980926514,4.28000020980835,4.28000020980835,24400
2019-05-31,4.269999980926514,4.269999980926514,4.110000133514404,4.170000076293945,4.170000076293945,9200
2019-06-03,4.210000038146973,4.21999979019165,3.9700000286102295,3.9800000190734863,3.9800000190734863,59300
2019-06-04,4.0,4.130000114440918,4.0,4.070000171661377,4.070000171661377,18000
2019-06-05,4.079999923706055,4.139999866485596,3.940000057220459,3.940000057220459,3.940000057220459,31900
2019-06-06,4.050000190734863,4.269999980926514,4.050000190734863,4.190000057220459,4.190000057220459,57800
2019-06-07,4.340000152587891,4.340000152587891,4.010000228881836,4.239999771118164,4.239999771118164,34500
2019-06-10,4.179999828338623,4.300000190734863,4.179999828338623,4.28000020980835,4.28000020980835,18700
2019-06-11,4.300000190734863,4.300000190734863,4.099999904632568,4.179999828338623,4.179999828338623,32200
2019-06-12,4.150000095367432,4.150000095367432,3.950000047683716,4.03000020980835,4.03000020980835,48100
2019-06-13,4.010000228881836,4.159999847412109,4.010000228881836,4.119999885559082,4.119999885559082,15500
2019-06-14,4.099999904632568,4.190000057220459,4.019999980926514,4.150000095367432,4.150000095367432,16000
2019-06-17,4.150000095367432,4.210000038146973,4.0,4.210000038146973,4.210000038146973,14800
2019-06-18,4.110000133514404,4.320000171661377,4.010000228881836,4.139999866485596,4.139999866485596,31100
2019-06-19,4.159999847412109,4.28000020980835,4.119999885559082,4.230000019073486,4.230000019073486,11300
2019-06-20,4.190000057220459,4.320000171661377,3.9800000190734863,4.039999961853027,4.039999961853027,63600
2019-06-21,4.0,4.150000095367432,3.799999952316284,3.799999952316284,3.799999952316284,64200
2019-06-24,3.799999952316284,3.8299999237060547,3.369999885559082,3.7699999809265137,3.7699999809265137,100400
2019-06-25,3.799999952316284,3.9100000858306885,3.509999990463257,3.6700000762939453,3.6700000762939453,47400
2019-06-26,3.6500000953674316,3.6500000953674316,3.390000104904175,3.5,3.5,89200
2019-06-27,3.5,3.690000057220459,3.440000057220459,3.4700000286102295,3.4700000286102295,31300
2019-06-28,3.450000047683716,3.6700000762939453,3.450000047683716,3.630000114440918,3.630000114440918,21500
2019-07-01,3.609999895095825,3.690000057220459,3.5,3.609999895095825,3.609999895095825,27400
2019-07-02,3.509999990463257,3.7200000286102295,3.509999990463257,3.5299999713897705,3.5299999713897705,33600
2019-07-03,3.4700000286102295,3.690000057220459,3.4700000286102295,3.640000104904175,3.640000104904175,38300
2019-07-05,3.5999999046325684,3.690000057220459,3.5199999809265137,3.6500000953674316,3.6500000953674316,9600
2019-07-08,3.640000104904175,3.6500000953674316,3.5399999618530273,3.6500000953674316,3.6500000953674316,26900
2019-07-09,3.680000066757202,4.210000038146973,3.680000066757202,4.050000190734863,4.050000190734863,165500
2019-07-10,4.050000190734863,4.320000171661377,4.019999980926514,4.28000020980835,4.28000020980835,82600
2019-07-11,4.380000114440918,4.380000114440918,4.099999904632568,4.150000095367432,4.150000095367432,38600
2019-07-12,4.090000152587891,4.269999980926514,4.079999923706055,4.099999904632568,4.099999904632568,82000
2019-07-15,4.139999866485596,4.199999809265137,3.799999952316284,4.170000076293945,4.170000076293945,43300
2019-07-16,4.159999847412109,4.269999980926514,4.059999942779541,4.130000114440918,4.130000114440918,42100
2019-07-17,4.5,5.449999809265137,4.309999942779541,4.670000076293945,4.670000076293945,1549400
2019-07-18,4.570000171661377,4.800000190734863,4.380000114440918,4.550000190734863,4.550000190734863,278600
2019-07-19,4.489999771118164,4.590000152587891,4.28000020980835,4.349999904632568,4.349999904632568,104000
2019-07-22,4.349999904632568,4.440000057220459,4.150000095367432,4.210000038146973,4.210000038146973,47600
2019-07-23,4.230000019073486,4.519999980926514,4.210000038146973,4.380000114440918,4.380000114440918,36300
2019-07-24,4.429999828338623,4.800000190734863,4.409999847412109,4.610000133514404,4.610000133514404,72500
2019-07-25,4.630000114440918,4.710000038146973,4.519999980926514,4.519999980926514,4.519999980926514,28500
2019-07-26,4.599999904632568,4.78000020980835,4.599999904632568,4.699999809265137,4.699999809265137,48200
2019-07-29,4.710000038146973,4.96999979019165,4.590000152587891,4.590000152587891,4.590000152587891,89200
2019-07-30,4.630000114440918,4.829999923706055,4.610000133514404,4.690000057220459,4.690000057220459,59600
2019-07-31,4.730000019073486,4.929999828338623,4.659999847412109,4.690000057220459,4.690000057220459,41800
2019-08-01,4.75,4.860000133514404,4.539999961853027,4.570000171661377,4.570000171661377,44900
2019-08-02,4.579999923706055,4.690000057220459,4.510000228881836,4.510000228881836,4.510000228881836,22100
2019-08-05,4.5,4.599999904632568,4.349999904632568,4.429999828338623,4.429999828338623,45300
2019-08-06,4.400000095367432,4.53000020980835,4.239999771118164,4.420000076293945,4.420000076293945,69700
2019-08-07,4.340000152587891,4.519999980926514,4.340000152587891,4.400000095367432,4.400000095367432,40200
2019-08-08,4.5,4.550000190734863,4.320000171661377,4.369999885559082,4.369999885559082,26000
2019-08-09,4.380000114440918,4.449999809265137,4.199999809265137,4.269999980926514,4.269999980926514,47800
2019-08-12,4.300000190734863,4.400000095367432,4.25,4.260000228881836,4.260000228881836,43400
2019-08-13,4.21999979019165,4.360000133514404,4.21999979019165,4.309999942779541,4.309999942779541,24400
2019-08-14,4.329999923706055,4.389999866485596,4.119999885559082,4.179999828338623,4.179999828338623,68400
2019-08-15,4.210000038146973,4.25,3.819999933242798,4.0,4.0,120000
2019-08-16,4.050000190734863,4.25,4.050000190734863,4.21999979019165,4.21999979019165,15600
2019-08-19,4.320000171661377,4.320000171661377,4.119999885559082,4.190000057220459,4.190000057220459,34600
2019-08-20,4.170000076293945,4.380000114440918,4.019999980926514,4.179999828338623,4.179999828338623,81300
2019-08-21,4.190000057220459,4.300000190734863,4.070000171661377,4.070000171661377,4.070000171661377,72800
2019-08-22,4.059999942779541,4.260000228881836,4.03000020980835,4.25,4.25,51500
2019-08-23,4.21999979019165,4.28000020980835,4.039999961853027,4.099999904632568,4.099999904632568,49400
2019-08-26,4.130000114440918,4.179999828338623,4.0,4.130000114440918,4.130000114440918,99600
2019-08-27,4.090000152587891,4.099999904632568,4.0,4.070000171661377,4.070000171661377,64100
2019-08-28,4.090000152587891,4.170000076293945,4.03000020980835,4.119999885559082,4.119999885559082,65000
2019-08-29,4.139999866485596,4.139999866485596,4.010000228881836,4.010000228881836,4.010000228881836,41700
2019-08-30,4.079999923706055,4.090000152587891,3.9600000381469727,3.9700000286102295,3.9700000286102295,59300
2019-09-03,3.9800000190734863,3.990000009536743,3.8499999046325684,3.9700000286102295,3.9700000286102295,30900
2019-09-04,3.890000104904175,4.179999828338623,3.890000104904175,4.110000133514404,4.110000133514404,30700
2019-09-05,4.059999942779541,4.179999828338623,3.9600000381469727,3.990000009536743,3.990000009536743,37400
2019-09-06,3.9700000286102295,4.110000133514404,3.9700000286102295,4.039999961853027,4.039999961853027,12600
2019-09-09,4.039999961853027,4.179999828338623,3.9100000858306885,4.130000114440918,4.130000114440918,44700
2019-09-10,4.119999885559082,4.179999828338623,3.950000047683716,3.950000047683716,3.950000047683716,51000
2019-09-11,3.9200000762939453,4.099999904632568,3.9200000762939453,4.039999961853027,4.039999961853027,32900
2019-09-12,4.119999885559082,4.139999866485596,3.950000047683716,3.9600000381469727,3.9600000381469727,9000
2019-09-13,3.990000009536743,4.139999866485596,3.990000009536743,4.119999885559082,4.119999885559082,44800
2019-09-16,4.039999961853027,4.300000190734863,4.039999961853027,4.099999904632568,4.099999904632568,59100
2019-09-17,4.230000019073486,4.340000152587891,4.21999979019165,4.25,4.25,70900
2019-09-18,4.269999980926514,4.429999828338623,4.25,4.25,4.25,60400
2019-09-19,4.25,4.389999866485596,4.25,4.329999923706055,4.329999923706055,40500
2019-09-20,4.389999866485596,4.440000057220459,4.260000228881836,4.300000190734863,4.300000190734863,52600
2019-09-23,4.340000152587891,4.340000152587891,4.21999979019165,4.260000228881836,4.260000228881836,41500
2019-09-24,4.25,4.269999980926514,4.0,4.079999923706055,4.079999923706055,81100
2019-09-25,4.079999923706055,4.090000152587891,3.9000000953674316,4.0,4.0,63500
2019-09-26,4.03000020980835,4.079999923706055,3.819999933242798,4.010000228881836,4.010000228881836,66800
2019-09-27,4.050000190734863,4.079999923706055,3.940000057220459,3.940000057220459,3.940000057220459,20400
2019-09-30,4.079999923706055,4.139999866485596,3.9200000762939453,4.0,4.0,26200
2019-10-01,4.0,4.070000171661377,3.799999952316284,3.869999885559082,3.869999885559082,48300
2019-10-02,3.809999942779541,3.9200000762939453,3.700000047683716,3.799999952316284,3.799999952316284,76900
2019-10-03,3.809999942779541,3.9100000858306885,3.759999990463257,3.809999942779541,3.809999942779541,29300
2019-10-04,3.869999885559082,3.950000047683716,3.680000066757202,3.759999990463257,3.759999990463257,42600
2019-10-07,3.75,3.9100000858306885,3.75,3.8499999046325684,3.8499999046325684,14800
2019-10-08,3.8499999046325684,4.03000020980835,3.8499999046325684,3.880000114440918,3.880000114440918,42800
2019-10-09,3.9600000381469727,4.0,3.680000066757202,3.7100000381469727,3.7100000381469727,69100
2019-10-10,3.740000009536743,3.869999885559082,3.609999895095825,3.6600000858306885,3.6600000858306885,39100
2019-10-11,3.690000057220459,3.799999952316284,3.6700000762939453,3.75,3.75,23800
2019-10-14,3.75,3.75,3.509999990463257,3.5199999809265137,3.5199999809265137,61500
2019-10-15,3.549999952316284,3.7300000190734863,3.549999952316284,3.700000047683716,3.700000047683716,26300
2019-10-16,3.690000057220459,3.75,3.5899999141693115,3.680000066757202,3.680000066757202,26900
2019-10-17,3.690000057220459,3.700000047683716,3.5999999046325684,3.6700000762939453,3.6700000762939453,9200
2019-10-18,3.700000047683716,3.859999895095825,3.690000057220459,3.859999895095825,3.859999895095825,24700
2019-10-21,3.890000104904175,3.9800000190734863,3.809999942779541,3.930000066757202,3.930000066757202,26500
2019-10-22,3.940000057220459,4.079999923706055,3.930000066757202,4.019999980926514,4.019999980926514,15700
2019-10-23,4.010000228881836,4.070000171661377,3.8499999046325684,3.869999885559082,3.869999885559082,51200
2019-10-24,3.869999885559082,4.039999961853027,3.8499999046325684,3.9100000858306885,3.9100000858306885,25400
2019-10-25,3.950000047683716,4.070000171661377,3.809999942779541,3.9200000762939453,3.9200000762939453,43600
2019-10-28,3.9200000762939453,4.0,3.869999885559082,3.9000000953674316,3.9000000953674316,31800
2019-10-29,3.9200000762939453,4.010000228881836,3.9200000762939453,3.9600000381469727,3.9600000381469727,30100
2019-10-30,3.9800000190734863,4.0,3.9200000762939453,3.950000047683716,3.950000047683716,26300
2019-10-31,3.9800000190734863,3.990000009536743,3.859999895095825,3.869999885559082,3.869999885559082,46800
2019-11-01,3.9200000762939453,3.9700000286102295,3.799999952316284,3.9600000381469727,3.9600000381469727,31500
2019-11-04,3.9700000286102295,4.010000228881836,3.950000047683716,3.990000009536743,3.990000009536743,58800
2019-11-05,4.150000095367432,4.239999771118164,4.019999980926514,4.03000020980835,4.03000020980835,61300
2019-11-06,4.050000190734863,4.050000190734863,3.9000000953674316,3.9200000762939453,3.9200000762939453,44400
2019-11-07,4.0,4.0,3.890000104904175,3.890000104904175,3.890000104904175,10100
2019-11-08,3.890000104904175,3.930000066757202,3.8399999141693115,3.930000066757202,3.930000066757202,26800
2019-11-11,3.890000104904175,3.9600000381469727,3.859999895095825,3.950000047683716,3.950000047683716,22600
2019-11-12,3.9600000381469727,3.9600000381469727,3.8299999237060547,3.8299999237060547,3.8299999237060547,41400
2019-11-13,3.869999885559082,3.880000114440918,3.700000047683716,3.8499999046325684,3.8499999046325684,33300
2019-11-14,3.9000000953674316,3.9100000858306885,3.759999990463257,3.8499999046325684,3.8499999046325684,42000
2019-11-15,3.8499999046325684,3.9000000953674316,3.75,3.8399999141693115,3.8399999141693115,29700
2019-11-18,3.799999952316284,3.8399999141693115,3.7100000381469727,3.740000009536743,3.740000009536743,71100
2019-11-19,3.7100000381469727,3.799999952316284,3.5799999237060547,3.5799999237060547,3.5799999237060547,66200
2019-11-20,3.5999999046325684,3.6700000762939453,3.5,3.5299999713897705,3.5299999713897705,98200
2019-11-21,3.5199999809265137,3.630000114440918,3.200000047683716,3.4600000381469727,3.4600000381469727,91000
2019-11-22,3.5,3.5799999237060547,3.4600000381469727,3.549999952316284,3.549999952316284,91700
2019-11-25,3.5999999046325684,3.6600000858306885,3.569999933242798,3.640000104904175,3.640000104904175,61900
2019-11-26,3.630000114440918,3.9000000953674316,3.630000114440918,3.9000000953674316,3.9000000953674316,142800
2019-11-27,3.890000104904175,3.930000066757202,3.859999895095825,3.890000104904175,3.890000104904175,47600
2019-11-29,3.890000104904175,3.9200000762939453,3.799999952316284,3.8299999237060547,3.8299999237060547,16600
2019-12-02,3.799999952316284,3.8399999141693115,3.7300000190734863,3.7799999713897705,3.7799999713897705,25000
2019-12-03,3.7200000286102295,3.7799999713897705,3.7200000286102295,3.759999990463257,3.759999990463257,40100
2019-12-04,3.7899999618530273,3.809999942779541,3.7300000190734863,3.7799999713897705,3.7799999713897705,45900
2019-12-05,3.809999942779541,3.809999942779541,3.740000009536743,3.7699999809265137,3.7699999809265137,17100
2019-12-06,3.759999990463257,3.8399999141693115,3.7200000286102295,3.740000009536743,3.740000009536743,36400
2019-12-09,3.7300000190734863,3.8399999141693115,3.690000057220459,3.809999942779541,3.809999942779541,112100
2019-12-10,3.8399999141693115,3.9000000953674316,3.7699999809265137,3.880000114440918,3.880000114440918,57000
2019-12-11,3.819999933242798,3.890000104904175,3.7300000190734863,3.859999895095825,3.859999895095825,38000
2019-12-12,3.859999895095825,3.869999885559082,3.809999942779541,3.8399999141693115,3.8399999141693115,17300
2019-12-13,3.299999952316284,3.440000057220459,2.9200000762939453,3.259999990463257,3.259999990463257,375200
2019-12-16,3.5399999618530273,3.5399999618530273,3.259999990463257,3.259999990463257,3.259999990463257,111000
2019-12-17,3.309999942779541,3.4100000858306885,3.25,3.259999990463257,3.259999990463257,50500
2019-12-18,3.299999952316284,3.369999885559082,2.8499999046325684,2.9700000286102295,2.9700000286102295,388900
2019-12-19,2.9800000190734863,2.9800000190734863,2.7799999713897705,2.869999885559082,2.869999885559082,159400
2019-12-20,2.869999885559082,2.9800000190734863,2.7799999713897705,2.7799999713897705,2.7799999713897705,90600
2019-12-23,2.9100000858306885,3.0199999809265137,2.859999895095825,2.869999885559082,2.869999885559082,131300
2019-12-24,2.930000066757202,2.9800000190734863,2.869999885559082,2.880000114440918,2.880000114440918,29800
2019-12-26,2.9100000858306885,2.940000057220459,2.8499999046325684,2.940000057220459,2.940000057220459,57500
2019-12-27,2.9200000762939453,2.950000047683716,2.8499999046325684,2.890000104904175,2.890000104904175,71900
2019-12-30,2.9000000953674316,3.25,2.9000000953674316,3.2300000190734863,3.2300000190734863,114000
2019-12-31,3.240000009536743,3.3499999046325684,3.2200000286102295,3.2799999713897705,3.2799999713897705,58700
2020-01-02,3.2899999618530273,3.319999933242798,2.880000114440918,3.0,3.0,80200
2020-01-03,3.0299999713897705,3.180000066757202,3.0299999713897705,3.1600000858306885,3.1600000858306885,23500
2020-01-06,3.1600000858306885,3.1600000858306885,3.0399999618530273,3.1600000858306885,3.1600000858306885,33700
2020-01-07,3.240000009536743,3.240000009536743,2.9000000953674316,2.9700000286102295,2.9700000286102295,75900
2020-01-08,2.950000047683716,3.0299999713897705,2.930000066757202,3.0,3.0,41100
2020-01-09,3.0299999713897705,3.059999942779541,2.930000066757202,2.930000066757202,2.930000066757202,32600
2020-01-10,2.950000047683716,2.9600000381469727,2.8499999046325684,2.869999885559082,2.869999885559082,47600
2020-01-13,2.859999895095825,2.890000104904175,2.740000009536743,2.7699999809265137,2.7699999809265137,51500
2020-01-14,2.7699999809265137,3.5,2.7699999809265137,3.319999933242798,3.319999933242798,286200
2020-01-15,3.319999933242798,3.390000104904175,3.1600000858306885,3.299999952316284,3.299999952316284,139700
2020-01-16,3.319999933242798,3.5899999141693115,3.1500000953674316,3.549999952316284,3.549999952316284,98700
2020-01-17,3.549999952316284,3.5899999141693115,3.359999895095825,3.4800000190734863,3.4800000190734863,93800
2020-01-21,3.509999990463257,3.7899999618530273,3.430000066757202,3.7300000190734863,3.7300000190734863,72500
2020-01-22,3.930000066757202,4.130000114440918,3.8499999046325684,4.059999942779541,4.059999942779541,138400
2020-01-23,4.099999904632568,4.099999904632568,3.7300000190734863,3.950000047683716,3.950000047683716,96200
2020-01-24,3.990000009536743,3.990000009536743,3.7699999809265137,3.859999895095825,3.859999895095825,33600
2020-01-27,3.799999952316284,4.050000190734863,3.75,3.9700000286102295,3.9700000286102295,46700
2020-01-28,3.930000066757202,4.019999980926514,3.8499999046325684,3.9600000381469727,3.9600000381469727,23800
2020-01-29,3.799999952316284,3.9200000762939453,3.7300000190734863,3.75,3.75,55100
2020-01-30,3.680000066757202,3.7300000190734863,3.5399999618530273,3.609999895095825,3.609999895095825,36900
2020-01-31,3.609999895095825,3.6500000953674316,3.5399999618530273,3.549999952316284,3.549999952316284,21300
2020-02-03,3.549999952316284,3.809999942779541,3.549999952316284,3.569999933242798,3.569999933242798,38200
2020-02-04,3.5799999237060547,3.619999885559082,3.5,3.5,3.5,34600
2020-02-05,3.6500000953674316,3.6600000858306885,3.509999990463257,3.559999942779541,3.559999942779541,23800
2020-02-06,3.619999885559082,3.619999885559082,3.380000114440918,3.4800000190734863,3.4800000190734863,29300
2020-02-07,3.490000009536743,3.5,3.4000000953674316,3.4000000953674316,3.4000000953674316,31200
2020-02-10,3.3399999141693115,3.490000009536743,3.309999942779541,3.4200000762939453,3.4200000762939453,40300
2020-02-11,3.5,3.609999895095825,3.4200000762939453,3.5,3.5,35400
2020-02-12,3.6500000953674316,3.75,3.390000104904175,3.450000047683716,3.450000047683716,58100
2020-02-13,3.450000047683716,3.450000047683716,3.2699999809265137,3.4100000858306885,3.4100000858306885,22700
2020-02-14,3.430000066757202,3.4700000286102295,3.309999942779541,3.450000047683716,3.450000047683716,33300
2020-02-18,3.390000104904175,3.75,3.380000114440918,3.569999933242798,3.569999933242798,75000
2020-02-19,3.5999999046325684,3.6500000953674316,3.4000000953674316,3.4100000858306885,3.4100000858306885,37600
2020-02-20,3.5199999809265137,3.5199999809265137,3.369999885559082,3.4200000762939453,3.4200000762939453,49200
2020-02-21,3.4700000286102295,3.4700000286102295,3.3299999237060547,3.380000114440918,3.380000114440918,38600
2020-02-24,3.359999895095825,3.359999895095825,3.259999990463257,3.309999942779541,3.309999942779541,25000
2020-02-25,3.299999952316284,3.299999952316284,3.0999999046325684,3.2300000190734863,3.2300000190734863,61500
2020-02-26,3.200000047683716,3.2699999809265137,3.130000114440918,3.2699999809265137,3.2699999809265137,32000
2020-02-27,3.240000009536743,3.2799999713897705,3.0199999809265137,3.0999999046325684,3.0999999046325684,61900
2020-02-28,3.0199999809265137,3.0199999809265137,2.859999895095825,2.990000009536743,2.990000009536743,69800
2020-03-02,3.0,3.059999942779541,2.890000104904175,3.0199999809265137,3.0199999809265137,46100
2020-03-03,3.049999952316284,3.049999952316284,2.7799999713897705,2.9100000858306885,2.9100000858306885,58900
2020-03-04,2.9600000381469727,2.990000009536743,2.7899999618530273,2.930000066757202,2.930000066757202,44000
2020-03-05,2.809999942779541,3.0,2.809999942779541,2.809999942779541,2.809999942779541,32600
2020-03-06,2.819999933242798,2.869999885559082,2.5999999046325684,2.5999999046325684,2.5999999046325684,111500
2020-03-09,2.4700000286102295,2.5399999618530273,2.259999990463257,2.3399999141693115,2.3399999141693115,163900
2020-03-10,2.359999895095825,2.430000066757202,2.200000047683716,2.200000047683716,2.200000047683716,150100
2020-03-11,2.200000047683716,2.200000047683716,2.009999990463257,2.069999933242798,2.069999933242798,117900
2020-03-12,2.0,2.009999990463257,1.7999999523162842,1.8300000429153442,1.8300000429153442,296200
2020-03-13,1.899999976158142,2.119999885559082,1.899999976158142,2.119999885559082,2.119999885559082,103700
2020-03-16,2.049999952316284,2.049999952316284,1.899999976158142,1.9199999570846558,1.9199999570846558,74600
2020-03-17,1.899999976158142,2.119999885559082,1.899999976158142,2.0299999713897705,2.0299999713897705,89600
2020-03-18,1.909999966621399,1.9600000381469727,1.7000000476837158,1.7899999618530273,1.7899999618530273,161200
2020-03-19,1.809999942779541,1.9199999570846558,1.6399999856948853,1.850000023841858,1.850000023841858,59000
2020-03-20,1.8700000047683716,1.9700000286102295,1.8300000429153442,1.850000023841858,1.850000023841858,56000
2020-03-23,1.909999966621399,1.909999966621399,1.590000033378601,1.6399999856948853,1.6399999856948853,82100
2020-03-24,1.75,1.75,1.6699999570846558,1.690000057220459,1.690000057220459,68900
2020-03-25,1.7200000286102295,1.7899999618530273,1.5,1.600000023841858,1.600000023841858,130100
2020-03-26,1.6100000143051147,1.7000000476837158,1.600000023841858,1.6299999952316284,1.6299999952316284,64600
2020-03-27,1.649999976158142,1.690000057220459,1.3300000429153442,1.350000023841858,1.350000023841858,99600
2020-03-30,1.5,1.6799999475479126,1.4500000476837158,1.6200000047683716,1.6200000047683716,81400
2020-03-31,1.6299999952316284,1.6699999570846558,1.5499999523162842,1.590000033378601,1.590000033378601,52100
2020-04-01,1.5199999809265137,1.7300000190734863,1.5199999809265137,1.649999976158142,1.649999976158142,60300
2020-04-02,1.7400000095367432,1.7400000095367432,1.5099999904632568,1.5299999713897705,1.5299999713897705,63200
2020-04-03,1.4800000190734863,1.649999976158142,1.4800000190734863,1.5499999523162842,1.5499999523162842,36600
2020-04-06,1.5700000524520874,1.7200000286102295,1.5700000524520874,1.6200000047683716,1.6200000047683716,28000
2020-04-07,1.690000057220459,1.8300000429153442,1.649999976158142,1.6799999475479126,1.6799999475479126,36600
2020-04-08,1.7100000381469727,1.7200000286102295,1.659999966621399,1.7000000476837158,1.7000000476837158,18300
2020-04-09,1.7200000286102295,1.8300000429153442,1.690000057220459,1.8300000429153442,1.8300000429153442,34700
2020-04-13,1.850000023841858,1.850000023841858,1.7599999904632568,1.7699999809265137,1.7699999809265137,21800
2020-04-14,1.940000057220459,1.9600000381469727,1.8600000143051147,1.940000057220459,1.940000057220459,45800
2020-04-15,1.940000057220459,1.9500000476837158,1.7799999713897705,1.9199999570846558,1.9199999570846558,21300
2020-04-16,1.9600000381469727,2.0,1.8899999856948853,1.9299999475479126,1.9299999475479126,39000
2020-04-17,2.0,2.0,1.909999966621399,1.9900000095367432,1.9900000095367432,15600
2020-04-20,2.1500000953674316,2.4200000762939453,1.909999966621399,2.009999990463257,2.009999990463257,456600
2020-04-21,2.0999999046325684,2.0999999046325684,1.840000033378601,1.940000057220459,1.940000057220459,114600
2020-04-22,2.0,2.0,1.8600000143051147,1.9299999475479126,1.9299999475479126,58000
2020-04-23,1.9500000476837158,2.0199999809265137,1.899999976158142,2.0,2.0,63700
2020-04-24,1.9900000095367432,2.0299999713897705,1.9900000095367432,2.009999990463257,2.009999990463257,52600
2020-04-27,2.0,2.0299999713897705,1.9600000381469727,2.009999990463257,2.009999990463257,47500
2020-04-28,2.0,2.009999990463257,1.8899999856948853,1.9600000381469727,1.9600000381469727,68700
2020-04-29,1.9900000095367432,2.0299999713897705,1.9700000286102295,2.0,2.0,59900
2020-04-30,2.0,2.0,1.8700000047683716,1.8899999856948853,1.8899999856948853,75600
2020-05-01,1.809999942779541,1.940000057220459,1.809999942779541,1.840000033378601,1.840000033378601,48300
2020-05-04,2.25,2.390000104904175,1.8700000047683716,1.9800000190734863,1.9800000190734863,7115900
2020-05-05,1.9900000095367432,1.9900000095367432,1.7999999523162842,1.850000023841858,1.850000023841858,583800
2020-05-06,1.840000033378601,1.909999966621399,1.7000000476837158,1.7999999523162842,1.7999999523162842,188700
2020-05-07,1.7999999523162842,1.8799999952316284,1.7799999713897705,1.809999942779541,1.809999942779541,139400
2020-05-08,1.850000023841858,1.850000023841858,1.7100000381469727,1.809999942779541,1.809999942779541,128600
2020-05-11,1.850000023841858,2.009999990463257,1.850000023841858,1.9500000476837158,1.9500000476837158,298500
2020-05-12,1.9900000095367432,2.0,1.940000057220459,1.9500000476837158,1.9500000476837158,217400
2020-05-13,1.9299999475479126,1.9500000476837158,1.7999999523162842,1.9199999570846558,1.9199999570846558,209000
2020-05-14,1.8899999856948853,1.909999966621399,1.8200000524520874,1.909999966621399,1.909999966621399,42000
2020-05-15,1.909999966621399,1.9199999570846558,1.8300000429153442,1.899999976158142,1.899999976158142,74500
2020-05-18,1.899999976158142,1.899999976158142,1.8200000524520874,1.850000023841858,1.850000023841858,115800
2020-05-19,1.8700000047683716,1.9700000286102295,1.850000023841858,1.899999976158142,1.899999976158142,129300
2020-05-20,1.8799999952316284,1.940000057220459,1.850000023841858,1.8700000047683716,1.8700000047683716,67800
2020-05-21,1.8899999856948853,2.0899999141693115,1.840000033378601,2.049999952316284,2.049999952316284,275200
2020-05-22,1.940000057220459,2.25,1.940000057220459,2.180000066757202,2.180000066757202,267500
2020-05-26,2.2899999618530273,2.4800000190734863,2.2200000286102295,2.359999895095825,2.359999895095825,643500
2020-05-27,2.4000000953674316,2.430000066757202,2.299999952316284,2.319999933242798,2.319999933242798,245000
2020-05-28,2.3499999046325684,2.3499999046325684,2.0899999141693115,2.2799999713897705,2.2799999713897705,310900
2020-05-29,2.200000047683716,2.309999942779541,2.0899999141693115,2.2799999713897705,2.2799999713897705,149200
2020-06-01,2.569999933242798,2.5799999237060547,2.180000066757202,2.3299999237060547,2.3299999237060547,1414100
2020-06-02,2.25,2.4000000953674316,2.2100000381469727,2.2100000381469727,2.2100000381469727,333400
2020-06-03,2.25,2.4100000858306885,2.180000066757202,2.299999952316284,2.299999952316284,410400
2020-06-04,2.259999990463257,2.430000066757202,2.2200000286102295,2.369999885559082,2.369999885559082,299300
2020-06-05,2.359999895095825,2.4000000953674316,2.190000057220459,2.240000009536743,2.240000009536743,244000
2020-06-08,2.25,2.299999952316284,1.9800000190734863,1.9900000095367432,1.9900000095367432,396000
2020-06-09,2.109999895095825,2.200000047683716,2.059999942779541,2.180000066757202,2.180000066757202,224500
2020-06-10,2.180000066757202,2.2799999713897705,2.0799999237060547,2.119999885559082,2.119999885559082,146300
2020-06-11,2.130000114440918,2.140000104904175,1.850000023841858,1.8799999952316284,1.8799999952316284,265100
2020-06-12,1.8899999856948853,2.390000104904175,1.8799999952316284,2.2699999809265137,2.2699999809265137,737100
2020-06-15,2.109999895095825,2.2799999713897705,2.0399999618530273,2.2100000381469727,2.2100000381469727,256000
2020-06-16,2.319999933242798,2.809999942779541,2.190000057220459,2.549999952316284,2.549999952316284,1090600
2020-06-17,2.5999999046325684,2.609999895095825,2.2699999809265137,2.369999885559082,2.369999885559082,475600
2020-06-18,2.4200000762939453,2.5,2.3499999046325684,2.390000104904175,2.390000104904175,230100
2020-06-19,2.440000057220459,2.4600000381469727,2.319999933242798,2.4000000953674316,2.4000000953674316,177000
2020-06-22,2.380000114440918,2.4000000953674316,2.309999942779541,2.3499999046325684,2.3499999046325684,106300
2020-06-23,2.3399999141693115,2.359999895095825,2.2699999809265137,2.3299999237060547,2.3299999237060547,102100
2020-06-24,2.3299999237060547,2.450000047683716,2.2300000190734863,2.299999952316284,2.299999952316284,192900
2020-06-25,2.309999942779541,2.6700000762939453,2.309999942779541,2.5,2.5,303600
2020-06-26,2.490000009536743,2.799999952316284,2.4000000953674316,2.690000057220459,2.690000057220459,331200
2020-06-29,2.75,3.200000047683716,2.6600000858306885,2.9200000762939453,2.9200000762939453,506700
2020-06-30,2.8299999237060547,3.8399999141693115,2.819999933242798,3.059999942779541,3.059999942779541,818300
2020-07-01,3.0999999046325684,3.299999952316284,2.869999885559082,2.9800000190734863,2.9800000190734863,300300
2020-07-02,3.009999990463257,3.2100000381469727,2.990000009536743,3.180000066757202,3.180000066757202,310600
2020-07-06,3.0199999809265137,3.1700000762939453,2.9000000953674316,3.059999942779541,3.059999942779541,597300
2020-07-07,3.059999942779541,3.1500000953674316,2.9200000762939453,2.990000009536743,2.990000009536743,280100
2020-07-08,2.9700000286102295,3.049999952316284,2.9200000762939453,2.950000047683716,2.950000047683716,109500
2020-07-09,2.930000066757202,3.009999990463257,2.8499999046325684,2.9200000762939453,2.9200000762939453,174200
2020-07-10,3.299999952316284,3.5199999809265137,3.0999999046325684,3.299999952316284,3.299999952316284,2868100
2020-07-13,3.299999952316284,3.309999942779541,2.990000009536743,3.009999990463257,3.009999990463257,457500
2020-07-14,3.0,3.049999952316284,2.6500000953674316,2.809999942779541,2.809999942779541,292400
2020-07-15,2.809999942779541,2.9800000190734863,2.7699999809265137,2.9000000953674316,2.9000000953674316,185300
2020-07-16,2.890000104904175,3.0799999237060547,2.859999895095825,2.990000009536743,2.990000009536743,170100
2020-07-17,3.009999990463257,3.1500000953674316,2.9600000381469727,3.0999999046325684,3.0999999046325684,248800
2020-07-20,3.0999999046325684,3.140000104904175,2.9700000286102295,3.130000114440918,3.130000114440918,204300
2020-07-21,3.119999885559082,3.1600000858306885,3.0,3.069999933242798,3.069999933242798,276600
2020-07-22,3.059999942779541,3.130000114440918,3.009999990463257,3.049999952316284,3.049999952316284,299100
2020-07-23,3.0,3.0799999237060547,2.8499999046325684,2.859999895095825,2.859999895095825,222000
2020-07-24,2.859999895095825,2.9600000381469727,2.859999895095825,2.890000104904175,2.890000104904175,126700
2020-07-27,2.890000104904175,3.0299999713897705,2.859999895095825,2.9000000953674316,2.9000000953674316,118100
2020-07-28,3.049999952316284,3.0799999237060547,2.799999952316284,2.8399999141693115,2.8399999141693115,523000
2020-07-29,2.799999952316284,2.890000104904175,2.6700000762939453,2.6700000762939453,2.6700000762939453,405300
2020-07-30,2.680000066757202,2.940000057220459,2.5799999237060547,2.8499999046325684,2.8499999046325684,467600
2020-07-31,2.819999933242798,2.890000104904175,2.740000009536743,2.7799999713897705,2.7799999713897705,143500
2020-08-03,2.7799999713897705,2.9000000953674316,2.7300000190734863,2.799999952316284,2.799999952316284,317500
2020-08-04,2.7899999618530273,3.0199999809265137,2.7200000286102295,2.880000114440918,2.880000114440918,529800
2020-08-05,2.950000047683716,2.950000047683716,2.880000114440918,2.9000000953674316,2.9000000953674316,148000
2020-08-06,2.880000114440918,2.9000000953674316,2.7899999618530273,2.859999895095825,2.859999895095825,99800
2020-08-07,2.819999933242798,2.869999885559082,2.7699999809265137,2.799999952316284,2.799999952316284,61600
2020-08-10,2.7699999809265137,2.9700000286102295,2.740000009536743,2.9600000381469727,2.9600000381469727,227000
2020-08-11,2.950000047683716,2.950000047683716,2.759999990463257,2.7799999713897705,2.7799999713897705,229800
2020-08-12,2.799999952316284,2.799999952316284,2.619999885559082,2.640000104904175,2.640000104904175,161300
2020-08-13,2.640000104904175,2.7300000190734863,2.5899999141693115,2.680000066757202,2.680000066757202,203300
2020-08-14,2.7300000190734863,2.7300000190734863,2.619999885559082,2.680000066757202,2.680000066757202,118800
2020-08-17,2.680000066757202,2.819999933242798,2.5999999046325684,2.819999933242798,2.819999933242798,197800
2020-08-18,2.809999942779541,2.809999942779541,2.5999999046325684,2.6500000953674316,2.6500000953674316,163800
2020-08-19,2.7100000381469727,2.7200000286102295,2.5199999809265137,2.5399999618530273,2.5399999618530273,156600
2020-08-20,2.569999933242798,2.5799999237060547,2.450000047683716,2.5,2.5,136700
2020-08-21,2.5,2.559999942779541,2.3499999046325684,2.359999895095825,2.359999895095825,191700
2020-08-24,2.4000000953674316,2.430000066757202,2.2699999809265137,2.3399999141693115,2.3399999141693115,127100
2020-08-25,2.309999942779541,2.359999895095825,1.7000000476837158,1.8799999952316284,1.8799999952316284,2504700
2020-08-26,1.899999976158142,2.049999952316284,1.8600000143051147,1.9600000381469727,1.9600000381469727,456300
2020-08-27,1.9700000286102295,2.0199999809265137,1.8700000047683716,1.9299999475479126,1.9299999475479126,400800
2020-08-28,1.9199999570846558,1.9800000190734863,1.8899999856948853,1.909999966621399,1.909999966621399,173200
2020-08-31,1.940000057220459,2.009999990463257,1.899999976158142,1.9800000190734863,1.9800000190734863,194700
2020-09-01,2.0199999809265137,2.0199999809265137,1.899999976158142,1.9299999475479126,1.9299999475479126,93100
2020-09-02,1.9600000381469727,1.9600000381469727,1.809999942779541,1.8899999856948853,1.8899999856948853,142900
2020-09-03,1.909999966621399,1.909999966621399,1.7599999904632568,1.8300000429153442,1.8300000429153442,196100
2020-09-04,1.840000033378601,1.8799999952316284,1.7400000095367432,1.7899999618530273,1.7899999618530273,195100
2020-09-08,1.75,1.940000057220459,1.75,1.899999976158142,1.899999976158142,177500
2020-09-09,1.909999966621399,2.009999990463257,1.8600000143051147,1.8600000143051147,1.8600000143051147,118400
2020-09-10,1.8899999856948853,2.0399999618530273,1.8799999952316284,1.9900000095367432,1.9900000095367432,143300
2020-09-11,1.9500000476837158,2.190000057220459,1.9500000476837158,2.0799999237060547,2.0799999237060547,505600
2020-09-14,2.0799999237060547,2.380000114440918,2.0799999237060547,2.369999885559082,2.369999885559082,397600
2020-09-15,2.4000000953674316,2.4100000858306885,2.200000047683716,2.309999942779541,2.309999942779541,316900
2020-09-16,2.2799999713897705,2.380000114440918,2.259999990463257,2.3299999237060547,2.3299999237060547,185300
2020-09-17,2.299999952316284,2.4000000953674316,2.2699999809265137,2.369999885559082,2.369999885559082,129600
2020-09-18,2.359999895095825,2.7100000381469727,2.299999952316284,2.5799999237060547,2.5799999237060547,475200
2020-09-21,2.5799999237060547,2.5999999046325684,2.450000047683716,2.4600000381469727,2.4600000381469727,143600
2020-09-22,2.5,2.6600000858306885,2.369999885559082,2.5899999141693115,2.5899999141693115,206400
2020-09-23,2.640000104904175,2.640000104904175,2.369999885559082,2.380000114440918,2.380000114440918,206900
2020-09-24,2.369999885559082,2.390000104904175,2.25,2.299999952316284,2.299999952316284,92500
2020-09-25,2.3299999237060547,2.5399999618530273,2.2899999618530273,2.490000009536743,2.490000009536743,173800
2020-09-28,2.5199999809265137,2.5999999046325684,2.5,2.5299999713897705,2.5299999713897705,94500
2020-09-29,2.5,2.6600000858306885,2.5,2.559999942779541,2.559999942779541,283700
2020-09-30,2.509999990463257,2.619999885559082,2.359999895095825,2.430000066757202,2.430000066757202,178400
2020-10-01,2.509999990463257,2.9800000190734863,2.5,2.9700000286102295,2.9700000286102295,1155800
2020-10-02,2.740000009536743,2.880000114440918,2.5999999046325684,2.5999999046325684,2.5999999046325684,433600
2020-10-05,2.7799999713897705,2.7799999713897705,2.640000104904175,2.640000104904175,2.640000104904175,139500
2020-10-06,2.6600000858306885,2.7100000381469727,2.5999999046325684,2.609999895095825,2.609999895095825,136300
2020-10-07,2.6500000953674316,2.7100000381469727,2.5999999046325684,2.619999885559082,2.619999885559082,124400
2020-10-08,2.619999885559082,2.7100000381469727,2.5999999046325684,2.630000114440918,2.630000114440918,117700
2020-10-09,2.640000104904175,2.6700000762939453,2.559999942779541,2.6500000953674316,2.6500000953674316,118000
2020-10-12,2.6500000953674316,2.7799999713897705,2.5999999046325684,2.5999999046325684,2.5999999046325684,134100
2020-10-13,2.619999885559082,2.700000047683716,2.569999933242798,2.6600000858306885,2.6600000858306885,87400
2020-10-14,2.700000047683716,3.049999952316284,2.6700000762939453,2.809999942779541,2.809999942779541,424000
2020-10-15,2.700000047683716,2.8399999141693115,2.640000104904175,2.6600000858306885,2.6600000858306885,141400
2020-10-16,2.6600000858306885,2.7699999809265137,2.609999895095825,2.640000104904175,2.640000104904175,126200
2020-10-19,2.640000104904175,2.640000104904175,2.3499999046325684,2.380000114440918,2.380000114440918,168100
2020-10-20,2.450000047683716,2.5,2.2799999713897705,2.3399999141693115,2.3399999141693115,98400
2020-10-21,2.240000009536743,2.509999990463257,2.240000009536743,2.390000104904175,2.390000104904175,239100
2020-10-22,2.359999895095825,2.490000009536743,2.359999895095825,2.390000104904175,2.390000104904175,260000
2020-10-23,2.380000114440918,2.4000000953674316,2.2200000286102295,2.259999990463257,2.259999990463257,167400
2020-10-26,2.2200000286102295,2.259999990463257,2.1600000858306885,2.180000066757202,2.180000066757202,57000
2020-10-27,2.180000066757202,2.3299999237060547,2.1600000858306885,2.200000047683716,2.200000047683716,141100
2020-10-28,2.1500000953674316,2.180000066757202,1.9700000286102295,2.0199999809265137,2.0199999809265137,366300
2020-10-29,2.0,2.140000104904175,2.0,2.0899999141693115,2.0899999141693115,96500
2020-10-30,2.0799999237060547,2.190000057220459,2.0299999713897705,2.059999942779541,2.059999942779541,154100
2020-11-02,2.0899999141693115,2.240000009536743,2.0899999141693115,2.1600000858306885,2.1600000858306885,94400
2020-11-03,2.1600000858306885,2.190000057220459,1.9500000476837158,1.9600000381469727,1.9600000381469727,207200
2020-11-04,2.119999885559082,2.119999885559082,1.9600000381469727,1.9900000095367432,1.9900000095367432,78000
2020-11-05,1.9900000095367432,2.049999952316284,1.9700000286102295,2.0199999809265137,2.0199999809265137,58900
2020-11-06,2.0199999809265137,2.119999885559082,2.009999990463257,2.0399999618530273,2.0399999618530273,83100
2020-11-09,2.0299999713897705,2.0799999237060547,1.909999966621399,1.940000057220459,1.940000057220459,117300
2020-11-10,1.9600000381469727,2.180000066757202,1.9199999570846558,2.009999990463257,2.009999990463257,177500
2020-11-11,2.0399999618530273,2.059999942779541,1.9900000095367432,2.059999942779541,2.059999942779541,32100
2020-11-12,2.0199999809265137,2.140000104904175,2.0199999809265137,2.109999895095825,2.109999895095825,38700
2020-11-13,2.130000114440918,2.190000057220459,2.0899999141693115,2.1700000762939453,2.1700000762939453,49000
2020-11-16,2.1600000858306885,2.2200000286102295,2.0899999141693115,2.109999895095825,2.109999895095825,81600
2020-11-17,2.109999895095825,2.2100000381469727,2.0899999141693115,2.140000104904175,2.140000104904175,75600
2020-11-18,2.180000066757202,2.259999990463257,2.130000114440918,2.1700000762939453,2.1700000762939453,66600
2020-11-19,2.190000057220459,2.200000047683716,2.0899999141693115,2.180000066757202,2.180000066757202,76600
2020-11-20,2.190000057220459,2.25,2.0199999809265137,2.2100000381469727,2.2100000381469727,122700
2020-11-23,2.3299999237060547,2.380000114440918,2.119999885559082,2.1700000762939453,2.1700000762939453,205900
2020-11-24,2.2200000286102295,2.2200000286102295,1.9600000381469727,2.0399999618530273,2.0399999618530273,268500
2020-11-25,2.049999952316284,2.3499999046325684,2.0299999713897705,2.2799999713897705,2.2799999713897705,342400
2020-11-27,2.2799999713897705,2.7899999618530273,2.2799999713897705,2.7799999713897705,2.7799999713897705,324100
2020-11-30,2.890000104904175,2.9100000858306885,2.509999990463257,2.640000104904175,2.640000104904175,270500
2020-12-01,2.75,2.950000047683716,2.640000104904175,2.869999885559082,2.869999885559082,226800
2020-12-02,2.9100000858306885,2.950000047683716,2.8499999046325684,2.9100000858306885,2.9100000858306885,86800
2020-12-03,2.9000000953674316,2.9000000953674316,2.7300000190734863,2.809999942779541,2.809999942779541,88600
2020-12-04,2.8499999046325684,2.9600000381469727,2.7200000286102295,2.890000104904175,2.890000104904175,176500
2020-12-07,2.880000114440918,2.950000047683716,2.809999942779541,2.859999895095825,2.859999895095825,82500
2020-12-08,2.859999895095825,3.0899999141693115,2.859999895095825,3.0299999713897705,3.0299999713897705,172100
2020-12-09,3.049999952316284,3.049999952316284,2.7100000381469727,2.890000104904175,2.890000104904175,164100
2020-12-10,2.8499999046325684,5.400000095367432,2.8499999046325684,3.140000104904175,3.140000104904175,16876100
2020-12-11,3.049999952316284,3.200000047683716,2.7899999618530273,2.990000009536743,2.990000009536743,999300
2020-12-14,3.640000104904175,3.640000104904175,2.630000114440918,2.630000114440918,2.630000114440918,2948500
2020-12-15,2.6600000858306885,2.809999942779541,2.630000114440918,2.7899999618530273,2.7899999618530273,336600
2020-12-16,2.8399999141693115,2.8399999141693115,2.490000009536743,2.640000104904175,2.640000104904175,439800
2020-12-17,2.6600000858306885,2.7699999809265137,2.619999885559082,2.7100000381469727,2.7100000381469727,256900
2020-12-18,2.640000104904175,2.7899999618530273,2.640000104904175,2.7899999618530273,2.7899999618530273,195800
2020-12-21,3.1500000953674316,3.2200000286102295,2.7100000381469727,2.75,2.75,1542700
2020-12-22,3.0,3.0799999237060547,2.7100000381469727,2.799999952316284,2.799999952316284,1732200
2020-12-23,2.890000104904175,2.890000104904175,2.6500000953674316,2.8299999237060547,2.8299999237060547,917300
2020-12-24,2.9000000953674316,2.9000000953674316,2.759999990463257,2.8499999046325684,2.8499999046325684,168100
2020-12-28,2.809999942779541,2.869999885559082,2.690000057220459,2.869999885559082,2.869999885559082,609200
2020-12-29,2.940000057220459,2.940000057220459,2.759999990463257,2.9200000762939453,2.9200000762939453,552000
2020-12-30,2.940000057220459,3.319999933242798,2.880000114440918,3.190000057220459,3.190000057220459,1148200
2020-12-31,3.2200000286102295,3.2300000190734863,2.9800000190734863,3.069999933242798,3.069999933242798,283800
2021-01-04,3.130000114440918,3.319999933242798,3.0199999809265137,3.2699999809265137,3.2699999809265137,272400
2021-01-05,3.2799999713897705,3.5,3.2699999809265137,3.4200000762939453,3.4200000762939453,423000
2021-01-06,3.4200000762939453,3.549999952316284,3.359999895095825,3.359999895095825,3.359999895095825,230100
2021-01-07,3.450000047683716,3.7100000381469727,3.3299999237060547,3.700000047683716,3.700000047683716,307600
2021-01-08,3.7300000190734863,3.9600000381469727,3.549999952316284,3.9100000858306885,3.9100000858306885,400800
2021-01-11,3.8299999237060547,3.9200000762939453,3.559999942779541,3.6500000953674316,3.6500000953674316,339400
2021-01-12,3.690000057220459,3.950000047683716,3.549999952316284,3.809999942779541,3.809999942779541,440400
2021-01-13,3.819999933242798,3.9000000953674316,3.7100000381469727,3.869999885559082,3.869999885559082,273100
2021-01-14,4.010000228881836,4.480000019073486,3.950000047683716,4.380000114440918,4.380000114440918,769000
2021-01-15,4.429999828338623,4.579999923706055,4.25,4.449999809265137,4.449999809265137,469800
2021-01-19,4.559999942779541,4.570000171661377,4.139999866485596,4.380000114440918,4.380000114440918,399800
2021-01-20,4.440000057220459,4.519999980926514,4.0,4.190000057220459,4.190000057220459,322700
2021-01-21,4.210000038146973,4.579999923706055,4.070000171661377,4.429999828338623,4.429999828338623,681200
2021-01-22,4.429999828338623,4.429999828338623,4.179999828338623,4.210000038146973,4.210000038146973,465100
2021-01-25,4.210000038146973,4.340000152587891,4.039999961853027,4.230000019073486,4.230000019073486,510800
2021-01-26,4.25,4.429999828338623,3.9200000762939453,3.930000066757202,3.930000066757202,647400
2021-01-27,3.8499999046325684,4.010000228881836,3.7200000286102295,3.880000114440918,3.880000114440918,305700
2021-01-28,3.7300000190734863,4.059999942779541,3.430000066757202,3.5999999046325684,3.5999999046325684,583900
2021-01-29,3.6700000762939453,3.9100000858306885,3.5999999046325684,3.6500000953674316,3.6500000953674316,243900
2021-02-01,3.950000047683716,4.150000095367432,3.799999952316284,4.110000133514404,4.110000133514404,754700
2021-02-02,4.099999904632568,4.199999809265137,3.9000000953674316,4.190000057220459,4.190000057220459,277700
2021-02-03,4.260000228881836,4.679999828338623,4.190000057220459,4.670000076293945,4.670000076293945,478000
2021-02-04,4.480000019073486,4.699999809265137,4.480000019073486,4.53000020980835,4.53000020980835,346600
2021-02-05,4.559999942779541,4.679999828338623,4.360000133514404,4.519999980926514,4.519999980926514,150800
2021-02-08,4.599999904632568,5.630000114440918,4.519999980926514,5.300000190734863,5.300000190734863,997500
2021-02-09,5.28000020980835,5.519999980926514,5.139999866485596,5.340000152587891,5.340000152587891,508000
2021-02-10,5.489999771118164,5.489999771118164,4.869999885559082,5.300000190734863,5.300000190734863,283700
2021-02-11,5.320000171661377,5.360000133514404,5.119999885559082,5.309999942779541,5.309999942779541,157300
2021-02-12,5.269999980926514,5.400000095367432,5.03000020980835,5.25,5.25,163900
2021-02-16,5.360000133514404,5.5,5.269999980926514,5.480000019073486,5.480000019073486,279100
2021-02-17,5.5,5.519999980926514,5.119999885559082,5.389999866485596,5.389999866485596,270700
2021-02-18,5.389999866485596,5.590000152587891,5.059999942779541,5.25,5.25,319800
2021-02-19,5.239999771118164,5.239999771118164,5.03000020980835,5.179999828338623,5.179999828338623,220000
2021-02-22,5.139999866485596,5.230000019073486,4.869999885559082,4.929999828338623,4.929999828338623,169600
2021-02-23,4.75,4.75,4.059999942779541,4.590000152587891,4.590000152587891,330200
2021-02-24,4.670000076293945,5.050000190734863,4.46999979019165,5.03000020980835,5.03000020980835,196700
2021-02-25,5.099999904632568,5.210000038146973,4.849999904632568,5.179999828338623,5.179999828338623,349100
2021-02-26,5.260000228881836,5.260000228881836,4.710000038146973,5.059999942779541,5.059999942779541,197600
2021-03-01,5.159999847412109,5.289999961853027,5.010000228881836,5.139999866485596,5.139999866485596,115200
2021-03-02,5.139999866485596,5.179999828338623,4.929999828338623,4.949999809265137,4.949999809265137,133800
2021-03-03,4.929999828338623,5.130000114440918,4.75,4.96999979019165,4.96999979019165,236200
2021-03-04,5.03000020980835,5.139999866485596,4.349999904632568,4.590000152587891,4.590000152587891,303200
2021-03-05,4.570000171661377,4.889999866485596,3.9000000953674316,4.769999980926514,4.769999980926514,371900
2021-03-08,4.75,4.789999961853027,4.289999961853027,4.300000190734863,4.300000190734863,155400
2021-03-09,4.360000133514404,4.829999923706055,4.320000171661377,4.78000020980835,4.78000020980835,148700
2021-03-10,4.909999847412109,4.989999771118164,4.610000133514404,4.829999923706055,4.829999923706055,110900
2021-03-11,4.860000133514404,5.289999961853027,4.820000171661377,5.139999866485596,5.139999866485596,228800
2021-03-12,6.710000038146973,6.849999904632568,5.420000076293945,5.840000152587891,5.840000152587891,8255500
2021-03-15,5.710000038146973,5.900000095367432,5.449999809265137,5.760000228881836,5.760000228881836,417500
2021-03-16,5.559999942779541,6.739999771118164,5.5,6.21999979019165,6.21999979019165,683400
2021-03-17,6.239999771118164,7.199999809265137,6.03000020980835,7.139999866485596,7.139999866485596,590400
2021-03-18,6.989999771118164,8.09000015258789,6.599999904632568,6.989999771118164,6.989999771118164,1527400
2021-03-19,7.110000133514404,7.489999771118164,6.71999979019165,6.96999979019165,6.96999979019165,861000
2021-03-22,6.880000114440918,7.130000114440918,6.329999923706055,6.789999961853027,6.789999961853027,912200
2021-03-23,5.170000076293945,5.179999828338623,4.449999809265137,4.800000190734863,4.800000190734863,6040200
2021-03-24,4.880000114440918,4.889999866485596,4.260000228881836,4.329999923706055,4.329999923706055,1073700
2021-03-25,4.21999979019165,4.949999809265137,4.210000038146973,4.730000019073486,4.730000019073486,995000
2021-03-26,4.690000057220459,5.119999885559082,4.639999866485596,5.059999942779541,5.059999942779541,1088700
2021-03-29,5.070000171661377,5.099999904632568,4.760000228881836,4.869999885559082,4.869999885559082,297200
2021-03-30,4.769999980926514,5.090000152587891,4.760000228881836,4.869999885559082,4.869999885559082,302200
2021-03-31,4.900000095367432,5.050000190734863,4.630000114440918,4.679999828338623,4.679999828338623,422600
2021-04-01,4.679999828338623,4.929999828338623,4.630000114440918,4.75,4.75,247900
2021-04-05,4.900000095367432,4.900000095367432,4.630000114440918,4.659999847412109,4.659999847412109,236100
2021-04-06,4.710000038146973,4.710000038146973,4.460000038146973,4.510000228881836,4.510000228881836,264400
2021-04-07,4.539999961853027,4.739999771118164,4.460000038146973,4.599999904632568,4.599999904632568,231000
2021-04-08,4.610000133514404,4.75,4.519999980926514,4.639999866485596,4.639999866485596,135400
2021-04-09,4.559999942779541,4.670000076293945,4.46999979019165,4.5,4.5,161400
2021-04-12,4.639999866485596,4.730000019073486,4.340000152587891,4.650000095367432,4.650000095367432,466900
2021-04-13,4.690000057220459,4.75,4.599999904632568,4.710000038146973,4.710000038146973,164500
2021-04-14,4.699999809265137,4.769999980926514,4.599999904632568,4.599999904632568,4.599999904632568,134300
2021-04-15,4.800000190734863,5.050000190734863,4.659999847412109,4.920000076293945,4.920000076293945,740500
2021-04-16,5.050000190734863,5.050000190734863,4.619999885559082,4.699999809265137,4.699999809265137,637000
2021-04-19,3.8299999237060547,4.170000076293945,3.700000047683716,4.059999942779541,4.059999942779541,1223200
2021-04-20,3.950000047683716,4.289999961853027,3.859999895095825,4.170000076293945,4.170000076293945,698900
2021-04-21,4.190000057220459,4.190000057220459,3.950000047683716,4.110000133514404,4.110000133514404,269200
2021-04-22,4.139999866485596,4.460000038146973,4.110000133514404,4.329999923706055,4.329999923706055,285200
2021-04-23,4.360000133514404,4.739999771118164,4.360000133514404,4.699999809265137,4.699999809265137,460600
2021-04-26,4.800000190734863,4.920000076293945,4.699999809265137,4.860000133514404,4.860000133514404,279900
2021-04-27,4.900000095367432,4.949999809265137,4.579999923706055,4.760000228881836,4.760000228881836,365500
2021-04-28,4.71999979019165,4.949999809265137,4.639999866485596,4.889999866485596,4.889999866485596,179300
2021-04-29,4.949999809265137,4.949999809265137,4.659999847412109,4.769999980926514,4.769999980926514,139400
2021-04-30,4.650000095367432,5.039999961853027,4.650000095367432,4.880000114440918,4.880000114440918,172600
2021-05-03,4.940000057220459,4.940000057220459,4.75,4.75,4.75,112900
2021-05-04,4.699999809265137,4.699999809265137,4.440000057220459,4.590000152587891,4.590000152587891,179800
2021-05-05,4.639999866485596,4.730000019073486,4.46999979019165,4.690000057220459,4.690000057220459,120100
2021-05-06,4.630000114440918,4.679999828338623,4.119999885559082,4.269999980926514,4.269999980926514,230700
2021-05-07,4.210000038146973,4.420000076293945,4.210000038146973,4.369999885559082,4.369999885559082,101100
2021-05-10,4.400000095367432,4.559999942779541,4.21999979019165,4.25,4.25,120000
2021-05-11,4.070000171661377,4.380000114440918,4.03000020980835,4.320000171661377,4.320000171661377,142400
2021-05-12,4.239999771118164,4.360000133514404,4.110000133514404,4.110000133514404,4.110000133514404,72500
2021-05-13,4.150000095367432,4.260000228881836,3.299999952316284,3.4600000381469727,3.4600000381469727,844100
2021-05-14,3.440000057220459,4.0,3.440000057220459,3.7200000286102295,3.7200000286102295,217400
2021-05-17,3.630000114440918,3.8299999237060547,3.609999895095825,3.7100000381469727,3.7100000381469727,123200
2021-05-18,3.700000047683716,4.110000133514404,3.700000047683716,3.9800000190734863,3.9800000190734863,149500
2021-05-19,3.9000000953674316,3.9700000286102295,3.799999952316284,3.9200000762939453,3.9200000762939453,71900
2021-05-20,3.940000057220459,4.25,3.930000066757202,4.150000095367432,4.150000095367432,167300
2021-05-21,4.179999828338623,4.179999828338623,3.9600000381469727,4.039999961853027,4.039999961853027,86400
2021-05-24,4.050000190734863,4.090000152587891,3.9000000953674316,3.940000057220459,3.940000057220459,62400
2021-05-25,4.010000228881836,4.059999942779541,3.8499999046325684,3.859999895095825,3.859999895095825,87400
2021-05-26,4.0,4.119999885559082,3.9000000953674316,4.03000020980835,4.03000020980835,171800
2021-05-27,4.119999885559082,4.170000076293945,3.9700000286102295,3.9800000190734863,3.9800000190734863,124600
2021-05-28,4.039999961853027,4.090000152587891,3.8399999141693115,3.9700000286102295,3.9700000286102295,147400
2021-06-01,3.9700000286102295,4.090000152587891,3.880000114440918,4.019999980926514,4.019999980926514,50800
2021-06-02,4.019999980926514,4.050000190734863,3.8399999141693115,3.940000057220459,3.940000057220459,145200
2021-06-03,3.9600000381469727,3.9700000286102295,3.819999933242798,3.930000066757202,3.930000066757202,93900
2021-06-04,4.0,4.25,3.950000047683716,4.119999885559082,4.119999885559082,265100
2021-06-07,4.119999885559082,4.300000190734863,4.099999904632568,4.199999809265137,4.199999809265137,123200
2021-06-08,4.269999980926514,4.340000152587891,4.099999904632568,4.309999942779541,4.309999942779541,55200
2021-06-09,4.28000020980835,4.75,4.199999809265137,4.199999809265137,4.199999809265137,187100
2021-06-10,4.179999828338623,4.389999866485596,4.179999828338623,4.329999923706055,4.329999923706055,125000
2021-06-11,4.309999942779541,4.420000076293945,4.239999771118164,4.269999980926514,4.269999980926514,53900
2021-06-14,4.269999980926514,4.380000114440918,3.930000066757202,4.150000095367432,4.150000095367432,144600
2021-06-15,4.170000076293945,4.239999771118164,4.050000190734863,4.230000019073486,4.230000019073486,61600
2021-06-16,4.239999771118164,4.239999771118164,4.110000133514404,4.150000095367432,4.150000095367432,88700
2021-06-17,4.090000152587891,4.25,4.0,4.130000114440918,4.130000114440918,105000
2021-06-18,4.090000152587891,4.230000019073486,3.950000047683716,3.950000047683716,3.950000047683716,202600
2021-06-21,3.950000047683716,4.110000133514404,3.9100000858306885,3.9100000858306885,3.9100000858306885,78700
2021-06-22,3.9100000858306885,3.990000009536743,3.859999895095825,3.890000104904175,3.890000104904175,95600
2021-06-23,3.940000057220459,4.099999904632568,3.9000000953674316,3.9800000190734863,3.9800000190734863,76700
2021-06-24,3.990000009536743,4.0,3.890000104904175,3.950000047683716,3.950000047683716,84800
2021-06-25,3.9800000190734863,4.050000190734863,3.880000114440918,3.990000009536743,3.990000009536743,82200
2021-06-28,3.9800000190734863,3.9800000190734863,3.819999933242798,3.9100000858306885,3.9100000858306885,89800
2021-06-29,3.9000000953674316,3.9600000381469727,3.869999885559082,3.950000047683716,3.950000047683716,52300
2021-06-30,3.950000047683716,3.950000047683716,3.8299999237060547,3.880000114440918,3.880000114440918,37400
2021-07-01,3.9100000858306885,3.9100000858306885,3.799999952316284,3.8499999046325684,3.8499999046325684,44600
2021-07-02,3.8499999046325684,3.869999885559082,3.75,3.7899999618530273,3.7899999618530273,93400
2021-07-06,3.799999952316284,3.799999952316284,3.640000104904175,3.700000047683716,3.700000047683716,107000
2021-07-07,3.6700000762939453,3.700000047683716,3.4800000190734863,3.569999933242798,3.569999933242798,155600
2021-07-08,3.5999999046325684,3.7899999618530273,3.509999990463257,3.7300000190734863,3.7300000190734863,108600
2021-07-09,3.7300000190734863,3.809999942779541,3.6700000762939453,3.7899999618530273,3.7899999618530273,60700
2021-07-12,3.819999933242798,3.890000104904175,3.700000047683716,3.759999990463257,3.759999990463257,86100
2021-07-13,3.75,3.799999952316284,3.619999885559082,3.690000057220459,3.690000057220459,82000
2021-07-14,3.7799999713897705,3.7799999713897705,3.640000104904175,3.75,3.75,182600
2021-07-15,3.7300000190734863,4.110000133514404,3.609999895095825,4.070000171661377,4.070000171661377,507600
2021-07-16,4.010000228881836,4.150000095367432,3.8399999141693115,3.9800000190734863,3.9800000190734863,289600
2021-07-19,3.9000000953674316,4.039999961853027,3.819999933242798,4.039999961853027,4.039999961853027,206000
2021-07-20,4.059999942779541,4.5,3.9700000286102295,4.320000171661377,4.320000171661377,520000
2021-07-21,4.489999771118164,4.489999771118164,4.179999828338623,4.269999980926514,4.269999980926514,235400
2021-07-22,4.329999923706055,4.380000114440918,4.110000133514404,4.349999904632568,4.349999904632568,272600
2021-07-23,4.360000133514404,4.380000114440918,4.199999809265137,4.25,4.25,193000
2021-07-26,4.25,4.420000076293945,4.079999923706055,4.349999904632568,4.349999904632568,519100
2021-07-27,4.349999904632568,4.5,4.21999979019165,4.489999771118164,4.489999771118164,425000
2021-07-28,4.5,4.889999866485596,4.5,4.809999942779541,4.809999942779541,575600
2021-07-29,4.820000171661377,4.820000171661377,4.570000171661377,4.570000171661377,4.570000171661377,177300
2021-07-30,4.519999980926514,4.650000095367432,4.400000095367432,4.420000076293945,4.420000076293945,160200
2021-08-02,4.429999828338623,4.460000038146973,4.300000190734863,4.380000114440918,4.380000114440918,150200
2021-08-03,4.389999866485596,4.389999866485596,4.150000095367432,4.230000019073486,4.230000019073486,136300
2021-08-04,4.190000057220459,4.190000057220459,4.0,4.150000095367432,4.150000095367432,215300
2021-08-05,4.139999866485596,4.400000095367432,4.130000114440918,4.269999980926514,4.269999980926514,241900
2021-08-06,4.25,4.320000171661377,4.110000133514404,4.260000228881836,4.260000228881836,136400
2021-08-09,4.28000020980835,4.349999904632568,4.159999847412109,4.309999942779541,4.309999942779541,253900
2021-08-10,4.329999923706055,4.429999828338623,4.199999809265137,4.239999771118164,4.239999771118164,181100
2021-08-11,4.239999771118164,4.239999771118164,4.070000171661377,4.179999828338623,4.179999828338623,157600
2021-08-12,4.170000076293945,4.28000020980835,3.990000009536743,4.190000057220459,4.190000057220459,127200
2021-08-13,4.190000057220459,4.239999771118164,4.090000152587891,4.150000095367432,4.150000095367432,80100
2021-08-16,4.099999904632568,4.199999809265137,3.990000009536743,4.039999961853027,4.039999961853027,122000
2021-08-17,4.0,4.150000095367432,3.9200000762939453,4.039999961853027,4.039999961853027,94900
2021-08-18,4.179999828338623,4.480000019073486,4.03000020980835,4.400000095367432,4.400000095367432,871600
2021-08-19,4.360000133514404,4.400000095367432,4.179999828338623,4.230000019073486,4.230000019073486,231400
2021-08-20,4.230000019073486,4.449999809265137,4.119999885559082,4.389999866485596,4.389999866485596,105100
2021-08-23,4.440000057220459,4.75,4.400000095367432,4.690000057220459,4.690000057220459,291900
2021-08-24,4.71999979019165,4.730000019073486,4.5,4.550000190734863,4.550000190734863,208700
2021-08-25,5.039999961853027,5.300000190734863,4.809999942779541,4.960000038146973,4.960000038146973,4212800
2021-08-26,4.940000057220459,4.96999979019165,4.559999942779541,4.900000095367432,4.900000095367432,486100
2021-08-27,4.940000057220459,5.300000190734863,4.849999904632568,5.25,5.25,540900
2021-08-30,5.360000133514404,5.869999885559082,5.25,5.480000019073486,5.480000019073486,1278200
2021-08-31,5.429999828338623,5.739999771118164,5.070000171661377,5.599999904632568,5.599999904632568,412900
2021-09-01,5.639999866485596,5.650000095367432,5.28000020980835,5.309999942779541,5.309999942779541,222200
2021-09-02,5.320000171661377,5.539999961853027,5.25,5.480000019073486,5.480000019073486,151900
2021-09-03,5.480000019073486,5.519999980926514,5.349999904632568,5.429999828338623,5.429999828338623,80800
2021-09-07,5.360000133514404,5.380000114440918,5.059999942779541,5.179999828338623,5.179999828338623,235900
2021-09-08,5.199999809265137,5.21999979019165,4.909999847412109,4.940000057220459,4.940000057220459,177900
2021-09-09,4.869999885559082,5.400000095367432,4.860000133514404,5.039999961853027,5.039999961853027,194600
2021-09-10,5.070000171661377,5.150000095367432,4.880000114440918,5.0,5.0,186700
2021-09-13,5.0,5.130000114440918,4.869999885559082,4.980000019073486,4.980000019073486,137300
2021-09-14,5.170000076293945,5.179999828338623,4.710000038146973,4.800000190734863,4.800000190734863,149400
2021-09-15,4.869999885559082,4.880000114440918,4.71999979019165,4.809999942779541,4.809999942779541,73600
2021-09-16,4.769999980926514,4.849999904632568,4.579999923706055,4.820000171661377,4.820000171661377,116800
2021-09-17,4.760000228881836,4.940000057220459,4.550000190734863,4.900000095367432,4.900000095367432,174000
2021-09-20,4.730000019073486,4.880000114440918,4.619999885559082,4.690000057220459,4.690000057220459,131500
2021-09-21,4.699999809265137,4.909999847412109,4.639999866485596,4.789999961853027,4.789999961853027,166500
2021-09-22,4.800000190734863,4.909999847412109,4.739999771118164,4.860000133514404,4.860000133514404,60000
2021-09-23,4.849999904632568,5.039999961853027,4.789999961853027,5.0,5.0,100100
2021-09-24,4.949999809265137,5.099999904632568,4.860000133514404,4.889999866485596,4.889999866485596,84900
2021-09-27,4.860000133514404,4.920000076293945,4.75,4.800000190734863,4.800000190734863,87100
2021-09-28,4.679999828338623,5.059999942779541,4.670000076293945,4.989999771118164,4.989999771118164,195700
2021-09-29,5.010000228881836,5.019999980926514,4.699999809265137,4.75,4.75,122700
2021-09-30,4.739999771118164,4.820000171661377,4.699999809265137,4.769999980926514,4.769999980926514,44100
2021-10-01,4.889999866485596,4.889999866485596,4.590000152587891,4.75,4.75,85200
2021-10-04,4.75,4.75,4.599999904632568,4.639999866485596,4.639999866485596,85600
2021-10-05,4.639999866485596,4.699999809265137,4.460000038146973,4.539999961853027,4.539999961853027,125600
2021-10-06,4.5,4.599999904632568,4.400000095367432,4.440000057220459,4.440000057220459,111300
2021-10-07,4.510000228881836,4.739999771118164,4.409999847412109,4.440000057220459,4.440000057220459,102100
2021-10-08,4.440000057220459,4.489999771118164,4.369999885559082,4.420000076293945,4.420000076293945,57200
2021-10-11,4.409999847412109,4.489999771118164,4.349999904632568,4.420000076293945,4.420000076293945,43300
2021-10-12,4.389999866485596,4.619999885559082,4.389999866485596,4.550000190734863,4.550000190734863,80600
2021-10-13,4.550000190734863,4.699999809265137,4.550000190734863,4.619999885559082,4.619999885559082,112200
2021-10-14,4.639999866485596,4.769999980926514,4.550000190734863,4.570000171661377,4.570000171661377,69000
2021-10-15,4.559999942779541,4.599999904632568,4.380000114440918,4.389999866485596,4.389999866485596,54100
2021-10-18,4.420000076293945,4.420000076293945,4.260000228881836,4.289999961853027,4.289999961853027,68000
2021-10-19,4.289999961853027,4.460000038146973,4.25,4.429999828338623,4.429999828338623,68700
2021-10-20,4.380000114440918,4.460000038146973,4.320000171661377,4.429999828338623,4.429999828338623,39700
2021-10-21,4.400000095367432,4.480000019073486,4.28000020980835,4.329999923706055,4.329999923706055,36400
2021-10-22,4.289999961853027,4.340000152587891,4.25,4.340000152587891,4.340000152587891,44900
2021-10-25,4.320000171661377,4.369999885559082,4.260000228881836,4.260000228881836,4.260000228881836,52900
2021-10-26,4.440000057220459,4.650000095367432,4.300000190734863,4.550000190734863,4.550000190734863,262900
2021-10-27,4.670000076293945,5.0,4.570000171661377,4.929999828338623,4.929999828338623,218600
2021-10-28,5.0,5.0,4.699999809265137,4.800000190734863,4.800000190734863,166700
2021-10-29,4.800000190734863,4.840000152587891,4.619999885559082,4.769999980926514,4.769999980926514,141200
2021-11-01,4.829999923706055,5.190000057220459,4.78000020980835,5.090000152587891,5.090000152587891,308500
2021-11-02,5.179999828338623,5.199999809265137,4.960000038146973,5.199999809265137,5.199999809265137,204200
2021-11-03,5.199999809265137,5.480000019073486,5.110000133514404,5.329999923706055,5.329999923706055,148700
2021-11-04,5.380000114440918,5.510000228881836,5.269999980926514,5.5,5.5,136700
2021-11-05,5.550000190734863,5.550000190734863,4.940000057220459,4.980000019073486,4.980000019073486,343000
2021-11-08,4.949999809265137,5.199999809265137,4.949999809265137,5.039999961853027,5.039999961853027,127000
2021-11-09,5.039999961853027,5.130000114440918,4.800000190734863,4.920000076293945,4.920000076293945,101800
2021-11-10,4.880000114440918,4.949999809265137,4.599999904632568,4.679999828338623,4.679999828338623,159100
2021-11-11,4.75,4.929999828338623,4.650000095367432,4.699999809265137,4.699999809265137,78000
2021-11-12,4.730000019073486,4.75,4.610000133514404,4.679999828338623,4.679999828338623,44100
2021-11-15,4.679999828338623,4.789999961853027,4.46999979019165,4.550000190734863,4.550000190734863,135500
2021-11-16,4.519999980926514,4.590000152587891,4.349999904632568,4.420000076293945,4.420000076293945,128400
2021-11-17,4.400000095367432,4.46999979019165,4.300000190734863,4.329999923706055,4.329999923706055,123200
2021-11-18,4.53000020980835,4.53000020980835,3.9000000953674316,3.950000047683716,3.950000047683716,261000
2021-11-19,3.950000047683716,4.170000076293945,3.9000000953674316,4.130000114440918,4.130000114440918,151000
2021-11-22,4.199999809265137,4.199999809265137,3.8499999046325684,3.9600000381469727,3.9600000381469727,138800
2021-11-23,4.090000152587891,4.090000152587891,3.75,3.9000000953674316,3.9000000953674316,183400
2021-11-24,3.9000000953674316,4.03000020980835,3.759999990463257,4.03000020980835,4.03000020980835,51700
2021-11-26,3.9600000381469727,4.090000152587891,3.869999885559082,3.9800000190734863,3.9800000190734863,68700
2021-11-29,3.990000009536743,4.019999980926514,3.8299999237060547,3.859999895095825,3.859999895095825,110900
2021-11-30,3.809999942779541,3.930000066757202,3.5899999141693115,3.640000104904175,3.640000104904175,289800
2021-12-01,3.809999942779541,3.9100000858306885,3.3399999141693115,3.440000057220459,3.440000057220459,183200
2021-12-02,3.509999990463257,3.5199999809265137,3.140000104904175,3.2200000286102295,3.2200000286102295,272400
2021-12-03,3.25,3.4600000381469727,3.009999990463257,3.0899999141693115,3.0899999141693115,277100
2021-12-06,3.0999999046325684,3.2300000190734863,2.9100000858306885,3.130000114440918,3.130000114440918,165900
2021-12-07,3.240000009536743,3.690000057220459,3.0399999618530273,3.240000009536743,3.240000009536743,1293400
2021-12-08,3.190000057220459,3.630000114440918,3.059999942779541,3.559999942779541,3.559999942779541,301600
2021-12-09,3.5199999809265137,3.640000104904175,3.200000047683716,3.259999990463257,3.259999990463257,190900
2021-12-10,3.2899999618530273,3.380000114440918,3.180000066757202,3.309999942779541,3.309999942779541,78100
2021-12-13,3.380000114440918,3.450000047683716,3.0999999046325684,3.200000047683716,3.200000047683716,108800
2021-12-14,3.140000104904175,3.190000057220459,3.0199999809265137,3.0799999237060547,3.0799999237060547,97500
2021-12-15,3.109999895095825,3.259999990463257,2.890000104904175,3.140000104904175,3.140000104904175,223900
2021-12-16,3.130000114440918,3.2200000286102295,2.950000047683716,3.049999952316284,3.049999952316284,120900
2021-12-17,3.009999990463257,3.200000047683716,2.9800000190734863,3.200000047683716,3.200000047683716,85100
2021-12-20,3.1700000762939453,3.240000009536743,3.049999952316284,3.069999933242798,3.069999933242798,63700
2021-12-21,3.0799999237060547,3.140000104904175,3.0299999713897705,3.059999942779541,3.059999942779541,93400
2021-12-22,3.0299999713897705,3.0799999237060547,2.7699999809265137,2.9100000858306885,2.9100000858306885,305300
2021-12-23,2.950000047683716,3.2200000286102295,2.940000057220459,3.180000066757202,3.180000066757202,131100
2021-12-27,3.200000047683716,3.3499999046325684,2.930000066757202,3.0,3.0,237500
2021-12-28,2.9700000286102295,3.049999952316284,2.799999952316284,2.880000114440918,2.880000114440918,193700
2021-12-29,2.880000114440918,3.0199999809265137,2.799999952316284,2.9700000286102295,2.9700000286102295,92900
2021-12-30,2.950000047683716,3.059999942779541,2.940000057220459,3.0199999809265137,3.0199999809265137,89700
2021-12-31,3.0,3.059999942779541,2.9100000858306885,2.9700000286102295,2.9700000286102295,115100
2022-01-03,2.9800000190734863,3.0999999046325684,2.869999885559082,3.0199999809265137,3.0199999809265137,39800
2022-01-04,2.990000009536743,3.0899999141693115,2.9100000858306885,3.059999942779541,3.059999942779541,120000
2022-01-05,3.049999952316284,3.130000114440918,2.740000009536743,2.7799999713897705,2.7799999713897705,210700
2022-01-06,2.819999933242798,3.049999952316284,2.799999952316284,2.9200000762939453,2.9200000762939453,112600
2022-01-07,2.740000009536743,3.4700000286102295,2.7100000381469727,3.1700000762939453,3.1700000762939453,312700
2022-01-10,3.1700000762939453,3.2200000286102295,2.950000047683716,3.1600000858306885,3.1600000858306885,151600
2022-01-11,3.1600000858306885,3.390000104904175,3.140000104904175,3.359999895095825,3.359999895095825,102700
2022-01-12,3.4100000858306885,3.450000047683716,3.2100000381469727,3.299999952316284,3.299999952316284,70700
2022-01-13,3.359999895095825,3.5199999809265137,3.259999990463257,3.4200000762939453,3.4200000762939453,107100
2022-01-14,3.5799999237060547,3.5899999141693115,3.309999942779541,3.4100000858306885,3.4100000858306885,113200
2022-01-18,3.4800000190734863,3.5,3.25,3.3499999046325684,3.3499999046325684,129500
2022-01-19,3.359999895095825,3.369999885559082,3.1500000953674316,3.240000009536743,3.240000009536743,87900
2022-01-20,3.2300000190734863,3.3499999046325684,3.180000066757202,3.200000047683716,3.200000047683716,80600
2022-01-21,3.190000057220459,3.2699999809265137,3.0299999713897705,3.0999999046325684,3.0999999046325684,86500
2022-01-24,3.1500000953674316,3.200000047683716,2.819999933242798,3.0199999809265137,3.0199999809265137,153200
2022-01-25,3.0299999713897705,3.1500000953674316,2.950000047683716,3.069999933242798,3.069999933242798,89300
2022-01-26,3.130000114440918,3.2899999618530273,3.069999933242798,3.0999999046325684,3.0999999046325684,87900
2022-01-27,3.0799999237060547,3.119999885559082,2.9000000953674316,2.9200000762939453,2.9200000762939453,95200
2022-01-28,2.9100000858306885,3.0299999713897705,2.809999942779541,2.9800000190734863,2.9800000190734863,73700
2022-01-31,3.059999942779541,3.2799999713897705,3.049999952316284,3.2799999713897705,3.2799999713897705,88500
2022-02-01,3.259999990463257,3.2899999618530273,3.109999895095825,3.180000066757202,3.180000066757202,26600
2022-02-02,3.1500000953674316,3.1500000953674316,2.859999895095825,2.990000009536743,2.990000009536743,95000
2022-02-03,2.990000009536743,3.049999952316284,2.9100000858306885,2.9800000190734863,2.9800000190734863,29200
2022-02-04,2.9800000190734863,3.0999999046325684,2.9000000953674316,3.0999999046325684,3.0999999046325684,53200
2022-02-07,3.140000104904175,3.140000104904175,2.9200000762939453,2.940000057220459,2.940000057220459,37500
2022-02-08,2.950000047683716,3.0299999713897705,2.9000000953674316,2.940000057220459,2.940000057220459,79700
2022-02-09,3.009999990463257,3.119999885559082,2.9200000762939453,3.0799999237060547,3.0799999237060547,34700
2022-02-10,3.049999952316284,3.390000104904175,3.049999952316284,3.0999999046325684,3.0999999046325684,78200
2022-02-11,3.0999999046325684,3.2100000381469727,3.0,3.109999895095825,3.109999895095825,51100
2022-02-14,3.0799999237060547,3.200000047683716,2.930000066757202,3.009999990463257,3.009999990463257,69700
2022-02-15,3.049999952316284,3.190000057220459,3.049999952316284,3.130000114440918,3.130000114440918,37300
2022-02-16,3.1700000762939453,3.3399999141693115,3.140000104904175,3.299999952316284,3.299999952316284,89500
2022-02-17,3.299999952316284,3.3499999046325684,3.0999999046325684,3.140000104904175,3.140000104904175,65400
2022-02-18,3.130000114440918,3.1700000762939453,2.9600000381469727,3.0199999809265137,3.0199999809265137,58400
2022-02-22,2.950000047683716,3.0999999046325684,2.799999952316284,2.8299999237060547,2.8299999237060547,103300
2022-02-23,2.8499999046325684,3.0,2.7300000190734863,2.759999990463257,2.759999990463257,142500
2022-02-24,2.609999895095825,2.9600000381469727,2.5,2.6600000858306885,2.6600000858306885,169500
2022-02-25,2.680000066757202,2.75,2.619999885559082,2.7300000190734863,2.7300000190734863,68300
2022-02-28,2.680000066757202,2.869999885559082,2.680000066757202,2.7799999713897705,2.7799999713897705,40300
2022-03-01,2.6600000858306885,2.809999942779541,2.6500000953674316,2.7100000381469727,2.7100000381469727,73600
2022-03-02,2.7200000286102295,2.9200000762939453,2.7100000381469727,2.8299999237060547,2.8299999237060547,92600
2022-03-03,2.7799999713897705,2.990000009536743,2.6700000762939453,2.7699999809265137,2.7699999809265137,61200
2022-03-04,2.7799999713897705,2.869999885559082,2.700000047683716,2.7300000190734863,2.7300000190734863,81600
2022-03-07,2.7200000286102295,2.799999952316284,2.6500000953674316,2.6700000762939453,2.6700000762939453,89000
2022-03-08,2.6600000858306885,2.690000057220459,2.509999990463257,2.609999895095825,2.609999895095825,66000
2022-03-09,2.680000066757202,2.7899999618530273,2.6700000762939453,2.7100000381469727,2.7100000381469727,42700
2022-03-10,2.700000047683716,2.819999933242798,2.630000114440918,2.740000009536743,2.740000009536743,46100
2022-03-11,2.809999942779541,2.8299999237060547,2.630000114440918,2.6700000762939453,2.6700000762939453,15000
2022-03-14,2.609999895095825,2.809999942779541,2.5,2.5199999809265137,2.5199999809265137,56100
2022-03-15,2.5199999809265137,2.6600000858306885,2.299999952316284,2.5,2.5,107300
2022-03-16,2.509999990463257,2.700000047683716,2.509999990463257,2.5799999237060547,2.5799999237060547,34200
2022-03-17,2.619999885559082,2.75,2.609999895095825,2.740000009536743,2.740000009536743,33400
2022-03-18,2.7300000190734863,2.8499999046325684,2.7300000190734863,2.740000009536743,2.740000009536743,54100
2022-03-21,2.619999885559082,2.75,2.5399999618530273,2.609999895095825,2.609999895095825,91700
2022-03-22,2.5299999713897705,2.700000047683716,2.5299999713897705,2.680000066757202,2.680000066757202,22800
2022-03-23,2.569999933242798,2.7200000286102295,2.509999990463257,2.6600000858306885,2.6600000858306885,29800
2022-03-24,2.6600000858306885,2.8399999141693115,2.6500000953674316,2.8399999141693115,2.8399999141693115,47800
2022-03-25,2.8499999046325684,2.880000114440918,2.75,2.7899999618530273,2.7899999618530273,38400
2022-03-28,2.819999933242798,2.8499999046325684,2.75,2.7799999713897705,2.7799999713897705,24200
2022-03-29,2.7699999809265137,2.8299999237060547,2.75,2.7899999618530273,2.7899999618530273,30700
2022-03-30,2.759999990463257,2.880000114440918,2.700000047683716,2.819999933242798,2.819999933242798,120200
2022-03-31,2.819999933242798,2.819999933242798,2.7100000381469727,2.740000009536743,2.740000009536743,19300
2022-04-01,2.759999990463257,2.8499999046325684,2.7300000190734863,2.7799999713897705,2.7799999713897705,31600
2022-04-04,2.809999942779541,2.8499999046325684,2.700000047683716,2.75,2.75,51600
2022-04-05,2.7100000381469727,2.8499999046325684,2.7100000381469727,2.7699999809265137,2.7699999809265137,32500
2022-04-06,2.7200000286102295,2.869999885559082,2.5999999046325684,2.630000114440918,2.630000114440918,92900
2022-04-07,2.5999999046325684,2.7300000190734863,2.5999999046325684,2.680000066757202,2.680000066757202,31200
2022-04-08,2.680000066757202,2.7100000381469727,2.569999933242798,2.569999933242798,2.569999933242798,57500
2022-04-11,2.5999999046325684,2.640000104904175,2.549999952316284,2.5999999046325684,2.5999999046325684,86100
2022-04-12,2.5999999046325684,2.6500000953674316,2.5299999713897705,2.609999895095825,2.609999895095825,28900
2022-04-13,2.609999895095825,2.799999952316284,2.609999895095825,2.75,2.75,47500
2022-04-14,2.680000066757202,2.7699999809265137,2.619999885559082,2.619999885559082,2.619999885559082,38200
2022-04-18,2.5999999046325684,2.630000114440918,2.5,2.569999933242798,2.569999933242798,39300
2022-04-19,2.569999933242798,2.680000066757202,2.5299999713897705,2.5799999237060547,2.5799999237060547,29600
2022-04-20,2.569999933242798,2.680000066757202,2.5,2.549999952316284,2.549999952316284,33900
2022-04-21,2.549999952316284,2.6600000858306885,2.5399999618530273,2.549999952316284,2.549999952316284,19600
2022-04-22,2.5199999809265137,2.680000066757202,2.5,2.6600000858306885,2.6600000858306885,55800
2022-04-25,2.7200000286102295,2.819999933242798,2.6600000858306885,2.799999952316284,2.799999952316284,39200
2022-04-26,2.8299999237060547,2.890000104904175,2.5899999141693115,2.680000066757202,2.680000066757202,52700
2022-04-27,2.640000104904175,2.7799999713897705,2.630000114440918,2.700000047683716,2.700000047683716,25300
2022-04-28,2.7799999713897705,2.8499999046325684,2.619999885559082,2.7200000286102295,2.7200000286102295,42100
2022-04-29,2.9000000953674316,3.369999885559082,2.8399999141693115,3.25,3.25,475600
2022-05-02,3.109999895095825,3.3499999046325684,3.109999895095825,3.299999952316284,3.299999952316284,80200
2022-05-03,3.2699999809265137,3.4700000286102295,3.200000047683716,3.390000104904175,3.390000104904175,77000
2022-05-04,3.440000057220459,3.6700000762939453,3.259999990463257,3.640000104904175,3.640000104904175,131000
2022-05-05,3.5999999046325684,3.5999999046325684,3.25,3.299999952316284,3.299999952316284,46700
2022-05-06,3.430000066757202,3.690000057220459,3.1700000762939453,3.6500000953674316,3.6500000953674316,155500
2022-05-09,3.5799999237060547,3.640000104904175,3.1500000953674316,3.1700000762939453,3.1700000762939453,135700
2022-05-10,3.390000104904175,3.440000057220459,3.190000057220459,3.2899999618530273,3.2899999618530273,51000
2022-05-11,3.2799999713897705,3.2799999713897705,3.009999990463257,3.0999999046325684,3.0999999046325684,153700
2022-05-12,3.0999999046325684,3.309999942779541,3.0899999141693115,3.200000047683716,3.200000047683716,61300
2022-05-13,3.259999990463257,3.4600000381469727,3.25,3.369999885559082,3.369999885559082,47000
2022-05-16,3.4100000858306885,3.5899999141693115,3.319999933242798,3.450000047683716,3.450000047683716,78500
2022-05-17,3.559999942779541,3.559999942779541,3.319999933242798,3.390000104904175,3.390000104904175,38700
2022-05-18,3.309999942779541,3.5399999618530273,3.240000009536743,3.319999933242798,3.319999933242798,160000
2022-05-19,3.309999942779541,3.490000009536743,3.2699999809265137,3.3499999046325684,3.3499999046325684,35400
2022-05-20,3.3399999141693115,3.430000066757202,3.1600000858306885,3.2699999809265137,3.2699999809265137,47400
2022-05-23,3.25,3.3399999141693115,3.119999885559082,3.2899999618530273,3.2899999618530273,122400
2022-05-24,3.259999990463257,3.3299999237060547,2.869999885559082,3.2899999618530273,3.2899999618530273,148400
2022-05-25,3.1500000953674316,3.630000114440918,3.1500000953674316,3.5299999713897705,3.5299999713897705,108100
2022-05-26,3.5,3.5999999046325684,3.430000066757202,3.4700000286102295,3.4700000286102295,24300
2022-05-27,3.450000047683716,3.450000047683716,3.2799999713897705,3.319999933242798,3.319999933242798,97400
2022-05-31,3.299999952316284,3.640000104904175,3.1600000858306885,3.5899999141693115,3.5899999141693115,155800
2022-06-01,3.5999999046325684,3.819999933242798,3.4700000286102295,3.809999942779541,3.809999942779541,138200
2022-06-02,3.9200000762939453,3.9700000286102295,3.799999952316284,3.9600000381469727,3.9600000381469727,159700
2022-06-03,3.9000000953674316,4.099999904632568,3.819999933242798,4.099999904632568,4.099999904632568,164400
2022-06-06,4.28000020980835,4.570000171661377,4.019999980926514,4.079999923706055,4.079999923706055,362600
2022-06-07,4.019999980926514,4.070000171661377,3.390000104904175,3.4600000381469727,3.4600000381469727,286400
2022-06-08,3.509999990463257,3.680000066757202,3.4700000286102295,3.619999885559082,3.619999885559082,144300
2022-06-09,3.630000114440918,3.809999942779541,3.569999933242798,3.6700000762939453,3.6700000762939453,172800
2022-06-10,3.5899999141693115,3.690000057220459,3.4200000762939453,3.440000057220459,3.440000057220459,90500
2022-06-13,3.4100000858306885,3.549999952316284,3.130000114440918,3.130000114440918,3.130000114440918,124100
2022-06-14,3.2899999618530273,3.2899999618530273,2.930000066757202,2.9600000381469727,2.9600000381469727,113300
2022-06-15,3.0299999713897705,3.25,2.9600000381469727,3.1700000762939453,3.1700000762939453,45500
2022-06-16,3.200000047683716,3.2899999618530273,3.069999933242798,3.200000047683716,3.200000047683716,65400
2022-06-17,3.1700000762939453,3.2799999713897705,3.059999942779541,3.109999895095825,3.109999895095825,143500
2022-06-21,3.0999999046325684,3.259999990463257,3.0999999046325684,3.190000057220459,3.190000057220459,35000
2022-06-22,3.1500000953674316,3.2899999618530273,3.109999895095825,3.2699999809265137,3.2699999809265137,18600
2022-06-23,3.25,3.2899999618530273,3.0899999141693115,3.2100000381469727,3.2100000381469727,37500
2022-06-24,3.25,3.2899999618530273,3.0799999237060547,3.130000114440918,3.130000114440918,49200
2022-06-27,3.0999999046325684,3.2799999713897705,3.0999999046325684,3.259999990463257,3.259999990463257,22300
2022-06-28,3.25,3.259999990463257,3.049999952316284,3.049999952316284,3.049999952316284,40200
2022-06-29,3.200000047683716,3.240000009536743,3.049999952316284,3.130000114440918,3.130000114440918,65200
2022-06-30,3.069999933242798,3.2300000190734863,2.9600000381469727,3.059999942779541,3.059999942779541,94100
2022-07-01,3.0299999713897705,3.140000104904175,2.9200000762939453,2.9800000190734863,2.9800000190734863,47700
2022-07-05,3.009999990463257,3.0999999046325684,2.9200000762939453,3.0,3.0,48400
2022-07-06,2.940000057220459,3.0899999141693115,2.940000057220459,2.9800000190734863,2.9800000190734863,63600
2022-07-07,3.009999990463257,3.0999999046325684,2.9800000190734863,3.0299999713897705,3.0299999713897705,56100
2022-07-08,3.0399999618530273,3.0999999046325684,2.990000009536743,3.0799999237060547,3.0799999237060547,47400
2022-07-11,3.109999895095825,3.1700000762939453,2.940000057220459,3.059999942779541,3.059999942779541,97100
2022-07-12,3.009999990463257,3.119999885559082,2.950000047683716,3.0,3.0,20900
2022-07-13,3.0199999809265137,3.0799999237060547,2.9000000953674316,2.940000057220459,2.940000057220459,31000
2022-07-14,2.9700000286102295,2.9700000286102295,2.9000000953674316,2.9600000381469727,2.9600000381469727,34200
2022-07-15,2.9700000286102295,2.9700000286102295,2.7899999618530273,2.859999895095825,2.859999895095825,136200
2022-07-18,2.8499999046325684,2.9700000286102295,2.7699999809265137,2.809999942779541,2.809999942779541,34500
2022-07-19,2.9000000953674316,3.1700000762939453,2.859999895095825,3.130000114440918,3.130000114440918,109300
2022-07-20,3.0999999046325684,3.4700000286102295,3.0999999046325684,3.3499999046325684,3.3499999046325684,55300
2022-07-21,3.299999952316284,3.700000047683716,3.130000114440918,3.630000114440918,3.630000114440918,142000
2022-07-22,3.680000066757202,3.680000066757202,3.240000009536743,3.299999952316284,3.299999952316284,45500
2022-07-25,3.3499999046325684,3.4800000190734863,3.3499999046325684,3.380000114440918,3.380000114440918,45700
2022-07-26,3.4200000762939453,3.4200000762939453,3.180000066757202,3.2799999713897705,3.2799999713897705,45000
2022-07-27,3.319999933242798,3.640000104904175,3.309999942779541,3.5399999618530273,3.5399999618530273,51100
2022-07-28,3.5999999046325684,3.5999999046325684,3.450000047683716,3.549999952316284,3.549999952316284,49400
2022-07-29,3.5399999618530273,3.799999952316284,3.5399999618530273,3.799999952316284,3.799999952316284,100600
2022-08-01,3.7200000286102295,3.9000000953674316,3.5999999046325684,3.880000114440918,3.880000114440918,70300
2022-08-02,3.9200000762939453,3.930000066757202,3.700000047683716,3.759999990463257,3.759999990463257,26900
2022-08-03,3.799999952316284,3.890000104904175,3.700000047683716,3.7699999809265137,3.7699999809265137,18500
2022-08-04,3.7799999713897705,3.799999952316284,3.630000114440918,3.799999952316284,3.799999952316284,35000
2022-08-05,3.7899999618530273,4.090000152587891,3.690000057220459,3.9800000190734863,3.9800000190734863,111700
2022-08-08,4.0,4.0,3.799999952316284,3.809999942779541,3.809999942779541,26200
2022-08-09,3.7699999809265137,3.9700000286102295,3.6700000762939453,3.7200000286102295,3.7200000286102295,33200
2022-08-10,3.7799999713897705,3.9000000953674316,3.619999885559082,3.819999933242798,3.819999933242798,51400
2022-08-11,3.819999933242798,3.990000009536743,3.819999933242798,3.9000000953674316,3.9000000953674316,23900
2022-08-12,3.9000000953674316,4.079999923706055,3.799999952316284,4.059999942779541,4.059999942779541,67600
2022-08-15,4.059999942779541,4.760000228881836,4.050000190734863,4.550000190734863,4.550000190734863,212400
2022-08-16,4.599999904632568,4.599999904632568,4.170000076293945,4.320000171661377,4.320000171661377,93000
2022-08-17,4.369999885559082,4.429999828338623,4.050000190734863,4.110000133514404,4.110000133514404,52200
2022-08-18,4.0,4.289999961853027,3.940000057220459,4.230000019073486,4.230000019073486,44500
2022-08-19,4.130000114440918,4.28000020980835,3.9200000762939453,4.179999828338623,4.179999828338623,78900
2022-08-22,4.110000133514404,4.269999980926514,3.930000066757202,4.150000095367432,4.150000095367432,100900
2022-08-23,4.110000133514404,4.239999771118164,4.070000171661377,4.150000095367432,4.150000095367432,35800
2022-08-24,4.139999866485596,4.460000038146973,4.139999866485596,4.429999828338623,4.429999828338623,56600
2022-08-25,4.46999979019165,4.46999979019165,4.099999904632568,4.110000133514404,4.110000133514404,33600
2022-08-26,4.21999979019165,4.21999979019165,4.010000228881836,4.170000076293945,4.170000076293945,55000
2022-08-29,4.139999866485596,4.150000095367432,4.059999942779541,4.070000171661377,4.070000171661377,23800
2022-08-30,4.079999923706055,4.230000019073486,4.019999980926514,4.179999828338623,4.179999828338623,52600
2022-08-31,4.28000020980835,4.300000190734863,4.150000095367432,4.170000076293945,4.170000076293945,23900
2022-09-01,4.090000152587891,4.300000190734863,4.070000171661377,4.300000190734863,4.300000190734863,41100
2022-09-02,4.300000190734863,4.420000076293945,4.170000076293945,4.21999979019165,4.21999979019165,24600
2022-09-06,4.179999828338623,4.199999809265137,4.0,4.190000057220459,4.190000057220459,36800
2022-09-07,4.190000057220459,4.289999961853027,4.019999980926514,4.25,4.25,57100
2022-09-08,4.21999979019165,4.389999866485596,4.139999866485596,4.159999847412109,4.159999847412109,32700
2022-09-09,4.199999809265137,4.28000020980835,4.130000114440918,4.139999866485596,4.139999866485596,42300
2022-09-12,4.159999847412109,4.650000095367432,4.159999847412109,4.5,4.5,91700
2022-09-13,4.420000076293945,4.489999771118164,4.21999979019165,4.409999847412109,4.409999847412109,47900
2022-09-14,4.5,4.5,4.210000038146973,4.210000038146973,4.210000038146973,61100
2022-09-15,4.170000076293945,4.590000152587891,4.170000076293945,4.480000019073486,4.480000019073486,39400
2022-09-16,4.480000019073486,5.710000038146973,4.360000133514404,5.710000038146973,5.710000038146973,598000
2022-09-19,5.449999809265137,5.869999885559082,5.110000133514404,5.869999885559082,5.869999885559082,423800
2022-09-20,5.989999771118164,6.199999809265137,5.800000190734863,6.150000095367432,6.150000095367432,322600
2022-09-21,6.070000171661377,6.25,5.949999809265137,6.139999866485596,6.139999866485596,164300
2022-09-22,6.090000152587891,6.230000019073486,6.0,6.099999904632568,6.099999904632568,141500
2022-09-23,6.150000095367432,6.150000095367432,4.949999809265137,5.130000114440918,5.130000114440918,415100
2022-09-26,5.019999980926514,5.25,4.929999828338623,4.929999828338623,4.929999828338623,90200
2022-09-27,5.0,5.599999904632568,5.0,5.300000190734863,5.300000190734863,89500
2022-09-28,5.25,5.440000057220459,4.650000095367432,4.690000057220459,4.690000057220459,173800
2022-09-29,4.849999904632568,4.949999809265137,4.25,4.559999942779541,4.559999942779541,239900
2022-09-30,4.559999942779541,5.199999809265137,4.550000190734863,4.920000076293945,4.920000076293945,139900
2022-10-03,5.010000228881836,5.139999866485596,4.579999923706055,4.820000171661377,4.820000171661377,132200
2022-10-04,4.900000095367432,5.260000228881836,4.679999828338623,4.96999979019165,4.96999979019165,94400
2022-10-05,4.880000114440918,5.170000076293945,4.880000114440918,4.989999771118164,4.989999771118164,82300
2022-10-06,4.940000057220459,5.210000038146973,4.800000190734863,4.909999847412109,4.909999847412109,114200
2022-10-07,4.860000133514404,4.889999866485596,4.710000038146973,4.75,4.75,77800
2022-10-10,4.739999771118164,5.03000020980835,4.369999885559082,4.78000020980835,4.78000020980835,100300
2022-10-11,4.840000152587891,5.039999961853027,4.699999809265137,4.769999980926514,4.769999980926514,34200
2022-10-12,4.769999980926514,4.860000133514404,4.5,4.510000228881836,4.510000228881836,58200
2022-10-13,4.510000228881836,4.929999828338623,4.489999771118164,4.920000076293945,4.920000076293945,52000
2022-10-14,5.0,5.0,4.730000019073486,4.820000171661377,4.820000171661377,24000
2022-10-17,4.920000076293945,5.090000152587891,4.909999847412109,4.949999809265137,4.949999809265137,30200
2022-10-18,5.0,5.289999961853027,5.0,5.190000057220459,5.190000057220459,62500
2022-10-19,5.119999885559082,5.329999923706055,5.03000020980835,5.079999923706055,5.079999923706055,59600
2022-10-20,5.019999980926514,5.369999885559082,4.800000190734863,4.800000190734863,4.800000190734863,110000
2022-10-21,4.78000020980835,5.039999961853027,4.760000228881836,4.940000057220459,4.940000057220459,52800
2022-10-24,4.980000019073486,5.21999979019165,4.730000019073486,5.170000076293945,5.170000076293945,58200
2022-10-25,5.099999904632568,5.400000095367432,5.099999904632568,5.260000228881836,5.260000228881836,66900
2022-10-26,5.300000190734863,5.849999904632568,5.300000190734863,5.809999942779541,5.809999942779541,166400
2022-10-27,5.900000095367432,5.940000057220459,5.340000152587891,5.489999771118164,5.489999771118164,91200
2022-10-28,5.449999809265137,5.769999980926514,5.28000020980835,5.449999809265137,5.449999809265137,43700
2022-10-31,5.409999847412109,5.900000095367432,5.409999847412109,5.599999904632568,5.599999904632568,41200
2022-11-01,5.619999885559082,5.739999771118164,5.53000020980835,5.650000095367432,5.650000095367432,31400
2022-11-02,5.650000095367432,5.730000019073486,5.309999942779541,5.309999942779541,5.309999942779541,52100
2022-11-03,5.329999923706055,5.630000114440918,5.329999923706055,5.559999942779541,5.559999942779541,48500
2022-11-04,5.690000057220459,5.730000019073486,5.550000190734863,5.670000076293945,5.670000076293945,51100
2022-11-07,5.679999828338623,5.679999828338623,5.21999979019165,5.320000171661377,5.320000171661377,82900
2022-11-08,5.239999771118164,5.380000114440918,5.03000020980835,5.179999828338623,5.179999828338623,33700
2022-11-09,5.119999885559082,5.179999828338623,4.849999904632568,4.929999828338623,4.929999828338623,85500
2022-11-10,5.079999923706055,5.110000133514404,4.900000095367432,4.989999771118164,4.989999771118164,40000
2022-11-11,5.059999942779541,5.159999847412109,4.849999904632568,5.019999980926514,5.019999980926514,41800
2022-11-14,4.980000019073486,5.210000038146973,4.900000095367432,5.130000114440918,5.130000114440918,78600
2022-11-15,5.230000019073486,5.559999942779541,4.960000038146973,5.010000228881836,5.010000228881836,48000
2022-11-16,4.96999979019165,5.090000152587891,4.75,4.789999961853027,4.789999961853027,54900
2022-11-17,4.71999979019165,4.889999866485596,4.659999847412109,4.75,4.75,32600
2022-11-18,4.829999923706055,5.039999961853027,4.710000038146973,4.900000095367432,4.900000095367432,35000
2022-11-21,5.0,5.0,4.809999942779541,4.820000171661377,4.820000171661377,39200
2022-11-22,4.769999980926514,5.099999904632568,4.510000228881836,4.650000095367432,4.650000095367432,94000
2022-11-23,4.619999885559082,5.079999923706055,4.619999885559082,4.889999866485596,4.889999866485596,47000
2022-11-25,4.96999979019165,4.980000019073486,4.820000171661377,4.940000057220459,4.940000057220459,10900
2022-11-28,4.880000114440918,5.050000190734863,4.769999980926514,4.940000057220459,4.940000057220459,22300
2022-11-29,4.940000057220459,4.940000057220459,4.75,4.809999942779541,4.809999942779541,10900
2022-11-30,4.800000190734863,5.050000190734863,4.639999866485596,5.039999961853027,5.039999961853027,67200
2022-12-01,4.96999979019165,5.090000152587891,4.829999923706055,4.96999979019165,4.96999979019165,21600
2022-12-02,4.909999847412109,5.03000020980835,4.800000190734863,4.889999866485596,4.889999866485596,22400
2022-12-05,4.949999809265137,5.070000171661377,4.889999866485596,4.989999771118164,4.989999771118164,41400
2022-12-06,5.079999923706055,5.079999923706055,4.900000095367432,4.989999771118164,4.989999771118164,15600
2022-12-07,4.920000076293945,4.96999979019165,4.820000171661377,4.889999866485596,4.889999866485596,25100
2022-12-08,4.880000114440918,4.96999979019165,4.519999980926514,4.619999885559082,4.619999885559082,56700
2022-12-09,4.53000020980835,4.71999979019165,4.440000057220459,4.519999980926514,4.519999980926514,36100
2022-12-12,4.599999904632568,4.630000114440918,4.230000019073486,4.360000133514404,4.360000133514404,53900
2022-12-13,4.429999828338623,4.679999828338623,4.300000190734863,4.460000038146973,4.460000038146973,26400
2022-12-14,4.5,4.599999904632568,4.340000152587891,4.360000133514404,4.360000133514404,31300
2022-12-15,4.289999961853027,4.440000057220459,4.099999904632568,4.150000095367432,4.150000095367432,68300
2022-12-16,4.119999885559082,4.340000152587891,3.7300000190734863,3.869999885559082,3.869999885559082,106600
2022-12-19,4.130000114440918,4.170000076293945,3.8399999141693115,3.930000066757202,3.930000066757202,74400
2022-12-20,3.930000066757202,4.199999809265137,3.859999895095825,4.010000228881836,4.010000228881836,30300
2022-12-21,4.0,4.050000190734863,3.7799999713897705,3.7799999713897705,3.7799999713897705,68600
2022-12-22,3.7699999809265137,3.9100000858306885,3.5,3.809999942779541,3.809999942779541,80900
2022-12-23,3.9000000953674316,4.039999961853027,3.8499999046325684,3.940000057220459,3.940000057220459,33400
2022-12-27,3.990000009536743,4.039999961853027,3.9000000953674316,3.930000066757202,3.930000066757202,30400
2022-12-28,3.880000114440918,4.03000020980835,3.8299999237060547,3.8399999141693115,3.8399999141693115,53400
2022-12-29,3.990000009536743,4.25,3.8499999046325684,4.159999847412109,4.159999847412109,35600
2022-12-30,4.309999942779541,4.329999923706055,3.9800000190734863,4.25,4.25,49400
2023-01-03,4.21999979019165,4.380000114440918,4.019999980926514,4.190000057220459,4.190000057220459,36100
2023-01-04,4.150000095367432,4.409999847412109,4.150000095367432,4.25,4.25,15800
2023-01-05,4.260000228881836,4.289999961853027,4.050000190734863,4.110000133514404,4.110000133514404,42300
2023-01-06,4.210000038146973,4.289999961853027,4.090000152587891,4.090000152587891,4.090000152587891,18300
2023-01-09,4.380000114440918,4.460000038146973,4.050000190734863,4.190000057220459,4.190000057220459,35400
2023-01-10,4.130000114440918,4.329999923706055,4.099999904632568,4.320000171661377,4.320000171661377,40700
2023-01-11,4.559999942779541,4.710000038146973,4.349999904632568,4.460000038146973,4.460000038146973,71400
2023-01-12,4.519999980926514,4.659999847412109,4.46999979019165,4.599999904632568,4.599999904632568,26300
2023-01-13,4.559999942779541,5.0,4.510000228881836,5.0,5.0,52600
2023-01-17,5.0,5.039999961853027,4.699999809265137,4.820000171661377,4.820000171661377,54400
2023-01-18,4.809999942779541,4.929999828338623,4.409999847412109,4.639999866485596,4.639999866485596,64900
2023-01-19,4.53000020980835,4.639999866485596,4.349999904632568,4.539999961853027,4.539999961853027,59500
2023-01-20,4.260000228881836,4.820000171661377,4.110000133514404,4.760000228881836,4.760000228881836,31600
2023-01-23,4.789999961853027,4.789999961853027,4.28000020980835,4.46999979019165,4.46999979019165,66000
2023-01-24,4.550000190734863,4.610000133514404,4.260000228881836,4.460000038146973,4.460000038146973,25500
2023-01-25,4.5,4.679999828338623,4.230000019073486,4.480000019073486,4.480000019073486,43300
2023-01-26,4.449999809265137,4.679999828338623,4.349999904632568,4.409999847412109,4.409999847412109,28200
2023-01-27,4.309999942779541,4.619999885559082,4.309999942779541,4.460000038146973,4.460000038146973,44600
2023-01-30,4.460000038146973,4.519999980926514,4.320000171661377,4.349999904632568,4.349999904632568,27800
2023-01-31,4.349999904632568,4.519999980926514,4.300000190734863,4.369999885559082,4.369999885559082,21900
2023-02-01,4.380000114440918,4.579999923706055,4.28000020980835,4.5,4.5,43900
2023-02-02,4.409999847412109,4.619999885559082,4.369999885559082,4.619999885559082,4.619999885559082,21700
2023-02-03,4.510000228881836,4.659999847412109,4.199999809265137,4.570000171661377,4.570000171661377,24800
2023-02-06,4.5,4.5,4.309999942779541,4.369999885559082,4.369999885559082,16900
2023-02-07,4.460000038146973,4.460000038146973,4.25,4.349999904632568,4.349999904632568,37700
2023-02-08,4.349999904632568,4.420000076293945,4.159999847412109,4.260000228881836,4.260000228881836,22400
2023-02-09,4.320000171661377,4.320000171661377,3.8499999046325684,3.930000066757202,3.930000066757202,130700
2023-02-10,3.859999895095825,4.099999904632568,3.859999895095825,3.950000047683716,3.950000047683716,38000
2023-02-13,3.990000009536743,4.25,3.930000066757202,4.21999979019165,4.21999979019165,52600
2023-02-14,4.239999771118164,4.449999809265137,4.119999885559082,4.300000190734863,4.300000190734863,41600
2023-02-15,4.349999904632568,4.420000076293945,4.099999904632568,4.159999847412109,4.159999847412109,25700
2023-02-16,4.199999809265137,4.380000114440918,4.019999980926514,4.079999923706055,4.079999923706055,29900
2023-02-17,3.890000104904175,4.239999771118164,3.890000104904175,4.199999809265137,4.199999809265137,11000
2023-02-21,4.090000152587891,4.289999961853027,3.950000047683716,3.990000009536743,3.990000009536743,35300
2023-02-22,4.239999771118164,4.269999980926514,4.0,4.110000133514404,4.110000133514404,49900
2023-02-23,4.190000057220459,4.25,3.859999895095825,3.859999895095825,3.859999895095825,72400
2023-02-24,3.890000104904175,4.099999904632568,3.7799999713897705,3.9000000953674316,3.9000000953674316,103700
2023-02-27,3.880000114440918,4.25,3.880000114440918,4.210000038146973,4.210000038146973,90200
2023-02-28,4.239999771118164,4.5,4.159999847412109,4.420000076293945,4.420000076293945,144100
2023-03-01,4.480000019073486,4.989999771118164,4.409999847412109,4.920000076293945,4.920000076293945,98600
2023-03-02,4.960000038146973,4.989999771118164,4.610000133514404,4.670000076293945,4.670000076293945,76200
2023-03-03,4.699999809265137,4.920000076293945,4.690000057220459,4.909999847412109,4.909999847412109,23700
2023-03-06,4.96999979019165,4.96999979019165,4.659999847412109,4.789999961853027,4.789999961853027,26400
2023-03-07,4.909999847412109,4.920000076293945,4.699999809265137,4.869999885559082,4.869999885559082,33300
2023-03-08,4.840000152587891,5.0,4.800000190734863,4.940000057220459,4.940000057220459,66200
2023-03-09,4.96999979019165,5.110000133514404,4.800000190734863,4.840000152587891,4.840000152587891,87800
2023-03-10,4.800000190734863,4.880000114440918,4.079999923706055,4.159999847412109,4.159999847412109,169900
2023-03-13,4.519999980926514,4.559999942779541,4.130000114440918,4.179999828338623,4.179999828338623,97100
2023-03-14,4.269999980926514,4.489999771118164,4.210000038146973,4.329999923706055,4.329999923706055,52000
2023-03-15,4.369999885559082,4.380000114440918,4.079999923706055,4.179999828338623,4.179999828338623,57600
2023-03-16,4.349999904632568,4.590000152587891,4.179999828338623,4.480000019073486,4.480000019073486,72500
2023-03-17,4.480000019073486,4.639999866485596,4.079999923706055,4.079999923706055,4.079999923706055,155800
2023-03-20,4.179999828338623,4.5,3.950000047683716,3.950000047683716,3.950000047683716,61000
2023-03-21,4.010000228881836,4.340000152587891,4.010000228881836,4.050000190734863,4.050000190734863,36100
2023-03-22,4.119999885559082,4.440000057220459,3.950000047683716,3.950000047683716,3.950000047683716,46100
2023-03-23,4.070000171661377,4.480000019073486,4.03000020980835,4.309999942779541,4.309999942779541,71300
2023-03-24,4.260000228881836,4.389999866485596,4.110000133514404,4.360000133514404,4.360000133514404,38400
2023-03-27,4.349999904632568,4.760000228881836,4.289999961853027,4.630000114440918,4.630000114440918,56100
2023-03-28,4.559999942779541,4.690000057220459,4.5,4.539999961853027,4.539999961853027,29400
2023-03-29,4.599999904632568,4.769999980926514,4.53000020980835,4.650000095367432,4.650000095367432,47300
2023-03-30,4.630000114440918,4.659999847412109,4.289999961853027,4.380000114440918,4.380000114440918,58800
2023-03-31,4.360000133514404,4.400000095367432,4.239999771118164,4.300000190734863,4.300000190734863,25800
2023-04-03,4.360000133514404,4.730000019073486,4.360000133514404,4.699999809265137,4.699999809265137,54400
2023-04-04,4.75,4.900000095367432,4.309999942779541,4.380000114440918,4.380000114440918,78100
2023-04-05,4.309999942779541,4.480000019073486,4.159999847412109,4.309999942779541,4.309999942779541,67000
2023-04-06,4.380000114440918,4.690000057220459,4.329999923706055,4.449999809265137,4.449999809265137,50300
2023-04-10,4.510000228881836,4.889999866485596,4.449999809265137,4.75,4.75,69100
2023-04-11,4.75,4.96999979019165,4.690000057220459,4.900000095367432,4.900000095367432,61400
2023-04-12,4.989999771118164,5.630000114440918,4.800000190734863,5.440000057220459,5.440000057220459,210700
2023-04-13,5.53000020980835,5.820000171661377,5.5,5.710000038146973,5.710000038146973,165100
2023-04-14,5.769999980926514,6.079999923706055,5.610000133514404,5.96999979019165,5.96999979019165,269700
2023-04-17,6.079999923706055,6.449999809265137,4.329999923706055,4.510000228881836,4.510000228881836,810000
2023-04-18,4.590000152587891,4.809999942779541,4.349999904632568,4.599999904632568,4.599999904632568,193200
2023-04-19,4.699999809265137,5.079999923706055,4.650000095367432,4.920000076293945,4.920000076293945,201200
2023-04-20,4.920000076293945,5.130000114440918,4.829999923706055,4.960000038146973,4.960000038146973,90500
2023-04-21,5.0,5.03000020980835,4.869999885559082,4.960000038146973,4.960000038146973,39100
2023-04-24,4.840000152587891,5.0,4.809999942779541,4.900000095367432,4.900000095367432,67200
2023-04-25,4.900000095367432,4.989999771118164,4.409999847412109,4.619999885559082,4.619999885559082,111500
2023-04-26,4.639999866485596,4.670000076293945,4.150000095367432,4.25,4.25,180100
2023-04-27,4.340000152587891,4.489999771118164,4.070000171661377,4.090000152587891,4.090000152587891,156500
2023-04-28,4.239999771118164,4.360000133514404,3.9000000953674316,4.079999923706055,4.079999923706055,190100
2023-05-01,4.070000171661377,4.179999828338623,3.9600000381469727,4.0,4.0,105800
2023-05-02,4.0,4.150000095367432,3.75,3.9100000858306885,3.9100000858306885,183400
2023-05-03,3.890000104904175,4.090000152587891,3.809999942779541,3.859999895095825,3.859999895095825,93100
2023-05-04,3.819999933242798,4.079999923706055,3.819999933242798,3.990000009536743,3.990000009536743,50800
2023-05-05,4.039999961853027,4.139999866485596,3.9100000858306885,3.9100000858306885,3.9100000858306885,75300
2023-05-08,3.950000047683716,4.010000228881836,3.9000000953674316,3.9700000286102295,3.9700000286102295,33300
2023-05-09,3.9800000190734863,4.110000133514404,3.759999990463257,3.950000047683716,3.950000047683716,89900
2023-05-10,3.990000009536743,4.050000190734863,3.7699999809265137,3.7899999618530273,3.7899999618530273,54700
2023-05-11,3.8499999046325684,4.070000171661377,3.619999885559082,3.690000057220459,3.690000057220459,71300
2023-05-12,3.7300000190734863,3.9600000381469727,3.3499999046325684,3.390000104904175,3.390000104904175,205400
2023-05-15,3.450000047683716,3.690000057220459,3.4200000762939453,3.450000047683716,3.450000047683716,134500
2023-05-16,3.4700000286102295,3.619999885559082,3.319999933242798,3.380000114440918,3.380000114440918,114700
2023-05-17,3.390000104904175,3.5,3.299999952316284,3.430000066757202,3.430000066757202,44900
2023-05-18,3.369999885559082,3.549999952316284,3.369999885559082,3.430000066757202,3.430000066757202,29500
2023-05-19,3.4800000190734863,3.740000009536743,3.3299999237060547,3.4700000286102295,3.4700000286102295,26000
2023-05-22,3.4700000286102295,3.690000057220459,3.359999895095825,3.450000047683716,3.450000047683716,90400
2023-05-23,3.450000047683716,3.569999933242798,3.359999895095825,3.440000057220459,3.440000057220459,39200
2023-05-24,3.690000057220459,3.690000057220459,3.1700000762939453,3.3499999046325684,3.3499999046325684,78400
2023-05-25,3.3499999046325684,3.450000047683716,3.25,3.2799999713897705,3.2799999713897705,30500
2023-05-26,3.2799999713897705,3.450000047683716,3.1700000762939453,3.2200000286102295,3.2200000286102295,43400
2023-05-30,3.299999952316284,3.3399999141693115,3.0,3.1600000858306885,3.1600000858306885,89000
2023-05-31,3.1600000858306885,3.2799999713897705,3.009999990463257,3.059999942779541,3.059999942779541,74900
2023-06-01,3.0799999237060547,3.2100000381469727,3.0,3.190000057220459,3.190000057220459,31900
2023-06-02,3.190000057220459,3.4100000858306885,3.1600000858306885,3.3299999237060547,3.3299999237060547,73600
2023-06-05,3.369999885559082,3.569999933242798,3.3499999046325684,3.569999933242798,3.569999933242798,97500
2023-06-06,3.5,3.619999885559082,3.4700000286102295,3.509999990463257,3.509999990463257,27300
2023-06-07,3.5299999713897705,3.5999999046325684,3.4100000858306885,3.4800000190734863,3.4800000190734863,17500
2023-06-08,3.4700000286102295,3.5999999046325684,3.3299999237060547,3.5,3.5,51300
2023-06-09,3.4800000190734863,3.509999990463257,3.3499999046325684,3.4200000762939453,3.4200000762939453,29800
2023-06-12,3.369999885559082,3.490000009536743,3.299999952316284,3.369999885559082,3.369999885559082,29100
2023-06-13,3.4100000858306885,3.490000009536743,3.2200000286102295,3.240000009536743,3.240000009536743,78200
2023-06-14,3.180000066757202,3.3299999237060547,3.180000066757202,3.259999990463257,3.259999990463257,25800
2023-06-15,3.359999895095825,3.4800000190734863,3.259999990463257,3.4100000858306885,3.4100000858306885,25300
2023-06-16,3.440000057220459,3.490000009536743,3.2300000190734863,3.4000000953674316,3.4000000953674316,129300
2023-06-20,3.390000104904175,3.4700000286102295,3.2799999713897705,3.430000066757202,3.430000066757202,51100
2023-06-21,3.4600000381469727,3.4800000190734863,3.119999885559082,3.240000009536743,3.240000009536743,82100
2023-06-22,3.180000066757202,3.3499999046325684,3.1600000858306885,3.259999990463257,3.259999990463257,26900
2023-06-23,3.2300000190734863,3.430000066757202,3.2100000381469727,3.390000104904175,3.390000104904175,31900
2023-06-26,3.3499999046325684,3.440000057220459,3.1700000762939453,3.259999990463257,3.259999990463257,37900
2023-06-27,3.25,3.309999942779541,3.109999895095825,3.140000104904175,3.140000104904175,82100
2023-06-28,3.25,3.2899999618530273,2.950000047683716,3.0,3.0,158600
2023-06-29,3.0399999618530273,3.2699999809265137,3.0399999618530273,3.140000104904175,3.140000104904175,101200
2023-06-30,3.190000057220459,3.2100000381469727,3.0999999046325684,3.200000047683716,3.200000047683716,38700
2023-07-03,3.2799999713897705,3.3399999141693115,3.059999942779541,3.140000104904175,3.140000104904175,79600
2023-07-05,3.069999933242798,3.259999990463257,3.069999933242798,3.0799999237060547,3.0799999237060547,34100
2023-07-06,3.130000114440918,3.1500000953674316,2.9200000762939453,2.9800000190734863,2.9800000190734863,104000
2023-07-07,2.9800000190734863,3.0799999237060547,2.950000047683716,2.9700000286102295,2.9700000286102295,55100
2023-07-10,2.940000057220459,3.059999942779541,2.940000057220459,2.990000009536743,2.990000009536743,40700
2023-07-11,3.0,3.240000009536743,2.9000000953674316,3.200000047683716,3.200000047683716,727300
2023-07-12,3.2699999809265137,3.2699999809265137,3.049999952316284,3.119999885559082,3.119999885559082,167400
2023-07-13,3.1700000762939453,3.2300000190734863,3.069999933242798,3.180000066757202,3.180000066757202,126500
2023-07-14,3.1500000953674316,3.7699999809265137,3.049999952316284,3.640000104904175,3.640000104904175,400300
2023-07-17,3.700000047683716,3.940000057220459,3.640000104904175,3.869999885559082,3.869999885559082,159200
2023-07-18,3.8499999046325684,3.869999885559082,3.6500000953674316,3.809999942779541,3.809999942779541,90500
2023-07-19,3.859999895095825,3.990000009536743,3.809999942779541,3.859999895095825,3.859999895095825,151800
2023-07-20,3.890000104904175,3.9800000190734863,3.549999952316284,3.640000104904175,3.640000104904175,131300
2023-07-21,3.7100000381469727,3.8399999141693115,3.450000047683716,3.700000047683716,3.700000047683716,113400
2023-07-24,3.7200000286102295,3.75,3.5999999046325684,3.75,3.75,50600
2023-07-25,3.7899999618530273,3.819999933242798,3.619999885559082,3.6700000762939453,3.6700000762939453,56500
2023-07-26,3.6700000762939453,3.7799999713897705,3.450000047683716,3.549999952316284,3.549999952316284,92900
2023-07-27,3.630000114440918,3.7100000381469727,3.5,3.549999952316284,3.549999952316284,40100
2023-07-28,3.549999952316284,3.690000057220459,3.549999952316284,3.630000114440918,3.630000114440918,34300
2023-07-31,3.569999933242798,3.700000047683716,3.549999952316284,3.5899999141693115,3.5899999141693115,56700
2023-08-01,3.619999885559082,3.680000066757202,3.5,3.630000114440918,3.630000114440918,36200
2023-08-02,3.6500000953674316,3.690000057220459,3.4800000190734863,3.609999895095825,3.609999895095825,48400
2023-08-03,3.5,3.9100000858306885,3.5,3.7799999713897705,3.7799999713897705,101600
2023-08-04,3.8499999046325684,3.9200000762939453,3.5999999046325684,3.75,3.75,81700
2023-08-07,3.75,3.8499999046325684,3.5799999237060547,3.5899999141693115,3.5899999141693115,53800
2023-08-08,3.569999933242798,3.690000057220459,3.4200000762939453,3.5299999713897705,3.5299999713897705,80600
2023-08-09,3.549999952316284,3.680000066757202,3.2799999713897705,3.5799999237060547,3.5799999237060547,112500
2023-08-10,3.609999895095825,3.690000057220459,3.5299999713897705,3.6500000953674316,3.6500000953674316,45400
2023-08-11,3.640000104904175,3.940000057220459,3.630000114440918,3.7300000190734863,3.7300000190734863,60800
2023-08-14,3.7799999713897705,3.8299999237060547,3.619999885559082,3.700000047683716,3.700000047683716,45300
2023-08-15,3.6500000953674316,3.8499999046325684,3.6500000953674316,3.690000057220459,3.690000057220459,103100
2023-08-16,3.680000066757202,3.8399999141693115,3.5,3.5899999141693115,3.5899999141693115,63300
2023-08-17,3.5999999046325684,3.6500000953674316,3.509999990463257,3.5399999618530273,3.5399999618530273,29300
2023-08-18,3.5299999713897705,3.609999895095825,3.5199999809265137,3.549999952316284,3.549999952316284,13700
2023-08-21,3.559999942779541,3.609999895095825,3.5,3.5199999809265137,3.5199999809265137,15700
2023-08-22,3.5399999618530273,3.5999999046325684,3.5199999809265137,3.5999999046325684,3.5999999046325684,13000
2023-08-23,3.609999895095825,3.7899999618530273,3.609999895095825,3.6700000762939453,3.6700000762939453,45200
2023-08-24,3.6500000953674316,3.6700000762939453,3.5299999713897705,3.5999999046325684,3.5999999046325684,15000
2023-08-25,3.5899999141693115,3.680000066757202,3.5299999713897705,3.5999999046325684,3.5999999046325684,15300
2023-08-28,3.569999933242798,3.700000047683716,3.569999933242798,3.630000114440918,3.630000114440918,19500
2023-08-29,3.690000057220459,3.7300000190734863,3.559999942779541,3.640000104904175,3.640000104904175,49900
2023-08-30,3.640000104904175,3.7100000381469727,3.5799999237060547,3.6500000953674316,3.6500000953674316,25200
2023-08-31,3.6700000762939453,3.740000009536743,3.569999933242798,3.6700000762939453,3.6700000762939453,27300
2023-09-01,3.7200000286102295,3.740000009536743,3.640000104904175,3.640000104904175,3.640000104904175,25100
