Date,Open,High,Low,Close,Adj Close,Volume
1994-10-28,19.0,20.5,18.75,19.5,19.5,4885200
1994-10-31,19.25,20.0,18.75,19.0,19.0,595000
1994-11-01,18.75,19.25,18.75,18.875,18.875,416200
1994-11-02,19.25,19.25,18.5,18.625,18.625,353400
1994-11-03,18.625,19.75,18.5,18.875,18.875,193200
1994-11-04,19.0,19.5,19.0,19.0,19.0,135100
1994-11-07,19.0,19.25,18.625,18.625,18.625,150800
1994-11-08,18.625,18.875,18.25,18.375,18.375,106200
1994-11-09,18.5,18.5,18.3125,18.4375,18.4375,151300
1994-11-10,18.375,18.5,18.25,18.375,18.375,45000
1994-11-11,18.375,18.625,18.375,18.5,18.5,99000
1994-11-14,18.75,19.25,18.5,19.25,19.25,112400
1994-11-15,19.0,20.25,19.0,20.0,20.0,194100
1994-11-16,19.75,20.5,19.75,20.5,20.5,64300
1994-11-17,20.5,20.5,19.75,19.75,19.75,48900
1994-11-18,20.25,20.25,19.75,19.75,19.75,6400
1994-11-21,19.75,19.875,19.25,19.375,19.375,51300
1994-11-22,19.5,19.5,19.0,19.0,19.0,60800
1994-11-23,19.0,19.0,17.75,17.75,17.75,272900
1994-11-25,17.75,18.125,17.75,17.75,17.75,10700
1994-11-28,17.75,18.125,17.75,18.125,18.125,39300
1994-11-29,17.75,17.75,17.25,17.5,17.5,195900
1994-11-30,17.75,17.75,17.25,17.25,17.25,70300
1994-12-01,17.25,17.75,17.25,17.25,17.25,2700
1994-12-02,17.25,17.75,17.25,17.25,17.25,8700
1994-12-05,17.75,18.0,17.5,18.0,18.0,15100
1994-12-06,17.5,18.0,17.5,18.0,18.0,3500
1994-12-07,17.5,17.75,17.5,17.5,17.5,15300
1994-12-08,17.5,17.5,16.0,16.0,16.0,98600
1994-12-09,16.0,16.25,16.0,16.25,16.25,14700
1994-12-12,16.25,16.5,16.25,16.5,16.5,20000
1994-12-13,16.5,16.5,16.125,16.25,16.25,120500
1994-12-14,16.5,17.0,16.5,16.5,16.5,61300
1994-12-15,16.75,16.75,16.75,16.75,16.75,2500
1994-12-16,16.75,17.25,16.75,16.75,16.75,1900
1994-12-19,16.75,17.25,16.75,17.25,17.25,25200
1994-12-20,16.75,17.75,16.75,17.75,17.75,29300
1994-12-21,17.75,17.75,17.25,17.5,17.5,11500
1994-12-22,17.5,19.25,17.5,18.75,18.75,44000
1994-12-23,19.25,19.75,19.25,19.25,19.25,35700
1994-12-27,19.75,20.5,19.5,20.5,20.5,91000
1994-12-28,20.0,20.5,20.0,20.125,20.125,13000
1994-12-29,20.0,20.25,19.75,19.75,19.75,14900
1994-12-30,19.5,20.0,19.5,19.5,19.5,22500
1995-01-03,19.5,19.75,19.5,19.5,19.5,45600
1995-01-04,19.5,19.875,19.25,19.25,19.25,77700
1995-01-05,19.25,19.5,19.0,19.0,19.0,7300
1995-01-06,19.0,19.0,19.0,19.0,19.0,2700
1995-01-09,19.0,19.0,19.0,19.0,19.0,900
1995-01-10,19.0,19.5,19.0,19.5,19.5,17300
1995-01-11,19.5,19.5,19.0,19.0,19.0,74100
1995-01-12,19.0,19.375,19.0,19.375,19.375,400
1995-01-13,19.0,19.0,18.5,18.5,18.5,25500
1995-01-16,18.25,18.25,18.0,18.0,18.0,13100
1995-01-17,18.25,18.75,18.25,18.75,18.75,23600
1995-01-18,18.75,18.75,18.5,18.5,18.5,21500
1995-01-19,19.25,19.25,18.75,18.75,18.75,30500
1995-01-20,18.75,18.875,18.5,18.625,18.625,36000
1995-01-23,18.25,18.75,18.25,18.25,18.25,6300
1995-01-24,18.25,18.25,17.75,18.0,18.0,15600
1995-01-25,17.5,18.0,17.5,18.0,18.0,5400
1995-01-26,17.75,17.75,17.75,17.75,17.75,1400
1995-01-27,17.75,18.0,17.75,17.75,17.75,21400
1995-01-30,18.0,18.25,17.75,17.75,17.75,54500
1995-01-31,17.75,18.25,17.75,17.75,17.75,56200
1995-02-01,18.25,18.25,17.75,17.75,17.75,1600
1995-02-02,17.75,17.875,17.75,17.75,17.75,10300
1995-02-03,17.75,18.5,17.75,18.5,18.5,400
1995-02-06,18.0,19.25,18.0,19.0,19.0,87700
1995-02-07,18.75,19.25,18.75,18.75,18.75,8200
1995-02-08,18.75,19.75,18.75,19.75,19.75,21600
1995-02-09,19.25,19.5,19.25,19.25,19.25,3900
1995-02-10,19.25,19.5,19.25,19.25,19.25,2000
1995-02-13,19.25,19.75,19.0625,19.0625,19.0625,37600
1995-02-14,19.0,19.5,19.0,19.5,19.5,1700
1995-02-15,19.0,19.5,19.0,19.0,19.0,8100
1995-02-16,19.0,19.0,19.0,19.0,19.0,800
1995-02-17,19.0,19.0,19.0,19.0,19.0,0
1995-02-21,19.0,19.75,19.0,19.0,19.0,47700
1995-02-22,19.0,19.625,19.0,19.25,19.25,1400
1995-02-23,19.75,19.75,19.25,19.5,19.5,129300
1995-02-24,19.25,19.5,19.0,19.5,19.5,112400
1995-02-27,19.0,19.5,19.0,19.0,19.0,2900
1995-02-28,19.0,19.25,19.0,19.0,19.0,7000
1995-03-01,19.5,19.5,19.0,19.0,19.0,5600
1995-03-02,19.125,19.5,19.0,19.0,19.0,55400
1995-03-03,19.25,19.25,19.0625,19.0625,19.0625,13200
1995-03-06,19.0,19.125,18.25,18.25,18.25,42100
1995-03-07,18.25,18.25,17.5,17.5,17.5,37100
1995-03-08,17.0,17.25,16.75,17.0,17.0,15700
1995-03-09,17.0,17.25,16.5,16.5,16.5,18000
1995-03-10,16.5,16.75,16.0,16.0,16.0,21500
1995-03-13,16.25,16.25,15.25,15.25,15.25,24400
1995-03-14,15.25,15.5,15.0,15.5,15.5,114300
1995-03-15,15.0,15.625,14.75,15.625,15.625,453200
1995-03-16,15.5,15.5,15.0,15.25,15.25,6500
1995-03-17,15.5,15.5,15.0,15.0,15.0,7000
1995-03-20,15.0,15.5,15.0,15.0,15.0,3300
1995-03-21,15.0,15.0,14.125,14.5,14.5,108200
1995-03-22,14.5,14.5,14.0,14.125,14.125,40400
1995-03-23,14.5,14.5,14.0,14.0,14.0,89000
1995-03-24,14.5,15.0,14.0,14.75,14.75,136900
1995-03-27,15.25,15.5,15.125,15.5,15.5,37100
1995-03-28,15.25,16.25,15.0,15.75,15.75,144100
1995-03-29,16.0,16.0,15.5,15.5,15.5,63900
1995-03-30,15.5,16.0,15.5,16.0,16.0,27100
1995-03-31,16.0,16.5,15.5,16.25,16.25,58100
1995-04-03,16.625,16.75,16.25,16.75,16.75,8300
1995-04-04,16.25,16.25,16.25,16.25,16.25,2000
1995-04-05,16.75,16.75,16.25,16.75,16.75,10100
1995-04-06,16.75,16.75,16.25,16.25,16.25,1100
1995-04-07,16.25,16.75,16.25,16.25,16.25,3400
1995-04-10,16.25,16.75,15.75,16.25,16.25,36300
1995-04-11,15.75,16.25,15.75,15.75,15.75,2700
1995-04-12,16.25,16.25,15.5,15.75,15.75,25400
1995-04-13,15.75,15.75,15.5,15.75,15.75,48900
1995-04-17,15.5,15.5,15.5,15.5,15.5,2600
1995-04-18,15.5,15.5,15.5,15.5,15.5,65300
1995-04-19,15.5,15.75,15.5,15.5,15.5,13100
1995-04-20,15.75,15.75,15.5,15.5,15.5,47000
1995-04-21,15.5,15.5,15.5,15.5,15.5,12200
1995-04-24,15.75,15.75,15.5,15.5,15.5,1600
1995-04-25,15.25,15.25,15.0,15.0,15.0,18000
1995-04-26,14.75,14.75,14.375,14.5,14.5,695400
1995-04-27,14.75,15.25,14.75,15.25,15.25,19400
1995-04-28,14.75,15.25,14.75,15.25,15.25,6600
1995-05-01,15.0,15.0,14.5,14.5,14.5,3700
1995-05-02,14.5,14.5,14.5,14.5,14.5,0
1995-05-03,14.75,14.75,14.5,14.5,14.5,11600
1995-05-04,14.5,14.5,14.25,14.25,14.25,5300
1995-05-05,14.25,14.25,14.25,14.25,14.25,4100
1995-05-08,14.25,14.75,14.25,14.75,14.75,1800
1995-05-09,14.625,14.75,14.625,14.75,14.75,26100
1995-05-10,15.0,15.25,14.875,15.0,15.0,81900
1995-05-11,15.25,15.25,15.0,15.0,15.0,200
1995-05-12,15.0,15.0,15.0,15.0,15.0,500
1995-05-15,15.25,15.25,15.0,15.0,15.0,700
1995-05-16,15.25,15.25,15.0,15.125,15.125,6100
1995-05-17,15.25,15.75,15.0,15.0,15.0,9000
1995-05-18,15.375,15.375,15.0,15.0,15.0,35100
1995-05-19,15.0,15.0,15.0,15.0,15.0,1500
1995-05-22,15.0,15.0,15.0,15.0,15.0,300
1995-05-23,15.0,15.0,15.0,15.0,15.0,0
1995-05-24,15.25,15.25,15.0,15.125,15.125,95200
1995-05-25,14.75,15.0,14.75,14.75,14.75,36000
1995-05-26,14.75,15.0,14.75,15.0,15.0,3500
1995-05-30,14.75,14.75,14.75,14.75,14.75,5000
1995-05-31,14.75,15.0,14.75,15.0,15.0,1000
1995-06-01,15.0,15.0,15.0,15.0,15.0,0
1995-06-02,14.5,14.5,14.5,14.5,14.5,3700
1995-06-05,14.5,15.0,14.5,14.625,14.625,88700
1995-06-06,14.5,14.5,13.5,14.125,14.125,272100
1995-06-07,14.25,14.25,13.5,13.5,13.5,22400
1995-06-08,10.625,13.0,10.625,12.5,12.5,137100
1995-06-09,13.0,13.125,12.5,13.0,13.0,42000
1995-06-12,13.0,13.0,12.5,12.75,12.75,16000
1995-06-13,12.5,13.0,12.5,12.5,12.5,10400
1995-06-14,13.25,13.25,11.375,11.5,11.5,59900
1995-06-15,11.25,11.75,11.25,11.75,11.75,103400
1995-06-16,12.0,12.375,11.625,12.375,12.375,57600
1995-06-19,12.5,12.5,12.0,12.5,12.5,119000
1995-06-20,12.0,13.0,12.0,12.3125,12.3125,91700
1995-06-21,12.75,12.75,12.25,12.5,12.5,97200
1995-06-22,11.25,11.75,11.0,11.5,11.5,239100
1995-06-23,11.5,11.875,11.5,11.75,11.75,251200
1995-06-26,12.0,12.0,11.75,12.0,12.0,16800
1995-06-27,12.25,12.25,12.25,12.25,12.25,24300
1995-06-28,12.25,12.5,11.75,12.5,12.5,102200
1995-06-29,12.5,12.75,12.0,12.75,12.75,33000
1995-06-30,13.0,13.0,12.25,13.0,13.0,1400
1995-07-03,12.5,13.0,12.5,12.5,12.5,6900
1995-07-05,12.5,13.0,12.5,12.5,12.5,75900
1995-07-06,12.5,12.875,12.5,12.5,12.5,14400
1995-07-07,12.5,13.375,12.5,13.0,13.0,29300
1995-07-10,13.0,14.5,13.0,13.75,13.75,24900
1995-07-11,14.5,15.0,14.5,14.5,14.5,42000
1995-07-12,15.0,15.0,14.5,14.5,14.5,37600
1995-07-13,15.0,15.0,14.5,14.625,14.625,5000
1995-07-14,14.5,14.5,14.0,14.0,14.0,5100
1995-07-17,14.5,14.5,14.0,14.25,14.25,28500
1995-07-18,14.0,14.25,14.0,14.25,14.25,700
1995-07-19,14.5,14.5,14.0,14.5,14.5,9900
1995-07-20,14.375,14.375,14.0,14.0,14.0,8100
1995-07-21,14.0,14.0,14.0,14.0,14.0,4100
1995-07-24,14.0,14.0,14.0,14.0,14.0,0
1995-07-25,14.0,14.0,14.0,14.0,14.0,3400
1995-07-26,14.25,14.25,14.0,14.0,14.0,8600
1995-07-27,14.0,14.0,14.0,14.0,14.0,0
1995-07-28,13.75,14.125,13.75,14.125,14.125,2800
1995-07-31,13.75,14.25,13.75,13.75,13.75,35100
1995-08-01,13.75,13.75,13.75,13.75,13.75,1700
1995-08-02,13.75,13.75,13.75,13.75,13.75,500
1995-08-03,13.75,14.25,13.75,13.75,13.75,800
1995-08-04,13.75,13.75,13.5,13.5,13.5,1500
1995-08-07,13.625,13.75,13.5,13.5,13.5,2900
1995-08-08,13.5,13.5,13.5,13.5,13.5,900
1995-08-09,13.875,13.875,13.625,13.875,13.875,127000
1995-08-10,13.5,14.0,13.5,14.0,14.0,1900
1995-08-11,13.5,13.5,13.5,13.5,13.5,5900
1995-08-14,14.0,14.0,13.5,13.75,13.75,4000
1995-08-15,14.0,14.0,13.0,13.0,13.0,14900
1995-08-16,13.5,13.5,13.0,13.0,13.0,9200
1995-08-17,13.5,13.5,13.0,13.5,13.5,22000
1995-08-18,13.0,13.0,13.0,13.0,13.0,300
1995-08-21,13.25,13.25,13.25,13.25,13.25,1500
1995-08-22,13.0,13.25,13.0,13.25,13.25,65100
1995-08-23,13.0,13.5,13.0,13.5,13.5,4600
1995-08-24,13.125,14.0,13.125,14.0,14.0,98300
1995-08-25,14.0,14.0,13.5,13.5,13.5,11000
1995-08-28,13.5,13.5,13.5,13.5,13.5,300
1995-08-29,13.5,14.0,13.5,14.0,14.0,4800
1995-08-30,14.0,15.0,14.0,14.75,14.75,11400
1995-08-31,15.5,16.5,15.0,16.0,16.0,40200
1995-09-01,16.0,16.75,16.0,16.0,16.0,1500
1995-09-05,16.0,16.75,16.0,16.25,16.25,99500
1995-09-06,16.0,16.75,16.0,16.25,16.25,1200
1995-09-07,16.25,16.25,16.25,16.25,16.25,1800
1995-09-08,16.75,17.25,16.5,16.75,16.75,80700
1995-09-11,16.75,17.25,16.75,17.25,17.25,1100
1995-09-12,16.5,17.0,16.5,17.0,17.0,600
1995-09-13,16.5,16.625,16.25,16.25,16.25,11600
1995-09-14,16.5,16.5,15.75,16.5,16.5,146600
1995-09-15,15.75,16.25,15.75,15.75,15.75,17200
1995-09-18,15.75,16.25,15.75,16.25,16.25,900
1995-09-19,16.25,16.25,15.75,15.75,15.75,2600
1995-09-20,15.75,15.75,15.75,15.75,15.75,0
1995-09-21,15.75,15.75,15.75,15.75,15.75,0
1995-09-22,16.25,16.25,16.25,16.25,16.25,100
1995-09-25,16.0,16.0,15.5,15.5,15.5,1400
1995-09-26,15.46875,15.5625,15.46875,15.5625,15.5625,2500
1995-09-27,16.0,16.0,16.0,16.0,16.0,500
1995-09-28,15.25,15.25,14.5,14.5,14.5,20500
1995-09-29,14.6875,14.6875,14.6875,14.6875,14.6875,7200
1995-10-02,14.5,14.875,14.5,14.5,14.5,400
1995-10-03,14.5,14.5,14.5,14.5,14.5,0
1995-10-04,14.5,14.5,14.5,14.5,14.5,0
1995-10-05,14.5,14.5,14.5,14.5,14.5,0
1995-10-06,14.375,14.875,14.25,14.875,14.875,1200
1995-10-09,14.25,14.25,14.25,14.25,14.25,200
1995-10-10,14.25,14.25,14.25,14.25,14.25,0
1995-10-11,14.25,14.25,14.25,14.25,14.25,0
1995-10-12,14.25,14.25,13.5625,14.25,14.25,137100
1995-10-13,14.25,14.25,14.25,14.25,14.25,0
1995-10-16,14.875,14.875,14.875,14.875,14.875,700
1995-10-17,14.875,14.875,14.25,14.25,14.25,400
1995-10-18,14.875,14.875,14.25,14.25,14.25,600
1995-10-19,13.75,13.75,13.25,13.25,13.25,2500
1995-10-20,13.5,13.5,13.0,13.5,13.5,15000
1995-10-23,13.5,13.5,13.5,13.5,13.5,0
1995-10-24,13.5,13.5,13.5,13.5,13.5,0
1995-10-25,13.0,13.0,12.875,13.0,13.0,109600
1995-10-26,13.25,13.25,13.25,13.25,13.25,1000
1995-10-27,13.0,13.0,12.75,13.0,13.0,6600
1995-10-30,13.125,13.125,12.875,13.0,13.0,64100
1995-10-31,12.75,13.0,12.75,12.75,12.75,600
1995-11-01,12.75,12.75,12.75,12.75,12.75,300
1995-11-02,13.0,13.0,13.0,13.0,13.0,300
1995-11-03,12.75,13.25,12.75,13.0,13.0,5900
1995-11-06,13.0,13.0,13.0,13.0,13.0,0
1995-11-07,12.75,12.75,12.75,12.75,12.75,200
1995-11-08,12.75,13.125,12.75,12.875,12.875,27400
1995-11-09,13.25,13.25,12.875,13.125,13.125,43800
1995-11-10,13.5,13.75,13.375,13.75,13.75,18400
1995-11-13,13.75,13.75,13.0,13.0,13.0,1700
1995-11-14,13.0,13.0,12.75,12.75,12.75,5500
1995-11-15,12.5,12.5,11.5,12.0,12.0,412600
1995-11-16,11.75,12.5,11.75,12.5,12.5,2100
1995-11-17,11.875,11.875,11.875,11.875,11.875,5100
1995-11-20,12.25,12.5,12.0,12.5,12.5,3500
1995-11-21,12.5,13.75,12.5,13.75,13.75,44100
1995-11-22,13.75,13.75,13.0,13.0,13.0,30200
1995-11-24,13.5,13.5,13.0,13.5,13.5,2900
1995-11-27,13.25,13.25,13.25,13.25,13.25,300
1995-11-28,13.0,13.25,12.5,12.625,12.625,96400
1995-11-29,13.25,13.25,12.5,12.5,12.5,42300
1995-11-30,13.25,13.25,13.25,13.25,13.25,500
1995-12-01,13.0,13.0,12.5,13.0,13.0,23500
1995-12-04,13.0,13.0,12.5,12.75,12.75,4300
1995-12-05,12.75,12.75,12.75,12.75,12.75,1400
1995-12-06,12.75,12.75,12.25,12.75,12.75,13500
1995-12-07,12.75,12.75,12.25,12.75,12.75,23600
1995-12-08,12.25,12.75,12.25,12.25,12.25,16800
1995-12-11,12.375,12.375,12.375,12.375,12.375,300
1995-12-12,12.5,12.5,12.25,12.25,12.25,1200
1995-12-13,12.5,12.5,12.0,12.0,12.0,333600
1995-12-14,12.5,12.5,12.125,12.25,12.25,7000
1995-12-15,12.25,12.25,12.25,12.25,12.25,3600
1995-12-18,12.25,12.25,12.0,12.0,12.0,6200
1995-12-19,12.0,12.1875,12.0,12.1875,12.1875,21000
1995-12-20,12.0,12.0,11.5,11.75,11.75,10900
1995-12-21,12.0,12.0,11.5,11.75,11.75,35000
1995-12-22,11.5,12.0,11.25,11.5,11.5,16400
1995-12-26,11.25,12.0,11.25,11.75,11.75,2800
1995-12-27,11.25,11.75,11.25,11.75,11.75,1000
1995-12-28,11.375,11.5,11.25,11.25,11.25,3300
1995-12-29,11.25,12.0,11.25,12.0,12.0,23400
1996-01-02,11.25,11.75,11.25,11.75,11.75,7100
1996-01-03,11.75,11.75,11.75,11.75,11.75,6800
1996-01-04,11.75,11.75,11.75,11.75,11.75,9600
1996-01-05,11.25,11.75,11.25,11.75,11.75,13500
1996-01-08,12.0,12.0,12.0,12.0,12.0,300
1996-01-09,12.0,12.0,11.5,12.0,12.0,52100
1996-01-10,12.0,12.5,11.5,11.75,11.75,82400
1996-01-11,12.25,12.25,11.75,12.25,12.25,8200
1996-01-12,11.75,12.0,11.5,11.75,11.75,19600
1996-01-15,12.0,12.0,12.0,12.0,12.0,800
1996-01-16,12.0,12.0,11.5,11.5,11.5,1800
1996-01-17,11.5,12.0,11.5,12.0,12.0,4200
1996-01-18,11.5,11.75,11.5,11.75,11.75,24000
1996-01-19,11.75,11.75,11.25,11.75,11.75,2200
1996-01-22,11.75,11.75,11.25,11.75,11.75,21600
1996-01-23,11.75,11.75,11.25,11.25,11.25,1400
1996-01-24,11.75,12.25,11.75,12.25,12.25,6200
1996-01-25,12.25,12.5,12.25,12.5,12.5,5200
1996-01-26,12.5,12.5,12.0,12.5,12.5,1300
1996-01-29,12.125,12.5,12.0,12.0,12.0,700
1996-01-30,12.5,12.5,12.5,12.5,12.5,100
1996-01-31,12.5,13.5,12.5,13.5,13.5,24300
1996-02-01,12.75,13.25,12.75,13.25,13.25,4400
1996-02-02,13.25,13.75,12.75,13.75,13.75,11300
1996-02-05,13.75,14.75,13.75,14.25,14.25,24900
1996-02-06,13.75,14.5,13.75,14.25,14.25,4500
1996-02-07,14.5,14.5,14.0,14.0,14.0,1400
1996-02-08,14.5,14.5,14.25,14.5,14.5,4300
1996-02-09,14.5,14.5,14.375,14.5,14.5,1500
1996-02-12,14.25,14.25,14.0,14.25,14.25,1300
1996-02-13,13.75,14.0,13.25,13.25,13.25,2600
1996-02-14,13.25,13.25,13.25,13.25,13.25,0
1996-02-15,13.5,13.5,13.0,13.0,13.0,149700
1996-02-16,13.0,13.75,13.0,13.75,13.75,11400
1996-02-20,13.375,13.75,13.25,13.75,13.75,247700
1996-02-21,13.25,14.5,13.25,14.0,14.0,145700
1996-02-22,14.5,15.0,14.0,15.0,15.0,115000
1996-02-23,14.625,15.0,14.5,14.625,14.625,15300
1996-02-26,15.0,15.0,14.875,15.0,15.0,7400
1996-02-27,15.0,15.0,14.5,15.0,15.0,62000
1996-02-28,15.0,15.0,14.5,14.5,14.5,73600
1996-02-29,14.5,14.75,14.5,14.5,14.5,57300
1996-03-01,15.0,15.0,14.5,15.0,15.0,15200
1996-03-04,15.0,15.0,14.75,14.75,14.75,14700
1996-03-05,14.5,15.5,14.5,15.5,15.5,32000
1996-03-06,15.0,16.25,15.0,16.0,16.0,266000
1996-03-07,16.0,16.25,15.75,15.75,15.75,4100
1996-03-08,15.75,16.25,15.75,15.75,15.75,25000
1996-03-11,15.75,16.75,15.75,16.25,16.25,153800
1996-03-12,16.25,16.75,16.25,16.25,16.25,152300
1996-03-13,17.0,17.0,16.25,17.0,17.0,135300
1996-03-14,17.0,17.0,16.25,16.75,16.75,10500
1996-03-15,16.25,16.75,16.25,16.25,16.25,5100
1996-03-18,16.75,16.75,16.25,16.25,16.25,1800
1996-03-19,16.25,16.75,16.25,16.5,16.5,13100
1996-03-20,16.25,16.75,16.25,16.375,16.375,5900
1996-03-21,16.75,17.75,16.25,16.875,16.875,124600
1996-03-22,15.5,17.5,14.75,16.75,16.75,514700
1996-03-25,16.75,17.25,16.75,16.75,16.75,33000
1996-03-26,17.0,17.0,16.5,16.5,16.5,190500
1996-03-27,16.5,16.625,16.25,16.625,16.625,15400
1996-03-28,16.25,16.25,16.25,16.25,16.25,4800
1996-03-29,17.0,17.0,16.25,16.25,16.25,600
1996-04-01,16.25,17.0,16.25,17.0,17.0,61200
1996-04-02,17.0,17.0,16.25,16.625,16.625,12600
1996-04-03,17.0,17.0,16.25,16.25,16.25,2500
1996-04-04,16.25,16.75,16.25,16.25,16.25,2300
1996-04-08,16.25,16.375,16.25,16.375,16.375,7000
1996-04-09,16.5,16.5,16.125,16.125,16.125,65600
1996-04-10,16.0,16.5,16.0,16.0,16.0,1600
1996-04-11,16.0,16.5,16.0,16.0,16.0,2200
1996-04-12,16.5,16.5,16.5,16.5,16.5,200
1996-04-15,16.0,16.0,16.0,16.0,16.0,300
1996-04-16,16.0,17.0,16.0,17.0,17.0,9800
1996-04-17,17.0,17.75,16.375,17.5,17.5,28800
1996-04-18,17.5,18.0,17.5,17.5,17.5,40800
1996-04-19,17.75,17.75,17.0,17.75,17.75,61800
1996-04-22,17.0,17.875,17.0,17.0,17.0,40500
1996-04-23,17.0,17.375,17.0,17.375,17.375,1900
1996-04-24,17.75,17.75,17.0,17.0,17.0,16600
1996-04-25,17.75,17.75,17.75,17.75,17.75,400
1996-04-26,17.75,17.75,17.0,17.5,17.5,16100
1996-04-29,17.0,17.5,17.0,17.5,17.5,4800
1996-04-30,17.0,17.5,17.0,17.375,17.375,14800
1996-05-01,17.5,17.5,17.0,17.0,17.0,10600
1996-05-02,17.0,17.5,17.0,17.0,17.0,1500
1996-05-03,17.0,17.25,17.0,17.25,17.25,2200
1996-05-06,16.75,17.0,16.625,16.875,16.875,40800
1996-05-07,16.75,17.25,16.75,17.25,17.25,3400
1996-05-08,16.75,17.0,16.75,17.0,17.0,7100
1996-05-09,16.875,17.0,16.75,16.8125,16.8125,50100
1996-05-10,16.75,17.0,16.75,16.75,16.75,2000
1996-05-13,16.75,16.75,16.75,16.75,16.75,1500
1996-05-14,17.0,17.0,16.75,16.75,16.75,90100
1996-05-15,16.75,17.0,16.75,17.0,17.0,86100
1996-05-16,16.75,16.75,16.75,16.75,16.75,5800
1996-05-17,17.0,17.0,16.5,16.5,16.5,400
1996-05-20,16.5,17.0,16.25,16.25,16.25,1900
1996-05-21,17.0,17.0,16.625,16.625,16.625,800
1996-05-22,16.75,17.0,16.25,17.0,17.0,5100
1996-05-23,16.5,16.5,16.5,16.5,16.5,1500
1996-05-24,16.5,16.625,16.0,16.625,16.625,4100
1996-05-28,15.75,16.5,15.0,15.25,15.25,25700
1996-05-29,15.0,15.5,15.0,15.0,15.0,135700
1996-05-30,15.125,15.125,15.0,15.125,15.125,187900
1996-05-31,15.5,15.5,15.0,15.375,15.375,29700
1996-06-03,15.5,15.5,15.0,15.5,15.5,3000
1996-06-04,15.75,16.0,15.5,16.0,16.0,19100
1996-06-05,15.5,16.125,15.5,16.125,16.125,155100
1996-06-06,16.25,16.25,15.5,15.5,15.5,1300
1996-06-07,15.25,16.25,15.25,16.25,16.25,1400
1996-06-10,16.25,16.25,15.75,15.75,15.75,2600
1996-06-11,15.75,16.25,15.75,15.75,15.75,19100
1996-06-12,16.25,16.25,15.75,15.75,15.75,1000
1996-06-13,15.75,16.25,15.75,16.25,16.25,2400
1996-06-14,15.75,15.875,15.75,15.875,15.875,300
1996-06-17,15.75,16.125,15.75,16.125,16.125,6000
1996-06-18,15.75,15.75,15.75,15.75,15.75,300
1996-06-19,16.25,16.25,15.875,16.25,16.25,6100
1996-06-20,15.5,16.25,15.5,15.75,15.75,7300
1996-06-21,16.25,16.25,16.25,16.25,16.25,700
1996-06-24,16.25,16.75,15.5,16.75,16.75,7400
1996-06-25,16.75,17.25,16.75,17.125,17.125,30900
1996-06-26,17.25,17.375,17.125,17.125,17.125,8000
1996-06-27,17.125,17.125,16.75,17.0,17.0,44800
1996-06-28,16.75,17.0,16.75,17.0,17.0,6500
1996-07-01,17.0,18.375,17.0,18.375,18.375,19800
1996-07-02,18.5,18.5,18.0,18.125,18.125,15800
1996-07-03,18.5,18.5,18.125,18.125,18.125,1000
1996-07-05,18.0,18.25,18.0,18.25,18.25,6100
1996-07-08,18.0,18.0,17.5,17.5,17.5,2800
1996-07-09,17.5,18.0,16.25,16.25,16.25,16600
1996-07-10,16.0,16.5,16.0,16.125,16.125,272300
1996-07-11,16.5,16.5,16.0,16.0,16.0,2100
1996-07-12,15.5,15.5,15.5,15.5,15.5,200
1996-07-15,15.5,15.5,15.0,15.0,15.0,14900
1996-07-16,15.0,15.5,15.0,15.0,15.0,4700
1996-07-17,15.5,15.5,15.0,15.25,15.25,9500
1996-07-18,16.75,19.0,16.75,18.25,18.25,80900
1996-07-19,18.0,18.75,18.0,18.25,18.25,27000
1996-07-22,18.25,18.75,18.0,18.25,18.25,27000
1996-07-23,17.75,18.375,17.75,18.0,18.0,4200
1996-07-24,18.75,18.75,18.0,18.0,18.0,2300
1996-07-25,18.0,19.0,18.0,19.0,19.0,24700
1996-07-26,19.0,19.5,18.5,19.0,19.0,45500
1996-07-29,19.0,19.0,18.75,19.0,19.0,6100
1996-07-30,19.25,19.25,18.75,18.75,18.75,17500
1996-07-31,18.75,18.75,18.75,18.75,18.75,900
1996-08-01,19.5,19.5,18.75,18.75,18.75,600
1996-08-02,19.5,19.5,18.75,18.75,18.75,3700
1996-08-05,19.125,19.5,18.75,19.5,19.5,2200
1996-08-06,19.5,19.5,18.75,18.75,18.75,5600
1996-08-07,19.0,20.875,19.0,20.875,20.875,23900
1996-08-08,20.0,20.875,20.0,20.75,20.75,2800
1996-08-09,20.0,20.5,19.875,20.5,20.5,19600
1996-08-12,20.5,21.0,20.5,20.5,20.5,3700
1996-08-13,20.75,20.75,20.75,20.75,20.75,13900
1996-08-14,21.0,21.0,20.25,20.5,20.5,8100
1996-08-15,20.25,20.375,18.75,18.75,18.75,34400
1996-08-16,18.75,19.25,18.75,19.25,19.25,18200
1996-08-19,18.75,18.75,18.5,18.75,18.75,9100
1996-08-20,18.75,18.75,18.75,18.75,18.75,0
1996-08-21,18.75,18.75,18.75,18.75,18.75,0
1996-08-22,18.625,18.625,18.625,18.625,18.625,700
1996-08-23,18.25,18.25,18.25,18.25,18.25,200
1996-08-26,18.125,18.625,18.125,18.625,18.625,400
1996-08-27,18.0,18.0,18.0,18.0,18.0,300
1996-08-28,18.0,18.25,17.5,18.125,18.125,253900
1996-08-29,18.0,18.125,18.0,18.125,18.125,900
1996-08-30,18.25,18.25,18.25,18.25,18.25,700
1996-09-03,18.0,18.5,18.0,18.5,18.5,14100
1996-09-04,19.0,19.0,18.25,18.25,18.25,1300
1996-09-05,18.25,19.0,18.25,18.5,18.5,3900
1996-09-06,18.25,18.625,18.25,18.25,18.25,2100
1996-09-09,18.5,18.625,18.25,18.625,18.625,3400
1996-09-10,19.0,19.0,19.0,19.0,19.0,500
1996-09-11,19.0,19.0,18.25,19.0,19.0,900
1996-09-12,18.25,19.0,18.25,19.0,19.0,1900
1996-09-13,19.0,19.0,18.75,18.75,18.75,500
1996-09-16,18.25,18.25,18.25,18.25,18.25,400
1996-09-17,19.0,19.0,19.0,19.0,19.0,300
1996-09-18,19.0,19.0,18.25,19.0,19.0,11100
1996-09-19,19.0,19.25,18.5,18.5,18.5,8900
1996-09-20,18.5,19.25,18.5,19.25,19.25,14500
1996-09-23,18.5,19.25,18.5,19.25,19.25,300
1996-09-24,18.5,18.5,18.5,18.5,18.5,400
1996-09-25,18.5,19.25,18.5,18.875,18.875,3300
1996-09-26,19.25,19.25,19.25,19.25,19.25,1100
1996-09-27,18.75,18.875,18.75,18.875,18.875,80700
1996-09-30,18.5,19.25,18.5,19.25,19.25,900
1996-10-01,18.625,18.625,18.5,18.5,18.5,53600
1996-10-02,18.5,19.25,18.5,19.25,19.25,7500
1996-10-03,19.25,19.25,18.5,19.25,19.25,2000
1996-10-04,18.5,18.5,18.5,18.5,18.5,1300
1996-10-07,18.5,19.25,18.5,18.5,18.5,2500
1996-10-08,18.5,18.5,18.5,18.5,18.5,100
1996-10-09,18.5,19.25,18.5,19.25,19.25,2500
1996-10-10,18.5,18.5,18.0,18.0,18.0,3400
1996-10-11,18.0,18.25,17.75,17.75,17.75,5500
1996-10-14,17.75,17.75,17.75,17.75,17.75,0
1996-10-15,17.5,17.5,17.5,17.5,17.5,2000
1996-10-16,18.0,18.0,17.75,17.75,17.75,2100
1996-10-17,16.5,17.25,16.5,17.0,17.0,235700
1996-10-18,17.0,17.25,16.75,17.0,17.0,16300
1996-10-21,16.75,16.75,16.75,16.75,16.75,300
1996-10-22,16.5,16.75,16.25,16.25,16.25,2200
1996-10-23,16.25,16.25,15.0,16.25,16.25,18700
1996-10-24,16.25,16.25,16.25,16.25,16.25,0
1996-10-25,15.75,16.5,15.75,16.5,16.5,54100
1996-10-28,16.5,16.5,16.125,16.125,16.125,2800
1996-10-29,16.5,16.5,16.0,16.0,16.0,6700
1996-10-30,16.0,16.125,16.0,16.0,16.0,500
1996-10-31,16.25,16.25,15.75,16.125,16.125,289800
1996-11-01,16.0,16.25,15.75,16.25,16.25,1600
1996-11-04,15.75,16.25,15.75,16.25,16.25,3400
1996-11-05,16.25,16.25,16.25,16.25,16.25,1000
1996-11-06,16.125,16.25,15.75,15.75,15.75,8100
1996-11-07,15.75,15.75,15.75,15.75,15.75,1000
1996-11-08,16.25,16.25,16.25,16.25,16.25,5400
1996-11-11,15.75,15.75,15.75,15.75,15.75,800
1996-11-12,16.0,16.0,16.0,16.0,16.0,300
1996-11-13,16.25,16.25,16.0,16.0,16.0,4000
1996-11-14,15.75,15.75,15.75,15.75,15.75,2600
1996-11-15,15.75,15.75,15.25,15.5,15.5,7600
1996-11-18,15.25,15.75,14.8125,15.625,15.625,14700
1996-11-19,15.25,15.75,15.25,15.25,15.25,900
1996-11-20,15.25,15.25,15.25,15.25,15.25,300
1996-11-21,15.25,15.25,15.25,15.25,15.25,7800
1996-11-22,15.25,15.25,15.25,15.25,15.25,0
1996-11-25,15.75,15.75,15.25,15.25,15.25,3100
1996-11-26,15.25,15.75,15.25,15.75,15.75,2500
1996-11-27,15.5,15.5,15.25,15.25,15.25,800
1996-11-29,15.25,15.25,15.25,15.25,15.25,0
1996-12-02,15.25,15.75,15.25,15.25,15.25,1600
1996-12-03,15.75,15.75,15.25,15.25,15.25,5200
1996-12-04,15.25,15.5,15.25,15.5,15.5,2000
1996-12-05,15.75,15.75,14.5,14.5,14.5,14800
1996-12-06,14.0,14.5,14.0,14.25,14.25,3400
1996-12-09,14.25,15.0,14.25,14.5,14.5,7100
1996-12-10,15.0,15.0,14.0,14.0,14.0,13300
1996-12-11,14.25,14.25,14.0,14.0,14.0,5200
1996-12-12,14.25,14.5,14.0,14.0,14.0,4200
1996-12-13,14.5,14.5,14.25,14.25,14.25,7500
1996-12-16,14.625,15.0,14.5,15.0,15.0,5300
1996-12-17,15.0,15.0,14.5,14.5,14.5,11900
1996-12-18,14.75,14.75,13.0,13.25,13.25,28200
1996-12-19,14.0,14.0,13.375,14.0,14.0,2700
1996-12-20,13.75,14.25,13.75,14.125,14.125,6400
1996-12-23,14.25,14.5,14.125,14.5,14.5,1300
1996-12-24,14.375,14.625,14.25,14.25,14.25,7800
1996-12-26,14.375,14.375,14.0,14.0,14.0,6300
1996-12-27,13.875,14.25,13.875,14.25,14.25,2300
1996-12-30,14.25,14.25,13.75,13.75,13.75,6000
1996-12-31,13.75,14.375,13.75,14.375,14.375,16000
1997-01-02,14.375,14.5,14.375,14.5,14.5,3600
1997-01-03,14.5,15.0,14.5,15.0,15.0,1200
1997-01-06,14.75,15.25,14.75,15.25,15.25,4600
1997-01-07,15.0,15.0,15.0,15.0,15.0,6800
1997-01-08,15.125,15.25,15.0,15.125,15.125,58200
1997-01-09,15.25,15.875,15.25,15.75,15.75,27800
1997-01-10,15.75,15.75,15.75,15.75,15.75,700
1997-01-13,16.0,16.0,15.75,15.75,15.75,2800
1997-01-14,15.75,15.875,15.125,15.375,15.375,24800
1997-01-15,15.25,15.625,15.25,15.625,15.625,1200
1997-01-16,15.25,15.3125,14.625,14.625,14.625,4700
1997-01-17,14.625,15.0,14.625,15.0,15.0,31800
1997-01-20,14.625,15.0,14.625,14.625,14.625,9500
1997-01-21,13.75,14.0,12.5,13.5,13.5,43300
1997-01-22,13.75,13.75,13.0,13.0,13.0,34000
1997-01-23,13.25,13.5,11.25,12.0,12.0,106600
1997-01-24,11.5,12.25,11.5,11.875,11.875,76100
1997-01-27,12.0,12.25,11.75,11.875,11.875,16900
1997-01-28,12.25,13.25,11.75,13.25,13.25,178700
1997-01-29,13.5,13.5,12.75,13.0,13.0,146300
1997-01-30,13.75,13.75,13.25,13.25,13.25,173300
1997-01-31,13.25,14.0,13.25,13.75,13.75,13900
1997-02-03,13.25,13.75,13.25,13.375,13.375,12100
1997-02-04,13.4375,13.5,13.25,13.5,13.5,25300
1997-02-05,13.5,13.5,13.25,13.25,13.25,2500
1997-02-06,13.25,13.5,13.25,13.25,13.25,1900
1997-02-07,13.5,13.75,13.25,13.5,13.5,33800
1997-02-10,13.5,13.75,13.25,13.5,13.5,37300
1997-02-11,13.75,15.75,13.75,15.0,15.0,92000
1997-02-12,15.0,15.75,15.0,15.25,15.25,10400
1997-02-13,15.0,15.75,15.0,15.25,15.25,29200
1997-02-14,15.0,15.5,15.0,15.5,15.5,5200
1997-02-18,15.0,15.5,15.0,15.5,15.5,2700
1997-02-19,16.0,16.25,15.0,15.0,15.0,51400
1997-02-20,15.0,15.0,15.0,15.0,15.0,900
1997-02-21,15.0,15.0,14.25,14.375,14.375,19100
1997-02-24,14.25,14.25,14.0,14.0,14.0,3200
1997-02-25,14.75,14.75,14.0,14.75,14.75,3600
1997-02-26,14.0,14.25,13.5,13.75,13.75,27900
1997-02-27,14.0,14.25,13.75,13.75,13.75,8800
1997-02-28,14.25,14.25,13.75,14.125,14.125,13700
1997-03-03,13.75,14.25,13.75,14.25,14.25,25200
1997-03-04,14.25,14.25,13.75,14.0,14.0,236800
1997-03-05,14.0,14.25,13.75,14.25,14.25,17000
1997-03-06,13.75,14.25,13.75,14.25,14.25,11000
1997-03-07,13.75,14.125,13.75,14.125,14.125,3400
1997-03-10,14.125,14.125,13.75,14.0,14.0,29900
1997-03-11,13.75,14.125,13.75,14.125,14.125,1300
1997-03-12,13.75,14.25,13.75,14.0,14.0,29500
1997-03-13,13.75,13.75,13.5,13.5,13.5,9900
1997-03-14,13.5,14.0,13.5,13.75,13.75,3300
1997-03-17,13.75,13.75,13.25,13.25,13.25,9700
1997-03-18,13.5,13.75,13.375,13.375,13.375,3900
1997-03-19,13.5,13.5,13.25,13.25,13.25,14000
1997-03-20,13.25,13.75,13.25,13.75,13.75,4300
1997-03-21,13.25,13.75,13.25,13.5,13.5,8000
1997-03-24,13.25,13.25,13.25,13.25,13.25,3700
1997-03-25,13.75,14.25,13.75,14.25,14.25,12300
1997-03-26,14.0,14.0,14.0,14.0,14.0,700
1997-03-27,14.0,14.5,14.0,14.375,14.375,13000
1997-03-31,14.125,14.125,14.0,14.125,14.125,7000
1997-04-01,14.125,14.25,14.0,14.0,14.0,9600
1997-04-02,14.0,14.0,14.0,14.0,14.0,100
1997-04-03,14.25,14.25,14.25,14.25,14.25,100
1997-04-04,14.0,14.0,14.0,14.0,14.0,2300
1997-04-07,14.25,14.5,14.0,14.5,14.5,10200
1997-04-08,14.625,15.0,14.5,15.0,15.0,16100
1997-04-09,15.25,15.25,15.0,15.25,15.25,25600
1997-04-10,15.0,15.5,15.0,15.5,15.5,5000
1997-04-11,15.5,15.75,15.0,15.25,15.25,23200
1997-04-14,15.0,15.75,15.0,15.25,15.25,5300
1997-04-15,15.75,15.75,15.0,15.0,15.0,7100
1997-04-16,16.0,16.5,15.75,16.5,16.5,50500
1997-04-17,16.25,16.5,15.0,15.25,15.25,21100
1997-04-18,15.25,15.5,15.0,15.0,15.0,1700
1997-04-21,15.0,15.5,15.0,15.0,15.0,1600
1997-04-22,15.0,15.25,14.75,15.0,15.0,5000
1997-04-23,15.25,15.25,14.25,14.75,14.75,26700
1997-04-24,14.5,14.75,14.5,14.5,14.5,5700
1997-04-25,14.5,14.75,14.5,14.75,14.75,2500
1997-04-28,14.25,14.25,14.0,14.25,14.25,9200
1997-04-29,14.0,14.5,14.0,14.25,14.25,7700
1997-04-30,14.0,14.0,13.75,13.75,13.75,20200
1997-05-01,13.75,14.25,13.75,13.75,13.75,7200
1997-05-02,14.25,14.5,14.25,14.5,14.5,24700
1997-05-05,14.25,14.75,14.25,14.5,14.5,2800
1997-05-06,14.5,15.0,14.5,14.75,14.75,11700
1997-05-07,15.25,15.25,14.75,14.875,14.875,41800
1997-05-08,14.75,15.25,14.75,15.25,15.25,27700
1997-05-09,14.75,15.25,14.75,14.75,14.75,1900
1997-05-12,14.75,15.25,14.75,15.25,15.25,3300
1997-05-13,15.25,15.25,15.25,15.25,15.25,0
1997-05-14,15.25,15.25,14.75,14.75,14.75,10700
1997-05-15,14.75,15.0,14.75,15.0,15.0,4500
1997-05-16,15.0,15.0,14.5,14.5,14.5,2000
1997-05-19,15.0,15.0,14.5,14.5,14.5,3600
1997-05-20,14.5,14.5,14.5,14.5,14.5,400
1997-05-21,14.75,14.75,14.625,14.625,14.625,2300
1997-05-22,14.5,14.5,14.5,14.5,14.5,2500
1997-05-23,14.5,14.75,14.5,14.75,14.75,9900
1997-05-27,14.75,15.25,14.5,15.25,15.25,8700
1997-05-28,14.5,14.75,14.5,14.75,14.75,9000
1997-05-29,14.75,15.25,14.5,14.75,14.75,12000
1997-05-30,14.875,15.25,14.625,15.125,15.125,3400
1997-06-02,15.25,15.25,15.25,15.25,15.25,10100
1997-06-03,15.25,15.25,14.875,15.25,15.25,12700
1997-06-04,15.0,15.75,15.0,15.25,15.25,15500
1997-06-05,15.5,16.5,15.5,16.0,16.0,16200
1997-06-06,18.75,19.125,16.5,18.125,18.125,54500
1997-06-09,18.0,18.25,17.25,17.75,17.75,79700
1997-06-10,17.5,17.75,16.75,17.0,17.0,35000
1997-06-11,17.0,17.375,16.75,17.0,17.0,43200
1997-06-12,17.0,17.375,17.0,17.125,17.125,1700
1997-06-13,17.0,17.25,17.0,17.0625,17.0625,57900
1997-06-16,17.125,17.375,17.0,17.375,17.375,30500
1997-06-17,17.0,17.75,17.0,17.625,17.625,15100
1997-06-18,17.5,17.75,17.5,17.625,17.625,1700
1997-06-19,18.125,18.125,17.875,18.125,18.125,6100
1997-06-20,18.125,18.125,17.375,17.375,17.375,11600
1997-06-23,17.25,17.5,16.5,16.5,16.5,86900
1997-06-24,15.75,16.5,15.25,15.5,15.5,26900
1997-06-25,15.75,15.75,15.25,15.375,15.375,26200
1997-06-26,15.75,15.75,15.75,15.75,15.75,1500
1997-06-27,15.75,16.25,15.75,16.25,16.25,25300
1997-06-30,16.25,16.5,15.875,16.375,16.375,21300
1997-07-01,16.375,18.5,16.375,18.25,18.25,90000
1997-07-02,18.5,18.5,18.0,18.5,18.5,8100
1997-07-03,18.5,19.125,18.125,18.5,18.5,12400
1997-07-07,18.5,19.0,18.375,19.0,19.0,21100
1997-07-08,19.0,19.125,18.25,18.5,18.5,3400
1997-07-09,18.5,18.5,18.5,18.5,18.5,1200
1997-07-10,18.75,18.875,18.5,18.5,18.5,8700
1997-07-11,18.5,19.5,18.5,19.5,19.5,19200
1997-07-14,19.75,19.75,19.25,19.75,19.75,9900
1997-07-15,20.0,20.0,19.5,20.0,20.0,3200
1997-07-16,20.0,20.0,19.125,19.125,19.125,16400
1997-07-17,19.0,19.0,17.25,17.25,17.25,31700
1997-07-18,17.0,18.125,17.0,17.75,17.75,71400
1997-07-21,17.75,17.75,17.75,17.75,17.75,500
1997-07-22,18.25,18.5,17.75,18.5,18.5,7800
1997-07-23,17.75,18.125,17.75,18.125,18.125,10400
1997-07-24,17.75,18.75,17.75,18.5,18.5,26600
1997-07-25,19.0,20.25,18.5,19.375,19.375,40500
1997-07-28,19.375,19.5,19.25,19.5,19.5,8000
1997-07-29,19.25,19.25,18.75,18.75,18.75,13500
1997-07-30,19.25,20.0,19.0,19.5,19.5,38200
1997-07-31,19.0,19.0,19.0,19.0,19.0,900
1997-08-01,19.0,19.0,18.5,18.75,18.75,11500
1997-08-04,18.5,18.625,18.5,18.5,18.5,1700
1997-08-05,18.75,18.75,18.5,18.5,18.5,2200
1997-08-06,18.75,18.75,18.75,18.75,18.75,1400
1997-08-07,18.75,19.0,18.75,18.75,18.75,3300
1997-08-08,19.0,19.0,18.0,18.0,18.0,8100
1997-08-11,18.75,18.75,18.0,18.0,18.0,11700
1997-08-12,18.0,18.5,18.0,18.0,18.0,22000
1997-08-13,17.75,17.875,17.75,17.875,17.875,20300
1997-08-14,18.25,18.25,18.25,18.25,18.25,900
1997-08-15,17.75,17.875,17.75,17.75,17.75,18400
1997-08-18,17.75,17.75,17.75,17.75,17.75,200
1997-08-19,17.75,17.75,17.75,17.75,17.75,300
1997-08-20,18.0,18.0,17.25,17.25,17.25,10300
1997-08-21,17.75,17.75,17.25,17.375,17.375,3900
1997-08-22,17.25,17.25,17.0,17.0,17.0,6400
1997-08-25,16.75,16.75,16.75,16.75,16.75,2300
1997-08-26,17.0,17.0,16.25,16.875,16.875,13400
1997-08-27,16.25,16.75,16.25,16.75,16.75,14700
1997-08-28,16.75,17.0,16.5,17.0,17.0,25300
1997-08-29,16.75,17.0,16.625,17.0,17.0,56100
1997-09-02,17.0,17.0,16.5,16.625,16.625,1300
1997-09-03,17.0,17.0,16.5,16.5,16.5,11700
1997-09-04,17.0,17.0,16.625,16.8125,16.8125,20700
1997-09-05,16.625,16.625,16.625,16.625,16.625,1300
1997-09-08,17.0,17.0,16.625,17.0,17.0,74000
1997-09-09,17.0,17.0,16.875,16.875,16.875,2000
1997-09-10,16.9375,16.9375,16.75,16.75,16.75,2800
1997-09-11,16.9375,17.125,16.75,16.8125,16.8125,8300
1997-09-12,17.0,17.0,16.5,16.875,16.875,26900
1997-09-15,16.8125,16.875,16.75,16.875,16.875,52300
1997-09-16,16.75,16.875,16.625,16.625,16.625,19500
1997-09-17,16.6875,16.875,16.5,16.6875,16.6875,45500
1997-09-18,16.625,17.375,16.625,17.28125,17.28125,11100
1997-09-19,17.0,17.5,17.0,17.0,17.0,2100
1997-09-22,17.0,17.4375,17.0,17.25,17.25,9000
1997-09-23,18.0,18.25,17.0,17.5,17.5,59800
1997-09-24,17.5,17.625,17.1875,17.625,17.625,9200
1997-09-25,17.625,17.625,16.875,16.875,16.875,12400
1997-09-26,17.25,17.5,17.0,17.5,17.5,47600
1997-09-29,17.625,17.625,17.34375,17.34375,17.34375,89400
1997-09-30,17.625,18.0,17.375,18.0,18.0,24000
1997-10-01,17.625,18.0,17.625,17.875,17.875,19600
1997-10-02,18.0,18.125,17.875,18.0,18.0,2400
1997-10-03,17.875,18.5,17.875,18.5,18.5,8800
1997-10-06,18.0,18.5,18.0,18.125,18.125,37000
1997-10-07,18.0,19.5,18.0,19.0,19.0,48400
1997-10-08,18.875,18.875,18.125,18.25,18.25,27600
1997-10-09,18.25,18.5,18.0,18.0,18.0,18500
1997-10-10,17.875,19.75,17.75,19.25,19.25,48400
1997-10-13,19.5,20.125,19.375,19.75,19.75,58400
1997-10-14,19.75,19.75,18.875,19.0,19.0,29500
1997-10-15,18.875,18.875,18.25,18.375,18.375,27200
1997-10-16,18.5,18.75,18.25,18.5,18.5,29200
1997-10-17,18.25,18.5,16.0,18.25,18.25,180800
1997-10-20,18.25,18.25,17.875,18.25,18.25,52100
1997-10-21,18.0,18.5,17.875,18.0,18.0,17100
1997-10-22,17.75,18.0,17.75,17.75,17.75,62500
1997-10-23,17.5,18.0,17.25,18.0,18.0,81200
1997-10-24,17.5,18.0,17.375,17.375,17.375,8500
1997-10-27,17.0,17.0,16.25,16.25,16.25,17200
1997-10-28,16.0,16.5,15.25,16.25,16.25,24300
1997-10-29,16.875,17.125,16.5,17.125,17.125,8500
1997-10-30,16.25,16.5,16.25,16.5,16.5,7200
1997-10-31,16.5,16.5,16.25,16.5,16.5,4000
1997-11-03,16.625,16.75,16.5,16.75,16.75,6800
1997-11-04,17.125,17.125,16.625,16.625,16.625,6600
1997-11-05,17.125,17.125,16.875,16.875,16.875,1800
1997-11-06,17.0,17.125,16.75,16.75,16.75,8400
1997-11-07,16.125,16.6875,16.125,16.6875,16.6875,2500
1997-11-10,16.75,17.0,16.5,16.875,16.875,85000
1997-11-11,16.875,16.875,16.875,16.875,16.875,0
1997-11-12,17.0,17.0,16.0,16.0,16.0,93300
1997-11-13,16.1875,16.25,15.6875,16.25,16.25,1797700
1997-11-14,15.9375,16.25,15.9375,16.0,16.0,268300
1997-11-17,15.875,16.25,15.875,16.0625,16.0625,37000
1997-11-18,16.25,16.25,15.875,15.875,15.875,9100
1997-11-19,16.25,16.25,15.875,15.875,15.875,4600
1997-11-20,16.125,16.25,16.0,16.0625,16.0625,47500
1997-11-21,16.25,16.25,16.0,16.0,16.0,27700
1997-11-24,16.0,16.25,16.0,16.0,16.0,25800
1997-11-25,16.0,16.0,15.875,15.875,15.875,13600
1997-11-26,16.0,16.0,15.875,15.875,15.875,1500
1997-11-28,15.96875,16.0,15.96875,16.0,16.0,400
1997-12-01,16.0,16.125,15.875,16.125,16.125,44600
1997-12-02,16.0,16.0,15.75,15.75,15.75,10100
1997-12-03,16.0,16.125,15.75,16.0,16.0,256600
1997-12-04,16.125,16.375,16.125,16.125,16.125,3200
1997-12-05,16.125,16.1875,15.75,16.125,16.125,255500
1997-12-08,16.25,16.75,16.125,16.75,16.75,49700
1997-12-09,16.75,16.875,16.5625,16.5625,16.5625,16000
1997-12-10,16.25,16.75,16.25,16.75,16.75,3600
1997-12-11,16.875,17.125,16.875,17.125,17.125,23000
1997-12-12,17.125,17.25,16.875,17.125,17.125,23200
1997-12-15,16.75,17.25,16.75,16.875,16.875,6800
1997-12-16,16.9375,17.0,16.875,17.0,17.0,8200
1997-12-17,17.125,17.125,16.0,16.125,16.125,12600
1997-12-18,16.0,16.0,15.875,15.875,15.875,8100
1997-12-19,15.75,16.0,15.5,15.875,15.875,20800
1997-12-22,15.6875,15.6875,15.5,15.5,15.5,3200
1997-12-23,15.5,15.625,15.25,15.375,15.375,3800
1997-12-24,15.125,15.125,14.875,15.0,15.0,11100
1997-12-26,14.875,14.875,14.75,14.875,14.875,2700
1997-12-29,15.0,15.4375,15.0,15.125,15.125,16900
1997-12-30,15.375,15.5,15.125,15.25,15.25,15100
1997-12-31,15.125,15.625,15.125,15.25,15.25,10900
1998-01-02,15.375,15.375,15.25,15.375,15.375,2800
1998-01-05,15.375,15.75,15.125,15.5,15.5,26900
1998-01-06,15.5,15.5,15.375,15.375,15.375,1900
1998-01-07,15.375,15.75,15.125,15.5,15.5,15100
1998-01-08,15.625,15.625,15.625,15.625,15.625,5400
1998-01-09,15.34375,15.34375,14.75,14.9375,14.9375,28800
1998-01-12,14.75,14.875,14.5,14.75,14.75,3400
1998-01-13,14.75,14.8125,14.75,14.8125,14.8125,2500
1998-01-14,14.625,14.625,14.625,14.625,14.625,500
1998-01-15,14.75,15.25,14.625,15.25,15.25,566300
1998-01-16,15.5,16.0,14.5,14.5,14.5,72700
1998-01-20,14.5,15.25,14.5,14.875,14.875,48600
1998-01-21,14.875,15.0,14.625,14.875,14.875,18600
1998-01-22,15.0,15.0,14.5,14.625,14.625,7400
1998-01-23,14.875,14.875,14.59375,14.59375,14.59375,4500
1998-01-26,14.375,14.875,14.375,14.5,14.5,6800
1998-01-27,14.5,14.75,14.5,14.625,14.625,2500
1998-01-28,15.0,15.5,14.75,15.5,15.5,283600
1998-01-29,15.625,15.75,15.25,15.25,15.25,92100
1998-01-30,15.375,15.375,15.125,15.375,15.375,69700
1998-02-02,15.375,15.375,15.0,15.0,15.0,27100
1998-02-03,15.125,17.625,15.125,17.125,17.125,229400
1998-02-04,17.25,18.0,16.875,17.25,17.25,96200
1998-02-05,17.25,17.75,17.25,17.5,17.5,23900
1998-02-06,17.0,17.5,17.0,17.375,17.375,47400
1998-02-09,17.625,17.625,17.125,17.25,17.25,22100
1998-02-10,17.75,18.0,17.5,17.75,17.75,37900
1998-02-11,18.0,18.0,17.75,17.875,17.875,26400
1998-02-12,17.75,18.0,17.75,17.875,17.875,22100
1998-02-13,18.0,18.0,17.75,18.0,18.0,15300
1998-02-17,18.0,19.25,17.75,18.625,18.625,82700
1998-02-18,18.875,18.875,18.4375,18.5,18.5,27600
1998-02-19,18.375,18.59375,18.375,18.375,18.375,23700
1998-02-20,18.25,18.25,17.5,17.875,17.875,53800
1998-02-23,17.875,18.0,17.625,17.875,17.875,10900
1998-02-24,17.875,18.6875,17.875,18.25,18.25,74900
1998-02-25,18.5,18.75,17.875,18.5,18.5,48800
1998-02-26,18.75,18.875,18.375,18.75,18.75,55700
1998-02-27,18.875,20.875,18.75,20.875,20.875,92500
1998-03-02,21.625,21.875,19.5,20.0,20.0,190300
1998-03-03,20.0,20.25,19.375,20.0,20.0,50200
1998-03-04,20.0,20.875,19.875,20.25,20.25,197200
1998-03-05,20.25,20.25,19.125,20.125,20.125,43800
1998-03-06,20.125,20.125,19.625,20.0625,20.0625,45700
1998-03-09,19.75,20.25,19.5,20.0,20.0,19800
1998-03-10,19.75,20.125,19.75,20.125,20.125,32100
1998-03-11,20.125,21.0,19.875,20.9375,20.9375,107800
1998-03-12,21.0,21.25,20.875,21.125,21.125,89400
1998-03-13,21.3125,21.4375,21.0,21.125,21.125,22200
1998-03-16,21.125,21.875,21.125,21.75,21.75,26600
1998-03-17,21.5,23.0,21.5,23.0,23.0,26500
1998-03-18,23.0,23.0,22.25,22.75,22.75,41900
1998-03-19,23.0,23.0,22.625,22.6875,22.6875,18300
1998-03-20,22.6875,22.75,22.375,22.5625,22.5625,24400
1998-03-23,22.375,22.75,20.75,20.75,20.75,52900
1998-03-24,20.875,21.5,20.75,20.75,20.75,6300
1998-03-25,20.625,21.25,20.5,20.625,20.625,41000
1998-03-26,20.5,21.0,20.5,20.5,20.5,9000
1998-03-27,20.75,20.875,20.5625,20.875,20.875,65200
1998-03-30,20.75,21.75,20.75,21.125,21.125,34400
1998-03-31,21.5625,22.0,21.125,21.90625,21.90625,20000
1998-04-01,21.625,23.1875,21.625,23.0,23.0,153400
1998-04-02,23.25,23.3125,22.5,22.5,22.5,159000
1998-04-03,22.5,23.125,22.5,22.75,22.75,18000
1998-04-06,22.5,23.0,21.875,22.125,22.125,19300
1998-04-07,22.5,22.5,22.0,22.125,22.125,35600
1998-04-08,21.875,21.875,21.875,21.875,21.875,13300
1998-04-09,21.875,22.375,20.0,21.0,21.0,122000
1998-04-13,20.875,21.5,20.25,20.5,20.5,57100
1998-04-14,20.375,21.125,20.25,20.875,20.875,392600
1998-04-15,21.125,21.375,20.75,21.0,21.0,26100
1998-04-16,20.75,20.875,20.5625,20.875,20.875,5300
1998-04-17,20.78125,21.0,20.75,20.875,20.875,21500
1998-04-20,20.75,20.875,20.0,20.375,20.375,51200
1998-04-21,20.375,20.5,20.25,20.25,20.25,6700
1998-04-22,20.25,20.625,20.25,20.5,20.5,65800
1998-04-23,20.375,21.0,20.375,20.5,20.5,84000
1998-04-24,20.5,20.875,20.375,20.625,20.625,8800
1998-04-27,20.375,20.5,20.0,20.125,20.125,56100
1998-04-28,20.375,20.5,19.75,19.8125,19.8125,12100
1998-04-29,19.5,20.0,19.5,19.5,19.5,9800
1998-04-30,19.0,19.4375,18.75,19.0625,19.0625,1553400
1998-05-01,19.0,19.125,19.0,19.0,19.0,148500
1998-05-04,19.125,19.125,19.0,19.0,19.0,43600
1998-05-05,19.0,19.1875,18.0,18.375,18.375,522800
1998-05-06,18.375,18.75,18.0,18.5,18.5,73400
1998-05-07,18.0,18.4375,17.75,17.875,17.875,48000
1998-05-08,18.0,18.125,17.625,17.6875,17.6875,37200
1998-05-11,17.625,18.0,17.1875,17.25,17.25,198500
1998-05-12,17.125,17.5,17.125,17.125,17.125,64900
1998-05-13,17.3125,17.375,17.0,17.046875,17.046875,90500
1998-05-14,17.0,17.3125,17.0,17.125,17.125,67400
1998-05-15,17.0,17.25,17.0,17.0625,17.0625,58600
1998-05-18,17.0,17.0625,16.75,16.75,16.75,60200
1998-05-19,16.75,17.125,16.75,17.125,17.125,34300
1998-05-20,16.75,17.0,16.75,16.75,16.75,40400
1998-05-21,16.75,18.125,16.75,17.5,17.5,165300
1998-05-22,17.75,17.75,17.25,17.25,17.25,9900
1998-05-26,17.375,17.375,16.5,16.5625,16.5625,33800
1998-05-27,16.625,16.625,15.875,16.4375,16.4375,38500
1998-05-28,16.25,16.25,15.875,16.125,16.125,47500
1998-05-29,16.125,16.5,16.125,16.375,16.375,77100
1998-06-01,16.875,17.375,16.75,16.8125,16.8125,108000
1998-06-02,17.0,17.75,16.875,17.125,17.125,73500
1998-06-03,17.5,17.875,16.875,17.375,17.375,60300
1998-06-04,17.125,17.75,17.0625,17.75,17.75,87100
1998-06-05,17.75,17.75,17.375,17.5625,17.5625,48200
1998-06-08,17.5,18.125,17.5,17.9375,17.9375,79500
1998-06-09,18.0,18.25,18.0,18.125,18.125,68900
1998-06-10,17.875,18.1875,17.875,17.9375,17.9375,84800
1998-06-11,18.0625,18.1875,17.625,17.75,17.75,122300
1998-06-12,17.625,18.0,17.5,18.0,18.0,75800
1998-06-15,17.75,17.75,17.25,17.25,17.25,49100
1998-06-16,17.3125,17.5625,17.25,17.3125,17.3125,19900
1998-06-17,17.6875,18.0,17.375,17.375,17.375,36200
1998-06-18,17.5,17.5625,15.75,16.0,16.0,56000
1998-06-19,16.0,16.25,15.375,15.75,15.75,86000
1998-06-22,16.0,16.25,15.0,15.75,15.75,113700
1998-06-23,16.25,17.4375,16.0,17.25,17.25,152400
1998-06-24,17.25,18.375,17.25,18.0,18.0,160000
1998-06-25,18.0,18.0,17.25,17.25,17.25,64500
1998-06-26,17.125,17.5,17.0,17.0,17.0,10100
1998-06-29,17.625,18.125,17.625,17.875,17.875,33900
1998-06-30,17.875,19.625,17.625,19.5,19.5,170600
1998-07-01,19.75,19.75,18.25,19.375,19.375,89600
1998-07-02,18.875,19.125,18.25,18.25,18.25,51500
1998-07-06,18.0,18.6875,18.0,18.5,18.5,56000
1998-07-07,18.25,20.0,18.25,19.75,19.75,86700
1998-07-08,19.25,20.125,19.25,20.0,20.0,62300
1998-07-09,20.375,20.375,19.125,19.875,19.875,59200
1998-07-10,19.8125,20.5,19.8125,20.0,20.0,80900
1998-07-13,19.625,20.125,19.625,19.875,19.875,32800
1998-07-14,19.625,19.875,19.625,19.625,19.625,8000
1998-07-15,19.75,20.125,19.5,20.0,20.0,27600
1998-07-16,20.0,20.25,19.75,19.78125,19.78125,30300
1998-07-17,19.875,19.875,18.375,18.75,18.75,43200
1998-07-20,18.75,19.0,18.5,18.75,18.75,8700
1998-07-21,19.0,19.0,18.125,18.125,18.125,12100
1998-07-22,17.5,18.0,17.375,17.375,17.375,10800
1998-07-23,17.625,17.625,16.5,16.625,16.625,14700
1998-07-24,16.75,16.875,16.0,16.75,16.75,28200
1998-07-27,16.125,17.75,16.125,17.75,17.75,17200
1998-07-28,17.5,17.875,17.0,17.4375,17.4375,198700
1998-07-29,17.375,17.4375,17.25,17.25,17.25,7700
1998-07-30,16.625,17.1875,16.625,16.625,16.625,2500
1998-07-31,16.5,17.0,16.25,16.5,16.5,7800
1998-08-03,17.0,17.0,16.5,16.5,16.5,20600
1998-08-04,16.5,16.75,15.125,15.125,15.125,93000
1998-08-05,15.125,15.875,13.875,14.0,14.0,31300
1998-08-06,14.125,14.125,13.25,14.125,14.125,204000
1998-08-07,14.25,14.75,13.875,14.375,14.375,121800
1998-08-10,14.75,15.5,14.5,15.25,15.25,15100
1998-08-11,14.75,16.125,14.75,16.125,16.125,24000
1998-08-12,16.125,16.5625,15.625,16.125,16.125,32100
1998-08-13,16.6875,16.6875,15.4375,16.375,16.375,53300
1998-08-14,16.375,16.375,15.875,16.125,16.125,86400
1998-08-17,16.375,16.375,15.6875,15.875,15.875,166800
1998-08-18,15.875,16.125,15.875,16.125,16.125,17700
1998-08-19,16.0,16.125,15.75,16.0,16.0,13700
1998-08-20,15.75,15.875,15.25,15.25,15.25,10000
1998-08-21,15.25,15.625,14.875,15.5,15.5,21900
1998-08-24,15.0,15.8125,15.0,15.5,15.5,13200
1998-08-25,15.0,15.5,14.375,14.5,14.5,16800
1998-08-26,14.125,14.125,13.3125,13.3125,13.3125,51000
1998-08-27,13.375,13.375,13.0,13.0625,13.0625,10200
1998-08-28,13.375,13.375,12.0,12.625,12.625,62300
1998-08-31,12.75,12.875,12.25,12.625,12.625,12900
1998-09-01,12.375,12.875,11.9375,12.625,12.625,231100
1998-09-02,12.875,13.0,12.125,12.375,12.375,37700
1998-09-03,12.375,12.75,12.125,12.1875,12.1875,47400
1998-09-04,12.25,12.25,10.75,11.0625,11.0625,45500
1998-09-08,11.125,11.75,11.125,11.375,11.375,109200
1998-09-09,11.5,11.5,11.0,11.0625,11.0625,36200
1998-09-10,11.0625,11.0625,10.875,11.0,11.0,10700
1998-09-11,11.25,11.25,10.4375,10.75,10.75,180300
1998-09-14,10.9375,11.125,10.5,10.5625,10.5625,53300
1998-09-15,11.0,11.125,10.5,10.5,10.5,51200
1998-09-16,10.5,10.625,10.375,10.5,10.5,23600
1998-09-17,10.5,10.6875,10.3125,10.3125,10.3125,27700
1998-09-18,11.0,11.0,9.1875,10.125,10.125,457400
1998-09-21,9.6875,11.375,9.6875,11.1875,11.1875,73200
1998-09-22,11.0,11.5,11.0,11.5,11.5,56400
1998-09-23,11.125,11.625,11.125,11.5,11.5,12900
1998-09-24,11.5,12.0,11.5,11.875,11.875,33000
1998-09-25,11.5,11.875,11.5,11.5625,11.5625,17900
1998-09-28,11.875,12.0,11.375,11.5,11.5,39000
1998-09-29,12.0,12.0,11.25,11.75,11.75,79600
1998-09-30,12.0,12.0,11.25,11.375,11.375,16000
1998-10-01,11.5,11.5,11.0,11.1875,11.1875,128400
1998-10-02,11.0,11.25,10.75,10.75,10.75,6400
1998-10-05,10.625,11.0,10.625,11.0,11.0,49200
1998-10-06,11.125,11.125,10.75,11.0,11.0,29200
1998-10-07,10.75,11.0,10.75,11.0,11.0,14200
1998-10-08,10.5,10.625,9.25,10.0,10.0,39900
1998-10-09,10.0,10.4375,9.75,10.25,10.25,28700
1998-10-12,10.5,10.5,9.75,9.8125,9.8125,30400
1998-10-13,10.125,10.25,9.875,10.125,10.125,91700
1998-10-14,10.125,10.3125,10.0,10.0,10.0,51800
1998-10-15,10.4375,10.5,10.125,10.25,10.25,128400
1998-10-16,10.25,11.625,10.25,11.5625,11.5625,273700
1998-10-19,11.5625,13.125,11.5625,13.0,13.0,94300
1998-10-20,13.3125,13.875,12.8125,13.6875,13.6875,64300
1998-10-21,13.875,14.125,13.625,14.0,14.0,34400
1998-10-22,15.0625,15.125,13.875,13.875,13.875,51500
1998-10-23,14.03125,15.4375,13.8125,14.4375,14.4375,40900
1998-10-26,14.375,15.4375,14.375,15.3125,15.3125,30600
1998-10-27,14.8125,15.5,14.8125,15.125,15.125,51300
1998-10-28,15.0,15.75,14.875,15.625,15.625,13000
1998-10-29,15.25,15.5625,14.5,14.5,14.5,56700
1998-10-30,14.25,15.625,14.25,15.125,15.125,50900
1998-11-02,14.875,15.25,14.875,15.25,15.25,33000
1998-11-03,14.9375,17.0,14.9375,16.1875,16.1875,40000
1998-11-04,16.75,16.75,15.75,15.875,15.875,16500
1998-11-05,16.0,16.0,15.25,15.875,15.875,29100
1998-11-06,15.625,16.0,15.625,15.84375,15.84375,5300
1998-11-09,15.625,15.75,14.5,14.5,14.5,76900
1998-11-10,14.4375,14.875,14.375,14.375,14.375,8100
1998-11-11,14.75,15.5,14.5,15.25,15.25,63800
1998-11-12,15.0,15.0,14.75,14.875,14.875,15100
1998-11-13,15.0,16.125,14.875,16.0,16.0,15300
1998-11-16,16.0,16.5,15.875,16.125,16.125,68100
1998-11-17,16.0,16.5,15.8125,16.375,16.375,59400
1998-11-18,16.375,16.625,16.0,16.25,16.25,55900
1998-11-19,16.125,17.5,16.125,17.0,17.0,42800
1998-11-20,17.0,17.75,17.0,17.5,17.5,39200
1998-11-23,17.625,18.125,17.625,18.125,18.125,46400
1998-11-24,18.125,18.5625,18.125,18.5,18.5,56000
1998-11-25,18.375,18.375,17.25,17.4375,17.4375,37100
1998-11-27,17.625,17.625,17.25,17.25,17.25,700
1998-11-30,17.0,17.5625,17.0,17.375,17.375,20100
1998-12-01,17.0,17.375,16.5,17.375,17.375,45600
1998-12-02,17.375,18.125,17.375,18.125,18.125,30600
1998-12-03,17.5,18.375,17.5,18.125,18.125,75500
1998-12-04,18.125,18.1875,17.875,17.875,17.875,17700
1998-12-07,18.125,18.5,18.0,18.5,18.5,29600
1998-12-08,18.0,19.5,18.0,19.0,19.0,53600
1998-12-09,18.5,19.25,18.5,19.25,19.25,37600
1998-12-10,19.0,19.0,18.25,18.25,18.25,356600
1998-12-11,18.25,18.75,18.25,18.375,18.375,3500
1998-12-14,18.125,18.125,16.25,16.875,16.875,17600
1998-12-15,16.5,17.25,16.375,16.625,16.625,6000
1998-12-16,16.375,17.125,16.375,16.75,16.75,9700
1998-12-17,16.875,17.375,16.875,17.25,17.25,22800
1998-12-18,17.3125,18.125,17.25,17.6875,17.6875,48400
1998-12-21,18.375,18.625,17.75,18.0625,18.0625,50100
1998-12-22,17.75,18.125,17.75,18.125,18.125,60500
1998-12-23,18.25,19.25,18.0,19.0,19.0,28500
1998-12-24,18.5625,19.0,18.5,18.5,18.5,23100
1998-12-28,18.625,18.625,17.75,17.75,17.75,43500
1998-12-29,17.625,18.375,17.625,17.625,17.625,3400
1998-12-30,18.375,18.375,17.75,18.125,18.125,50200
1998-12-31,18.25,18.25,17.625,17.875,17.875,15100
1999-01-04,18.0,18.5,17.625,17.9375,17.9375,32500
1999-01-05,17.75,19.5,17.125,18.125,18.125,64600
1999-01-06,18.625,19.875,18.625,19.5,19.5,63800
1999-01-07,19.75,20.0,19.125,19.625,19.625,35800
1999-01-08,20.0,20.0,19.375,19.875,19.875,20300
1999-01-11,19.75,20.375,19.75,20.0,20.0,26900
1999-01-12,19.875,20.5,19.875,20.1875,20.1875,47600
1999-01-13,20.125,20.625,19.5,19.875,19.875,17700
1999-01-14,19.25,19.875,19.0,19.5,19.5,30400
1999-01-15,19.0,20.0,19.0,20.0,20.0,6900
1999-01-19,20.3125,20.375,19.75,19.75,19.75,13300
1999-01-20,20.125,20.1875,19.5,20.0,20.0,7000
1999-01-21,19.75,20.375,19.75,20.375,20.375,2200
1999-01-22,20.0625,20.25,19.75,19.75,19.75,26000
1999-01-25,20.0,20.3125,20.0,20.0,20.0,4700
1999-01-26,19.75,20.375,19.75,20.0,20.0,3600
1999-01-27,20.0,20.0,19.75,19.875,19.875,9400
1999-01-28,20.25,20.25,19.625,20.0,20.0,33800
1999-01-29,19.625,19.625,18.75,19.0,19.0,19200
1999-02-01,19.25,19.4375,18.375,18.5625,18.5625,12400
1999-02-02,18.875,18.875,17.8125,17.8125,17.8125,11300
1999-02-03,18.375,18.375,17.5,18.3125,18.3125,4900
1999-02-04,18.0,18.0,17.5,17.5,17.5,1800
1999-02-05,17.5,18.0,17.0,17.0625,17.0625,12300
1999-02-08,17.375,17.5625,16.875,17.0,17.0,26500
1999-02-09,17.0,17.0,14.875,15.5,15.5,36100
1999-02-10,15.25,17.125,15.25,17.125,17.125,10800
1999-02-11,17.75,18.0,17.25,17.5,17.5,22000
1999-02-12,17.5,18.0,17.0,17.0,17.0,11200
1999-02-16,17.0,17.625,17.0,17.0,17.0,2400
1999-02-17,17.0,17.0,16.0,16.375,16.375,29000
1999-02-18,16.625,16.6875,16.25,16.25,16.25,15300
1999-02-19,16.625,17.25,16.25,16.5,16.5,7400
1999-02-22,16.375,16.875,16.375,16.375,16.375,18200
1999-02-23,17.75,18.0,17.25,17.5,17.5,17400
1999-02-24,17.25,17.25,17.25,17.25,17.25,3200
1999-02-25,17.0,18.0,16.75,16.75,16.75,3000
1999-02-26,16.875,18.125,16.875,18.125,18.125,7500
1999-03-01,17.0,18.375,17.0,18.375,18.375,6000
1999-03-02,18.375,20.0,18.375,19.0625,19.0625,19700
1999-03-03,19.0,19.0,18.75,18.75,18.75,15500
1999-03-04,18.0,18.125,17.75,18.125,18.125,3500
1999-03-05,18.0,18.0,17.5625,17.5625,17.5625,2600
1999-03-08,17.625,17.625,17.25,17.25,17.25,1100
1999-03-09,17.75,17.75,16.75,17.125,17.125,95700
1999-03-10,17.0,17.0,16.625,16.625,16.625,600
1999-03-11,17.125,17.125,16.625,16.625,16.625,33900
1999-03-12,17.0,17.0,16.625,16.9375,16.9375,3800
1999-03-15,16.875,16.875,15.75,16.0,16.0,9400
1999-03-16,15.75,15.875,15.375,15.5,15.5,9200
1999-03-17,15.5,15.75,15.0,15.1875,15.1875,7200
1999-03-18,15.4375,15.75,15.1875,15.25,15.25,19900
1999-03-19,15.125,15.125,14.5,14.625,14.625,143600
1999-03-22,15.0,15.0,14.125,14.25,14.25,20100
1999-03-23,14.125,14.75,14.125,14.125,14.125,22100
1999-03-24,14.0,14.125,12.375,13.625,13.625,44900
1999-03-25,13.75,14.875,13.625,14.875,14.875,67500
1999-03-26,15.0,15.125,14.5,14.9375,14.9375,20600
1999-03-29,14.8125,15.125,14.0,15.0,15.0,29000
1999-03-30,14.5,14.875,14.5,14.71875,14.71875,18400
1999-03-31,14.5,14.875,14.25,14.875,14.875,4400
1999-04-01,14.5,15.0,13.5625,13.5625,13.5625,52400
1999-04-05,14.25,14.25,13.75,13.875,13.875,6200
1999-04-06,14.0,14.0,13.625,13.625,13.625,9700
1999-04-07,14.0,14.0,13.5,13.5,13.5,4800
1999-04-08,14.0,14.0,12.25,12.625,12.625,27800
1999-04-09,12.75,12.75,12.25,12.40625,12.40625,19000
1999-04-12,12.3125,12.5625,12.0,12.125,12.125,28800
1999-04-13,12.125,12.5625,12.0625,12.5625,12.5625,171600
1999-04-14,12.5625,13.1875,12.5,13.0,13.0,234600
1999-04-15,13.0625,13.8125,12.75,13.75,13.75,126000
1999-04-16,13.5,14.0,13.375,13.6875,13.6875,27800
1999-04-19,13.875,14.375,13.875,14.0,14.0,14200
1999-04-20,14.25,14.5,14.0,14.0,14.0,17600
1999-04-21,14.1875,14.625,13.875,14.625,14.625,15000
1999-04-22,14.5,15.0625,14.125,14.125,14.125,24100
1999-04-23,14.875,15.125,14.375,15.125,15.125,5400
1999-04-26,15.125,15.125,13.75,14.25,14.25,214500
1999-04-27,13.75,14.25,13.5,13.5,13.5,15300
1999-04-28,13.875,14.25,13.59375,13.8125,13.8125,11800
1999-04-29,13.9375,13.9375,13.5625,13.5625,13.5625,18900
1999-04-30,13.75,14.125,13.5,13.75,13.75,14500
1999-05-03,13.75,13.9375,13.625,13.625,13.625,7400
1999-05-04,13.625,13.9375,12.75,12.75,12.75,95000
1999-05-05,12.6875,13.125,12.375,13.0625,13.0625,39700
1999-05-06,13.25,13.625,13.125,13.375,13.375,135500
1999-05-07,13.25,13.875,13.25,13.5,13.5,100600
1999-05-10,13.5,13.875,13.375,13.75,13.75,2800
1999-05-11,13.5,13.75,13.375,13.5,13.5,41300
1999-05-12,13.75,13.75,13.375,13.375,13.375,125200
1999-05-13,13.375,13.375,12.875,12.875,12.875,216800
1999-05-14,12.875,13.375,12.75,13.0625,13.0625,132500
1999-05-17,12.875,13.375,12.75,13.0,13.0,6100
1999-05-18,13.25,13.25,12.875,13.125,13.125,33500
1999-05-19,13.0,13.125,13.0,13.0,13.0,17900
1999-05-20,13.125,13.125,12.875,12.875,12.875,50200
1999-05-21,13.0,13.0,12.875,12.9375,12.9375,30300
1999-05-24,12.75,12.8125,12.625,12.625,12.625,24500
1999-05-25,12.625,13.0,12.4375,12.75,12.75,53300
1999-05-26,12.75,12.9375,12.5,12.5,12.5,40500
1999-05-27,12.9375,12.9375,12.25,12.25,12.25,17600
1999-05-28,12.625,12.625,11.75,12.0,12.0,401800
1999-06-01,12.25,12.5,11.875,12.25,12.25,117800
1999-06-02,12.28125,12.375,12.0,12.0,12.0,191300
1999-06-03,11.8125,12.0,11.125,11.5,11.5,184000
1999-06-04,11.625,12.125,11.625,12.0,12.0,230800
1999-06-07,12.0625,12.25,11.75,12.125,12.125,90600
1999-06-08,12.125,12.25,12.0,12.09375,12.09375,61800
1999-06-09,12.25,12.25,12.0,12.25,12.25,28900
1999-06-10,12.25,12.75,12.0,12.5,12.5,60500
1999-06-11,12.75,12.75,12.5,12.625,12.625,25700
1999-06-14,12.75,12.75,12.375,12.625,12.625,51200
1999-06-15,12.4375,12.625,12.4375,12.5,12.5,6400
1999-06-16,12.75,12.75,12.25,12.625,12.625,41300
1999-06-17,12.625,13.0,12.25,12.75,12.75,36600
1999-06-18,13.0,14.5,13.0,14.0625,14.0625,256600
1999-06-21,14.125,14.75,14.0,14.5625,14.5625,49700
1999-06-22,14.625,14.875,14.5625,14.625,14.625,77800
1999-06-23,14.625,15.375,14.625,14.9375,14.9375,44400
1999-06-24,14.875,15.25,14.5,15.0,15.0,51900
1999-06-25,15.0625,15.375,15.0,15.0625,15.0625,26000
1999-06-28,15.1875,15.75,15.125,15.4375,15.4375,54000
1999-06-29,15.75,15.75,15.4375,15.734375,15.734375,35000
1999-06-30,15.75,16.0,15.0625,15.75,15.75,111200
1999-07-01,16.125,16.125,15.625,16.0,16.0,27000
1999-07-02,15.875,17.125,15.875,16.96875,16.96875,36300
1999-07-06,17.125,18.375,16.9375,18.125,18.125,76000
1999-07-07,18.0625,18.5,17.875,17.875,17.875,194800
1999-07-08,17.875,18.375,17.875,18.375,18.375,11200
1999-07-09,18.375,18.375,17.875,18.25,18.25,17200
1999-07-12,18.1875,18.9375,18.1875,18.9375,18.9375,24900
1999-07-13,18.6875,18.6875,18.375,18.375,18.375,47300
1999-07-14,18.375,18.5,17.8125,17.875,17.875,92200
1999-07-15,17.90625,18.0,17.6875,17.75,17.75,41200
1999-07-16,17.5625,17.75,17.0625,17.375,17.375,68500
1999-07-19,17.0625,17.3125,16.5625,16.5625,16.5625,12100
1999-07-20,16.6875,16.6875,16.0,16.0,16.0,7300
1999-07-21,15.875,16.25,15.75,15.875,15.875,14700
1999-07-22,16.1875,16.25,15.5,15.6875,15.6875,43100
1999-07-23,15.75,16.875,15.75,16.875,16.875,129100
1999-07-26,17.0,17.0,16.375,16.75,16.75,39500
1999-07-27,16.75,17.0,16.625,17.0,17.0,6900
1999-07-28,17.0,17.125,16.875,17.125,17.125,12900
1999-07-29,16.9375,18.0,16.625,18.0,18.0,17300
1999-07-30,18.0,18.375,17.5625,17.625,17.625,38400
1999-08-02,17.5625,17.875,17.5,17.875,17.875,33700
1999-08-03,17.625,18.0,17.625,17.875,17.875,14900
1999-08-04,17.8125,18.0,17.625,17.625,17.625,137800
1999-08-05,17.625,18.0,17.625,17.875,17.875,234900
1999-08-06,17.875,17.875,17.625,17.875,17.875,82500
1999-08-09,17.8125,17.875,17.5,17.5625,17.5625,105200
1999-08-10,17.625,17.875,17.5,17.875,17.875,23100
1999-08-11,17.6875,17.875,17.5,17.5,17.5,10100
1999-08-12,17.6875,17.734375,17.5,17.5,17.5,1600
1999-08-13,17.5,17.875,17.375,17.5,17.5,11700
1999-08-16,17.375,17.375,17.25,17.3125,17.3125,7500
1999-08-17,17.1875,17.25,16.75,16.75,16.75,39700
1999-08-18,16.625,16.8125,16.375,16.625,16.625,5200
1999-08-19,16.5,16.5,16.125,16.125,16.125,7400
1999-08-20,16.0,17.0,16.0,16.875,16.875,25500
1999-08-23,17.125,17.125,17.0,17.0625,17.0625,20900
1999-08-24,17.0625,17.125,16.9375,17.0625,17.0625,32000
1999-08-25,17.03125,17.0625,17.0,17.0625,17.0625,15700
1999-08-26,17.125,17.125,16.75,16.8125,16.8125,26900
1999-08-27,17.0625,17.125,16.8125,16.875,16.875,5700
1999-08-30,16.625,17.0625,16.625,17.0,17.0,16800
1999-08-31,16.75,16.875,16.75,16.875,16.875,2200
1999-09-01,16.75,17.125,16.75,17.125,17.125,11500
1999-09-02,17.125,17.125,16.75,16.875,16.875,72600
1999-09-03,16.9375,17.125,16.9375,17.125,17.125,114400
1999-09-07,17.15625,17.15625,16.125,16.5625,16.5625,19800
1999-09-08,16.5,16.5625,16.4375,16.5,16.5,7600
1999-09-09,16.625,16.8125,16.625,16.8125,16.8125,1300
1999-09-10,17.25,17.25,16.875,16.875,16.875,56300
1999-09-13,17.0,17.0,16.5,16.5,16.5,8700
1999-09-14,16.65625,16.75,16.375,16.75,16.75,3500
1999-09-15,16.75,17.125,16.625,17.125,17.125,59400
1999-09-16,17.0,17.125,16.625,16.625,16.625,8500
1999-09-17,16.5625,17.125,16.5,17.0,17.0,82300
1999-09-20,17.0625,17.0625,16.625,16.875,16.875,30900
1999-09-21,16.625,16.625,16.5,16.5,16.5,400
1999-09-22,16.5625,16.75,16.125,16.375,16.375,3200
1999-09-23,16.1875,16.1875,15.5625,15.5625,15.5625,6800
1999-09-24,15.875,16.0,15.5,16.0,16.0,165000
1999-09-27,15.75,16.0625,15.625,16.0625,16.0625,166300
1999-09-28,15.90625,16.25,15.8125,16.0625,16.0625,52100
1999-09-29,16.125,16.25,15.75,15.75,15.75,13100
1999-09-30,15.75,15.75,15.25,15.25,15.25,2800
1999-10-01,15.25,15.75,15.0,15.625,15.625,53900
1999-10-04,15.625,16.125,15.375,16.125,16.125,7800
1999-10-05,15.875,16.125,15.875,16.125,16.125,38400
1999-10-06,15.875,16.0,15.6875,15.9375,15.9375,16500
1999-10-07,15.875,16.0,15.5,15.875,15.875,24900
1999-10-08,15.9375,15.9375,15.25,15.4375,15.4375,16100
1999-10-11,15.5625,16.125,15.375,16.125,16.125,166200
1999-10-12,16.0625,16.125,16.0,16.0,16.0,5500
1999-10-13,16.0625,16.0625,15.0,15.25,15.25,9800
1999-10-14,15.25,15.5,15.0,15.25,15.25,82300
1999-10-15,15.34375,15.75,15.0,15.125,15.125,36600
1999-10-18,15.0,15.5,15.0,15.25,15.25,31600
1999-10-19,15.625,15.625,15.375,15.375,15.375,8300
1999-10-20,15.3125,15.3125,15.0,15.125,15.125,4400
1999-10-21,15.125,15.625,15.125,15.5,15.5,7800
1999-10-22,15.25,15.625,15.25,15.25,15.25,3900
1999-10-25,15.4375,15.625,15.375,15.375,15.375,36900
1999-10-26,15.625,15.625,15.375,15.375,15.375,12900
1999-10-27,15.5625,15.75,15.375,15.75,15.75,5100
1999-10-28,15.75,15.75,15.375,15.59375,15.59375,9000
1999-10-29,15.4375,15.75,15.375,15.375,15.375,30900
1999-11-01,15.875,15.875,15.125,15.4375,15.4375,29200
1999-11-02,15.5,15.75,15.1875,15.1875,15.1875,8900
1999-11-03,15.1875,15.1875,15.0,15.1875,15.1875,43300
1999-11-04,15.125,15.5,15.0,15.125,15.125,31300
1999-11-05,15.125,15.5,15.125,15.25,15.25,2700
1999-11-08,15.125,15.5,15.125,15.125,15.125,2200
1999-11-09,15.4375,15.4375,15.125,15.25,15.25,12600
1999-11-10,15.125,15.25,15.0,15.0,15.0,18700
1999-11-11,15.125,15.5,14.9375,15.5,15.5,101000
1999-11-12,14.875,15.5,14.875,15.5,15.5,8300
1999-11-15,15.5625,15.5625,15.125,15.125,15.125,9300
1999-11-16,15.5,15.5,14.875,15.5,15.5,5700
1999-11-17,15.375,15.375,14.875,14.875,14.875,55500
1999-11-18,15.0,15.5,15.0,15.125,15.125,15100
1999-11-19,15.4375,15.5,15.125,15.125,15.125,33700
1999-11-22,15.125,15.25,15.125,15.125,15.125,4800
1999-11-23,15.25,15.25,14.9375,14.9375,14.9375,45500
1999-11-24,15.125,15.125,14.875,14.875,14.875,46000
1999-11-26,14.875,15.0,14.875,15.0,15.0,1000
1999-11-29,14.9375,14.9375,14.625,14.625,14.625,26300
1999-11-30,14.625,14.75,14.5,14.5,14.5,7200
1999-12-01,14.5,14.75,14.3125,14.375,14.375,9900
1999-12-02,14.3125,14.625,13.875,14.0,14.0,21500
1999-12-03,14.25,14.34375,14.0,14.125,14.125,15500
1999-12-06,14.125,14.3125,14.0,14.125,14.125,34100
1999-12-07,14.125,14.125,14.0,14.125,14.125,16600
1999-12-08,14.0625,14.125,13.375,13.75,13.75,26400
1999-12-09,14.0,14.25,13.5,13.625,13.625,13000
1999-12-10,13.75,14.25,13.5,13.5,13.5,20200
1999-12-13,13.625,14.0,13.5,14.0,14.0,765300
1999-12-14,14.0,14.5,13.96875,14.5,14.5,78700
1999-12-15,14.53125,14.875,14.25,14.625,14.625,10300
1999-12-16,14.53125,14.625,14.4375,14.625,14.625,4700
1999-12-17,14.8125,14.875,14.5,14.5,14.5,97700
1999-12-20,14.78125,14.9375,14.5,14.71875,14.71875,9200
1999-12-21,14.5,15.0,14.5,14.625,14.625,15400
1999-12-22,14.75,14.75,14.625,14.625,14.625,237200
1999-12-23,14.75,14.875,14.625,14.84375,14.84375,7800
1999-12-27,14.8125,15.625,14.625,15.625,15.625,17900
1999-12-28,15.75,17.25,15.625,17.0,17.0,21900
1999-12-29,17.25,17.625,16.8125,17.5,17.5,12400
1999-12-30,17.5,18.25,17.375,17.96875,17.96875,46800
1999-12-31,17.875,18.0,17.375,17.375,17.375,18300
2000-01-03,17.625,17.625,16.75,16.75,16.75,92200
2000-01-04,16.75,16.75,16.375,16.375,16.375,2100
2000-01-05,16.0,16.0,14.75,15.75,15.75,13100
2000-01-06,15.625,15.75,15.3125,15.75,15.75,9700
2000-01-07,15.375,16.125,15.375,15.65625,15.65625,2400
2000-01-10,15.8125,15.8125,15.0,15.0,15.0,4600
2000-01-11,15.25,15.875,15.25,15.5,15.5,26600
2000-01-12,15.25,15.5625,15.25,15.5625,15.5625,7300
2000-01-13,15.875,16.125,15.875,16.125,16.125,2100
2000-01-14,16.25,16.375,15.5,15.625,15.625,14100
2000-01-18,16.25,16.5,15.75,16.125,16.125,21300
2000-01-19,16.3125,17.25,16.125,17.25,17.25,7800
2000-01-20,17.5,18.25,16.875,18.0,18.0,46800
2000-01-21,17.59375,18.0625,17.4375,17.5,17.5,221200
2000-01-24,17.875,18.0,16.875,17.125,17.125,7600
2000-01-25,16.5,16.625,15.75,16.3125,16.3125,10300
2000-01-26,15.875,16.375,15.375,15.375,15.375,13100
2000-01-27,15.625,15.625,15.0,15.0,15.0,7400
2000-01-28,15.0,15.0625,14.1875,14.1875,14.1875,6700
2000-01-31,14.875,14.875,13.375,13.375,13.375,37500
2000-02-01,13.6875,13.6875,12.75,12.8125,12.8125,51400
2000-02-02,12.9375,13.125,12.75,12.75,12.75,49600
2000-02-03,12.875,13.375,12.75,13.25,13.25,34300
2000-02-04,13.75,14.5,13.5,14.25,14.25,23800
2000-02-07,14.4375,14.875,14.4375,14.875,14.875,7400
2000-02-08,14.875,15.5,14.5,15.0,15.0,9200
2000-02-09,14.5625,14.625,14.375,14.375,14.375,14100
2000-02-10,14.625,14.625,13.0,13.0,13.0,60500
2000-02-11,13.3125,13.625,12.875,13.125,13.125,51400
2000-02-14,12.875,13.0,12.625,12.625,12.625,44900
2000-02-15,12.875,12.875,11.125,11.375,11.375,265300
2000-02-16,11.375,12.0,11.0,11.125,11.125,151800
2000-02-17,11.25,11.5,10.8125,11.0,11.0,74200
2000-02-18,11.25,11.25,10.625,10.625,10.625,34200
2000-02-22,11.125,11.125,10.4375,10.4375,10.4375,44400
2000-02-23,10.75,10.875,10.25,10.75,10.75,38200
2000-02-24,10.75,10.75,10.5,10.5,10.5,53700
2000-02-25,10.5,11.4375,10.375,11.4375,11.4375,104700
2000-02-28,11.21875,11.4375,10.75,11.375,11.375,11700
2000-02-29,11.3125,11.625,11.25,11.5,11.5,102300
2000-03-01,11.25,11.625,11.25,11.25,11.25,32200
2000-03-02,12.25,12.25,10.75,10.75,10.75,207400
2000-03-03,11.0,11.3125,11.0,11.25,11.25,90700
2000-03-06,11.1875,11.3125,11.1875,11.1875,11.1875,9900
2000-03-07,11.1875,11.25,11.0,11.125,11.125,7400
2000-03-08,10.9375,11.125,10.5625,11.0,11.0,24900
2000-03-09,11.125,11.125,10.75,10.9375,10.9375,47900
2000-03-10,11.0,11.125,10.75,10.75,10.75,6700
2000-03-13,10.9375,11.25,10.75,11.0625,11.0625,54200
2000-03-14,11.75,11.9375,11.3125,11.9375,11.9375,173600
2000-03-15,12.25,15.25,12.0,14.9375,14.9375,391100
2000-03-16,14.625,14.75,14.0,14.4375,14.4375,46200
2000-03-17,14.4375,14.9375,14.0,14.6875,14.6875,115500
2000-03-20,14.625,14.9375,14.375,14.625,14.625,97100
2000-03-21,14.625,15.0,14.625,14.625,14.625,4400
2000-03-22,14.78125,15.046875,14.78125,15.0,15.0,41500
2000-03-23,15.0625,15.625,14.9375,15.625,15.625,6700
2000-03-24,15.125,15.9375,15.125,15.25,15.25,32900
2000-03-27,15.5,15.9375,15.125,15.6875,15.6875,15900
2000-03-28,15.5,15.75,15.5,15.6875,15.6875,32000
2000-03-29,15.75,16.0,15.625,15.640625,15.640625,155800
2000-03-30,15.75,16.0625,15.5,15.9375,15.9375,51300
2000-03-31,16.0,16.0,15.625,15.875,15.875,7200
2000-04-03,15.875,15.875,14.375,14.375,14.375,93000
2000-04-04,14.5625,14.6875,14.25,14.6875,14.6875,43000
2000-04-05,14.5,14.75,14.375,14.75,14.75,11600
2000-04-06,14.5,15.375,14.5,15.0,15.0,53200
2000-04-07,15.125,15.125,14.5,14.625,14.625,31500
2000-04-10,14.6875,14.6875,14.25,14.25,14.25,11400
2000-04-11,14.3125,14.3125,13.875,14.0,14.0,18000
2000-04-12,14.28125,14.375,13.625,13.625,13.625,25300
2000-04-13,13.625,13.6875,13.625,13.625,13.625,4000
2000-04-14,13.59375,13.59375,11.375,11.375,11.375,59700
2000-04-17,11.4375,11.875,11.375,11.625,11.625,58300
2000-04-18,11.875,14.125,11.75,14.125,14.125,110100
2000-04-19,14.0,14.0,13.5,13.875,13.875,9000
2000-04-20,13.75,13.75,12.25,12.375,12.375,51200
2000-04-24,12.25,12.375,11.875,11.875,11.875,46300
2000-04-25,12.09375,12.375,11.875,11.9375,11.9375,55500
2000-04-26,12.375,12.5,12.0,12.0,12.0,16300
2000-04-27,12.1875,12.25,11.875,12.25,12.25,4600
2000-04-28,12.625,13.25,12.125,13.1875,13.1875,12600
2000-05-01,13.375,14.125,13.125,13.5,13.5,12200
2000-05-02,13.4375,14.0,12.75,12.75,12.75,32100
2000-05-03,13.625,13.625,12.4375,12.4375,12.4375,4900
2000-05-04,12.4375,12.625,11.875,11.875,11.875,13800
2000-05-05,12.0,12.5,11.875,12.0625,12.0625,10500
2000-05-08,11.9375,13.125,11.9375,13.125,13.125,26400
2000-05-09,13.125,13.125,12.25,12.5,12.5,25700
2000-05-10,12.5,12.5,12.25,12.375,12.375,6800
2000-05-11,12.375,12.625,12.375,12.625,12.625,7700
2000-05-12,12.625,12.625,12.375,12.4375,12.4375,13000
2000-05-15,12.3125,12.3125,12.125,12.15625,12.15625,10900
2000-05-16,12.4375,12.4375,12.078125,12.078125,12.078125,13400
2000-05-17,12.0,12.34375,12.0,12.1875,12.1875,29800
2000-05-18,12.25,12.25,11.9375,12.0,12.0,43400
2000-05-19,12.125,12.125,11.5,11.8125,11.8125,32300
2000-05-22,11.875,12.125,11.40625,11.5,11.5,16200
2000-05-23,12.125,12.125,11.25,11.375,11.375,19600
2000-05-24,11.125,11.375,10.5,10.875,10.875,85700
2000-05-25,10.65625,10.9375,9.9375,10.375,10.375,51700
2000-05-26,10.0,10.375,9.8125,10.375,10.375,22200
2000-05-30,9.9375,10.625,9.9375,10.375,10.375,30100
2000-05-31,10.5,10.5,10.25,10.25,10.25,32400
2000-06-01,10.5,10.5,10.25,10.4375,10.4375,198200
2000-06-02,10.3125,10.375,10.25,10.25,10.25,6500
2000-06-05,10.09375,10.1875,8.5,8.6875,8.6875,417200
2000-06-06,8.53125,8.5625,7.5625,8.25,8.25,505900
2000-06-07,8.25,8.4375,8.25,8.3125,8.3125,380200
2000-06-08,8.375,8.375,8.25,8.25,8.25,382900
2000-06-09,8.34375,8.375,8.25,8.28125,8.28125,132900
2000-06-12,8.3125,8.46875,8.1875,8.25,8.25,97500
2000-06-13,8.25,8.375,7.875,7.9375,7.9375,217300
2000-06-14,7.9375,8.0,7.875,7.875,7.875,22500
2000-06-15,8.125,8.375,7.75,7.78125,7.78125,84400
2000-06-16,8.0,8.0625,7.875,8.0,8.0,124200
2000-06-19,8.109375,8.125,7.625,8.0,8.0,26900
2000-06-20,8.03125,8.0625,7.875,7.875,7.875,251000
2000-06-21,8.0,8.0625,7.875,8.0,8.0,46900
2000-06-22,7.875,8.0625,7.875,8.03125,8.03125,82500
2000-06-23,8.03125,8.1875,8.0,8.125,8.125,147400
2000-06-26,8.1875,8.375,7.875,8.0,8.0,435900
2000-06-27,7.875,8.15625,7.875,8.03125,8.03125,76400
2000-06-28,8.046875,8.125,7.875,8.0625,8.0625,121900
2000-06-29,8.03125,8.0625,7.875,7.875,7.875,164400
2000-06-30,8.0,8.375,7.75,8.0,8.0,464700
2000-07-03,8.25,8.4375,8.125,8.4375,8.4375,43600
2000-07-05,8.40625,8.40625,8.0,8.0,8.0,177100
2000-07-06,8.0,8.25,7.9375,8.1875,8.1875,137000
2000-07-07,8.21875,8.375,8.0,8.125,8.125,191100
2000-07-10,8.21875,8.25,8.125,8.125,8.125,15100
2000-07-11,8.25,8.5,8.125,8.1875,8.1875,53900
2000-07-12,8.28125,8.375,8.21875,8.375,8.375,48800
2000-07-13,8.125,8.375,8.125,8.1875,8.1875,3800
2000-07-14,8.40625,9.5,8.25,9.5,9.5,53800
2000-07-17,9.46875,9.5,9.25,9.375,9.375,26800
2000-07-18,9.5,9.5625,8.5,9.0,9.0,61700
2000-07-19,9.25,9.375,8.75,8.75,8.75,27900
2000-07-20,8.25,9.0,8.125,8.5,8.5,83500
2000-07-21,8.625,8.75,8.4375,8.5,8.5,228500
2000-07-24,8.53125,8.75,8.5,8.53125,8.53125,61800
2000-07-25,8.5625,8.625,8.1875,8.265625,8.265625,95100
2000-07-26,8.25,8.28125,8.0,8.046875,8.046875,93700
2000-07-27,8.0,8.125,8.0,8.0,8.0,66700
2000-07-28,8.0,8.0,7.6875,7.9375,7.9375,70800
2000-07-31,7.90625,8.0,7.875,8.0,8.0,362000
2000-08-01,7.875,8.1875,7.875,8.0,8.0,25000
2000-08-02,8.0,8.125,7.953125,8.0,8.0,3800
2000-08-03,8.125,8.5,8.125,8.359375,8.359375,15000
2000-08-04,8.375,8.5,8.0,8.375,8.375,25700
2000-08-07,8.25,8.375,8.0,8.375,8.375,9900
2000-08-08,8.3125,8.75,8.125,8.75,8.75,40900
2000-08-09,8.71875,9.0625,8.5,8.9375,8.9375,25300
2000-08-10,8.875,8.875,8.5,8.6875,8.6875,4000
2000-08-11,8.5,8.75,8.125,8.75,8.75,34000
2000-08-14,8.125,8.75,8.125,8.484375,8.484375,8100
2000-08-15,8.375,9.0,8.375,8.6875,8.6875,81300
2000-08-16,8.8125,9.375,8.8125,9.125,9.125,51500
2000-08-17,9.125,9.75,9.125,9.5,9.5,54300
2000-08-18,9.5,9.5,9.0,9.0,9.0,24200
2000-08-21,9.09375,9.125,9.0625,9.125,9.125,22100
2000-08-22,9.0625,9.125,8.3125,8.5625,8.5625,37500
2000-08-23,8.75,9.5,8.625,9.0,9.0,33700
2000-08-24,9.375,9.875,9.0,9.875,9.875,122600
2000-08-25,9.53125,10.25,9.5,9.875,9.875,89000
2000-08-28,10.25,10.5625,9.875,10.25,10.25,30700
2000-08-29,10.25,11.0,10.25,10.25,10.25,56300
2000-08-30,10.75,10.75,10.0,10.5,10.5,14900
2000-08-31,10.125,10.5,10.0,10.5,10.5,11300
2000-09-01,10.375,10.4375,10.125,10.3125,10.3125,150500
2000-09-05,10.1875,10.25,9.75,9.96875,9.96875,45600
2000-09-06,9.75,9.9375,9.75,9.75,9.75,142500
2000-09-07,9.75,10.9375,9.5625,10.9375,10.9375,52500
2000-09-08,10.5,10.8125,10.0,10.6875,10.6875,13500
2000-09-11,10.46875,10.5,10.125,10.125,10.125,17700
2000-09-12,10.125,10.5,9.9375,10.375,10.375,47900
2000-09-13,10.25,10.875,10.25,10.71875,10.71875,22500
2000-09-14,10.6875,10.6875,10.5,10.5625,10.5625,8800
2000-09-15,10.5,10.625,10.5,10.625,10.625,25000
2000-09-18,10.375,10.5,10.375,10.4375,10.4375,4300
2000-09-19,10.46875,10.46875,9.875,10.4375,10.4375,23800
2000-09-20,10.0,10.0625,9.875,10.0,10.0,34000
2000-09-21,9.875,10.0625,9.875,9.9375,9.9375,8000
2000-09-22,10.0,10.0625,9.9375,9.9375,9.9375,11400
2000-09-25,9.9375,10.0,9.25,9.8125,9.8125,84300
2000-09-26,9.75,9.875,9.5,9.625,9.625,34000
2000-09-27,9.625,9.75,9.625,9.75,9.75,46400
2000-09-28,9.75,9.75,9.5,9.625,9.625,11400
2000-09-29,8.75,9.4375,8.75,9.3125,9.3125,56000
2000-10-02,9.375,10.0,9.375,9.75,9.75,107200
2000-10-03,9.75,10.0625,9.75,9.875,9.875,23000
2000-10-04,10.0,10.0,9.75,9.78125,9.78125,14600
2000-10-05,9.640625,9.9375,9.5,9.75,9.75,9900
2000-10-06,9.5,9.75,9.375,9.46875,9.46875,13700
2000-10-09,9.25,9.6875,9.25,9.375,9.375,15200
2000-10-10,9.25,9.25,9.125,9.125,9.125,2600
2000-10-11,9.0,9.0625,8.75,9.0,9.0,26500
2000-10-12,9.0625,9.0625,8.875,9.0,9.0,3100
2000-10-13,9.125,9.125,8.625,8.75,8.75,55200
2000-10-16,8.75,8.8125,8.75,8.75,8.75,2700
2000-10-17,8.6875,8.75,8.0,8.5,8.5,80800
2000-10-18,8.375,8.875,8.375,8.84375,8.84375,63100
2000-10-19,8.9375,9.0,8.75,8.75,8.75,195800
2000-10-20,8.8125,9.125,8.75,9.0,9.0,7800
2000-10-23,8.921875,9.0625,8.875,9.0625,9.0625,13700
2000-10-24,9.0,9.0,8.875,8.875,8.875,3500
2000-10-25,8.875,8.875,8.1875,8.1875,8.1875,13800
2000-10-26,8.6875,8.875,8.25,8.25,8.25,4200
2000-10-27,8.625,8.625,8.4375,8.5,8.5,45000
2000-10-30,8.5,8.875,8.4375,8.625,8.625,66300
2000-10-31,8.75,9.0625,8.75,9.0625,9.0625,144300
2000-11-01,9.109375,9.125,8.9375,8.9375,8.9375,4500
2000-11-02,9.0,9.125,9.0,9.125,9.125,20200
2000-11-03,9.0,9.0625,9.0,9.0625,9.0625,5900
2000-11-06,9.25,9.4375,8.9375,9.0,9.0,27200
2000-11-07,9.015625,9.0625,8.9375,9.0,9.0,36900
2000-11-08,8.875,9.0,8.875,8.875,8.875,11600
2000-11-09,8.9375,8.9375,8.875,8.90625,8.90625,7300
2000-11-10,8.8125,8.9375,8.6875,8.6875,8.6875,14400
2000-11-13,8.6875,8.6875,8.125,8.1875,8.1875,85600
2000-11-14,8.5,8.9375,8.5,8.9375,8.9375,7700
2000-11-15,8.75,8.875,8.5,8.5,8.5,4300
2000-11-16,8.4375,8.5625,8.1875,8.1875,8.1875,32100
2000-11-17,8.3125,8.6875,8.25,8.6875,8.6875,3700
2000-11-20,8.625,8.625,8.25,8.3125,8.3125,11200
2000-11-21,8.625,8.625,8.3125,8.3125,8.3125,3300
2000-11-22,8.375,8.4375,8.125,8.1875,8.1875,15700
2000-11-24,8.5,8.5,8.125,8.125,8.125,600
2000-11-27,8.625,8.625,8.25,8.5625,8.5625,17300
2000-11-28,8.375,8.375,8.0,8.1875,8.1875,36800
2000-11-29,8.4375,8.4375,8.4375,8.4375,8.4375,400
2000-11-30,8.4375,8.625,8.4375,8.4375,8.4375,20300
2000-12-01,8.4375,8.5,8.375,8.5,8.5,53300
2000-12-04,8.5,8.5,8.375,8.5,8.5,66000
2000-12-05,9.0,10.5625,8.9375,9.9375,9.9375,457800
2000-12-06,9.8125,10.0625,9.25,9.875,9.875,78700
2000-12-07,9.875,10.625,9.5,10.625,10.625,67400
2000-12-08,10.375,11.5625,10.375,11.25,11.25,47700
2000-12-11,11.265625,12.0,11.25,12.0,12.0,60200
2000-12-12,12.125,12.125,11.375,11.375,11.375,97200
2000-12-13,11.5,11.875,10.75,11.125,11.125,10300
2000-12-14,11.0,11.375,10.0,10.0,10.0,20700
2000-12-15,10.0,10.1875,9.75,9.75,9.75,48300
2000-12-18,10.015625,10.125,9.875,10.125,10.125,38700
2000-12-19,10.125,10.5,9.9375,10.5,10.5,32400
2000-12-20,10.4375,10.75,9.8125,10.0,10.0,47200
2000-12-21,10.0,10.875,9.875,10.0,10.0,148300
2000-12-22,10.375,10.875,9.9375,10.125,10.125,18900
2000-12-26,10.125,10.25,10.0,10.0,10.0,49900
2000-12-27,10.0,10.25,9.75,9.75,9.75,56900
2000-12-28,10.0,10.0,9.8125,10.0,10.0,51700
2000-12-29,9.875,11.5,9.8125,10.75,10.75,259200
2001-01-02,10.984375,11.25,10.25,10.3125,10.3125,67300
2001-01-03,10.3125,11.25,10.25,11.0,11.0,62000
2001-01-04,11.25,13.3125,11.25,13.3125,13.3125,246100
2001-01-05,13.203125,14.4375,13.125,14.0,14.0,127100
2001-01-08,13.859375,14.5,13.5625,14.5,14.5,171600
2001-01-09,14.375,14.75,14.0,14.5,14.5,343200
2001-01-10,14.25,14.375,13.875,14.1875,14.1875,138600
2001-01-11,14.0,14.125,13.625,14.125,14.125,177600
2001-01-12,14.0625,14.1875,13.875,13.875,13.875,91300
2001-01-16,14.125,14.125,13.875,14.0625,14.0625,46600
2001-01-17,14.0625,14.0625,13.5,13.625,13.625,203100
2001-01-18,13.734375,13.75,13.5,13.625,13.625,146200
2001-01-19,13.5,13.625,13.375,13.625,13.625,130800
2001-01-22,13.4375,14.375,13.4375,14.125,14.125,88300
2001-01-23,14.125,14.875,14.125,14.5625,14.5625,47100
2001-01-24,14.5625,15.5,14.5625,15.1875,15.1875,279200
2001-01-25,15.140625,16.0,15.125,16.0,16.0,76100
2001-01-26,16.125,16.3125,15.75,15.875,15.875,244500
2001-01-29,15.875,16.125,15.6875,15.75,15.75,71600
2001-01-30,15.984375,16.0,15.75,15.8125,15.8125,108800
2001-01-31,16.0,16.0,15.625,15.625,15.625,164200
2001-02-01,15.625,15.75,15.625,15.6875,15.6875,54500
2001-02-02,15.75,16.0,15.625,15.875,15.875,41300
2001-02-05,15.984375,15.984375,15.625,15.875,15.875,26600
2001-02-06,15.765625,16.1875,15.75,16.125,16.125,203100
2001-02-07,16.25,16.25,15.75,15.8125,15.8125,66200
2001-02-08,15.765625,15.765625,15.375,15.5625,15.5625,52000
2001-02-09,15.6875,15.6875,14.625,15.25,15.25,30500
2001-02-12,15.015625,15.5,14.75,14.875,14.875,25100
2001-02-13,14.9375,14.9375,14.625,14.875,14.875,52800
2001-02-14,14.875,14.875,14.1875,14.375,14.375,49500
2001-02-15,14.3125,14.375,13.75,13.9375,13.9375,74600
2001-02-16,13.875,13.875,13.375,13.625,13.625,64000
2001-02-20,13.75,13.75,12.375,12.625,12.625,105200
2001-02-21,12.625,13.5,12.625,13.4375,13.4375,273700
2001-02-22,13.4375,13.75,13.25,13.5,13.5,124500
2001-02-23,13.25,13.625,13.0625,13.25,13.25,54000
2001-02-26,13.375,13.375,12.5625,12.875,12.875,49800
2001-02-27,12.765625,13.0,12.5625,12.625,12.625,49100
2001-02-28,12.625,12.75,12.5625,12.6875,12.6875,55800
2001-03-01,12.5625,13.0,12.5,12.5,12.5,46500
2001-03-02,12.5625,13.5,12.5,13.4375,13.4375,46700
2001-03-05,13.5,14.125,13.0,13.9375,13.9375,15800
2001-03-06,13.875,14.25,13.75,14.0625,14.0625,20500
2001-03-07,14.0,14.75,14.0,14.75,14.75,57000
2001-03-08,14.625,15.0625,14.5625,14.625,14.625,57200
2001-03-09,14.5,14.5,13.625,14.3125,14.3125,17700
2001-03-12,13.859375,14.25,13.375,13.625,13.625,37300
2001-03-13,13.6875,14.25,13.6875,14.25,14.25,22500
2001-03-14,13.875,13.875,12.75,13.0625,13.0625,84600
2001-03-15,13.5625,13.5625,13.0,13.125,13.125,30700
2001-03-16,12.8125,13.125,12.625,12.625,12.625,32200
2001-03-19,12.625,13.125,12.375,13.0,13.0,57500
2001-03-20,13.0,13.5625,13.0,13.25,13.25,58300
2001-03-21,13.25,13.25,12.875,13.0,13.0,41600
2001-03-22,13.140625,13.75,12.875,13.75,13.75,26900
2001-03-23,13.4375,14.125,13.4375,13.5,13.5,44300
2001-03-26,13.5625,13.875,13.5,13.5,13.5,6100
2001-03-27,13.875,14.0,13.4375,13.75,13.75,37300
2001-03-28,13.5,13.8125,13.375,13.75,13.75,6700
2001-03-29,13.5625,13.75,13.5,13.75,13.75,47100
2001-03-30,13.5625,13.75,13.5625,13.625,13.625,18800
2001-04-02,13.625,13.625,13.5625,13.625,13.625,11900
2001-04-03,13.578125,13.625,13.0625,13.125,13.125,54900
2001-04-04,13.0,13.625,13.0,13.375,13.375,91900
2001-04-05,13.375,14.8125,13.375,14.625,14.625,43600
2001-04-06,14.328125,14.75,13.75,13.9375,13.9375,26500
2001-04-09,13.010000228881836,13.949999809265137,13.010000228881836,13.449999809265137,13.449999809265137,117500
2001-04-10,13.5,13.699999809265137,13.300000190734863,13.649999618530273,13.649999618530273,60100
2001-04-11,13.720000267028809,13.949999809265137,13.649999618530273,13.789999961853027,13.789999961853027,16900
2001-04-12,13.510000228881836,13.789999961853027,13.5,13.680000305175781,13.680000305175781,9100
2001-04-16,13.680000305175781,14.010000228881836,13.600000381469727,13.75,13.75,53700
2001-04-17,14.050000190734863,14.050000190734863,13.75,13.899999618530273,13.899999618530273,14500
2001-04-18,13.899999618530273,14.09000015258789,13.899999618530273,14.050000190734863,14.050000190734863,146600
2001-04-19,14.010000228881836,14.010000228881836,13.350000381469727,14.0,14.0,148600
2001-04-20,14.0,15.100000381469727,13.899999618530273,15.09000015258789,15.09000015258789,96600
2001-04-23,15.0,15.399999618530273,14.779999732971191,15.170000076293945,15.170000076293945,20300
2001-04-24,15.369999885559082,15.399999618530273,14.65999984741211,14.699999809265137,14.699999809265137,14900
2001-04-25,14.699999809265137,15.399999618530273,14.699999809265137,15.350000381469727,15.350000381469727,2900
2001-04-26,15.350000381469727,15.350000381469727,14.75,15.09000015258789,15.09000015258789,6800
2001-04-27,14.75,15.5,14.75,15.399999618530273,15.399999618530273,45600
2001-04-30,15.390000343322754,15.699999809265137,15.260000228881836,15.649999618530273,15.649999618530273,44900
2001-05-01,15.65999984741211,16.290000915527344,15.199999809265137,16.1299991607666,16.1299991607666,54100
2001-05-02,16.450000762939453,16.540000915527344,16.149999618530273,16.5,16.5,58600
2001-05-03,16.600000381469727,17.0,16.309999465942383,16.90999984741211,16.90999984741211,81900
2001-05-04,16.649999618530273,16.989999771118164,16.649999618530273,16.8700008392334,16.8700008392334,154400
2001-05-07,16.940000534057617,16.950000762939453,16.700000762939453,16.799999237060547,16.799999237060547,112400
2001-05-08,16.40999984741211,16.81999969482422,16.3700008392334,16.770000457763672,16.770000457763672,63000
2001-05-09,16.399999618530273,16.8700008392334,16.399999618530273,16.8700008392334,16.8700008392334,20400
2001-05-10,16.8799991607666,17.40999984741211,16.799999237060547,17.270000457763672,17.270000457763672,72100
2001-05-11,17.25,17.399999618530273,16.989999771118164,17.200000762939453,17.200000762939453,33100
2001-05-14,17.149999618530273,17.399999618530273,17.040000915527344,17.25,17.25,46600
2001-05-15,17.25,17.450000762939453,16.600000381469727,16.950000762939453,16.950000762939453,28600
2001-05-16,16.790000915527344,17.260000228881836,16.790000915527344,17.25,17.25,37200
2001-05-17,17.260000228881836,17.440000534057617,16.5,16.790000915527344,16.790000915527344,33700
2001-05-18,16.530000686645508,16.59000015258789,16.299999237060547,16.59000015258789,16.59000015258789,8400
2001-05-21,16.459999084472656,17.010000228881836,16.3799991607666,17.0,17.0,14300
2001-05-22,16.510000228881836,16.799999237060547,16.25,16.700000762939453,16.700000762939453,57700
2001-05-23,16.670000076293945,16.75,16.329999923706055,16.6299991607666,16.6299991607666,88700
2001-05-24,16.530000686645508,16.899999618530273,16.530000686645508,16.899999618530273,16.899999618530273,40400
2001-05-25,16.729999542236328,17.459999084472656,16.729999542236328,17.299999237060547,17.299999237060547,28300
2001-05-29,17.18000030517578,17.559999465942383,17.18000030517578,17.200000762939453,17.200000762939453,59200
2001-05-30,17.25,17.440000534057617,16.989999771118164,17.280000686645508,17.280000686645508,42400
2001-05-31,17.280000686645508,17.360000610351562,17.040000915527344,17.309999465942383,17.309999465942383,21800
2001-06-01,17.329999923706055,17.40999984741211,15.779999732971191,16.18000030517578,16.18000030517578,165200
2001-06-04,16.200000762939453,16.31999969482422,15.899999618530273,16.299999237060547,16.299999237060547,103400
2001-06-05,16.219999313354492,16.690000534057617,16.219999313354492,16.549999237060547,16.549999237060547,30700
2001-06-06,16.5,17.020000457763672,16.469999313354492,16.549999237060547,16.549999237060547,27500
2001-06-07,12.09000015258789,13.199999809265137,11.899999618530273,13.0,13.0,684900
2001-06-08,12.75,13.100000381469727,12.6899995803833,13.0,13.0,30500
2001-06-11,13.029999732971191,13.050000190734863,12.850000381469727,13.029999732971191,13.029999732971191,54400
2001-06-12,13.029999732971191,13.1899995803833,13.029999732971191,13.180000305175781,13.180000305175781,95200
2001-06-13,13.1899995803833,13.199999809265137,12.859999656677246,13.0,13.0,37700
2001-06-14,13.100000381469727,13.109999656677246,12.75,13.029999732971191,13.029999732971191,10900
2001-06-15,12.949999809265137,13.039999961853027,12.739999771118164,12.90999984741211,12.90999984741211,17400
2001-06-18,13.0,13.100000381469727,12.789999961853027,13.020000457763672,13.020000457763672,47900
2001-06-19,13.199999809265137,13.199999809265137,12.449999809265137,12.449999809265137,12.449999809265137,171100
2001-06-20,12.449999809265137,12.699999809265137,12.149999618530273,12.210000038146973,12.210000038146973,117300
2001-06-21,12.210000038146973,12.350000381469727,11.989999771118164,12.140000343322754,12.140000343322754,61100
2001-06-22,12.0600004196167,12.130000114440918,11.130000114440918,11.180000305175781,11.180000305175781,129000
2001-06-25,11.260000228881836,11.59000015258789,11.180000305175781,11.3100004196167,11.3100004196167,91900
2001-06-26,11.359999656677246,13.270000457763672,11.359999656677246,13.270000457763672,13.270000457763672,83100
2001-06-27,12.760000228881836,13.510000228881836,12.760000228881836,13.449999809265137,13.449999809265137,18800
2001-06-28,13.390000343322754,13.75,11.800000190734863,12.90999984741211,12.90999984741211,105900
2001-06-29,13.020000457763672,13.9399995803833,12.050000190734863,12.449999809265137,12.449999809265137,205900
2001-07-02,12.399999618530273,12.649999618530273,12.359999656677246,12.630000114440918,12.630000114440918,30900
2001-07-03,12.649999618530273,12.800000190734863,12.520000457763672,12.800000190734863,12.800000190734863,8000
2001-07-05,12.8100004196167,12.949999809265137,12.699999809265137,12.869999885559082,12.869999885559082,25800
2001-07-06,12.869999885559082,12.949999809265137,12.850000381469727,12.869999885559082,12.869999885559082,16200
2001-07-09,12.800000190734863,13.289999961853027,12.800000190734863,13.239999771118164,13.239999771118164,166600
2001-07-10,13.1899995803833,13.359999656677246,13.15999984741211,13.319999694824219,13.319999694824219,65700
2001-07-11,13.25,13.5,13.25,13.449999809265137,13.449999809265137,8500
2001-07-12,13.5,14.510000228881836,13.5,13.949999809265137,13.949999809265137,35200
2001-07-13,14.0,14.449999809265137,13.800000190734863,13.850000381469727,13.850000381469727,12800
2001-07-16,13.850000381469727,14.210000038146973,13.850000381469727,14.079999923706055,14.079999923706055,64400
2001-07-17,14.010000228881836,15.380000114440918,14.0,15.380000114440918,15.380000114440918,16500
2001-07-18,14.25,15.5,14.199999809265137,14.199999809265137,14.199999809265137,28300
2001-07-19,14.210000038146973,14.970000267028809,14.199999809265137,14.479999542236328,14.479999542236328,19300
2001-07-20,14.6899995803833,15.119999885559082,14.5,15.069999694824219,15.069999694824219,3300
2001-07-23,15.199999809265137,15.369999885559082,14.520000457763672,15.0,15.0,8000
2001-07-24,15.369999885559082,15.369999885559082,14.289999961853027,14.699999809265137,14.699999809265137,8500
2001-07-25,14.5,15.0,14.0,14.0,14.0,46700
2001-07-26,14.09000015258789,14.100000381469727,13.640000343322754,14.039999961853027,14.039999961853027,76700
2001-07-27,14.050000190734863,14.100000381469727,13.770000457763672,14.0,14.0,46400
2001-07-30,14.079999923706055,14.079999923706055,13.829999923706055,13.899999618530273,13.899999618530273,8400
2001-07-31,13.800000190734863,14.100000381469727,13.739999771118164,13.960000038146973,13.960000038146973,23000
2001-08-01,13.8100004196167,14.050000190734863,13.800000190734863,13.960000038146973,13.960000038146973,12300
2001-08-02,14.050000190734863,14.09000015258789,13.75,13.989999771118164,13.989999771118164,21900
2001-08-03,14.069999694824219,14.149999618530273,13.899999618530273,14.149999618530273,14.149999618530273,26300
2001-08-06,14.0,14.0,14.0,14.0,14.0,2900
2001-08-07,14.0,14.0600004196167,13.779999732971191,14.0600004196167,14.0600004196167,10500
2001-08-08,13.970000267028809,14.130000114440918,13.949999809265137,14.0,14.0,28900
2001-08-09,14.010000228881836,14.109999656677246,14.0,14.029999732971191,14.029999732971191,57200
2001-08-10,14.029999732971191,14.119999885559082,14.029999732971191,14.119999885559082,14.119999885559082,18500
2001-08-13,14.210000038146973,14.210000038146973,14.010000228881836,14.1899995803833,14.1899995803833,7700
2001-08-14,14.210000038146973,14.210000038146973,14.039999961853027,14.050000190734863,14.050000190734863,90400
2001-08-15,14.140000343322754,14.300000190734863,14.050000190734863,14.279999732971191,14.279999732971191,10500
2001-08-16,14.170000076293945,14.449999809265137,14.170000076293945,14.449999809265137,14.449999809265137,13400
2001-08-17,14.460000038146973,14.460000038146973,14.0,14.0600004196167,14.0600004196167,123400
2001-08-20,14.0,14.029999732971191,13.770000457763672,13.979999542236328,13.979999542236328,14100
2001-08-21,13.829999923706055,13.90999984741211,13.770000457763672,13.869999885559082,13.869999885559082,4800
2001-08-22,13.869999885559082,13.869999885559082,13.670000076293945,13.859999656677246,13.859999656677246,16900
2001-08-23,13.84000015258789,14.75,13.800000190734863,14.350000381469727,14.350000381469727,53500
2001-08-24,14.760000228881836,14.829999923706055,14.569999694824219,14.829999923706055,14.829999923706055,2900
2001-08-27,14.829999923706055,15.0,14.619999885559082,14.920000076293945,14.920000076293945,10000
2001-08-28,14.960000038146973,14.960000038146973,14.710000038146973,14.789999961853027,14.789999961853027,900
2001-08-29,14.84000015258789,15.0,14.670000076293945,14.960000038146973,14.960000038146973,10800
2001-08-30,15.050000190734863,15.109999656677246,14.75,14.75,14.75,4800
2001-08-31,15.109999656677246,15.109999656677246,14.760000228881836,15.100000381469727,15.100000381469727,5200
2001-09-04,14.8100004196167,15.100000381469727,14.75,15.050000190734863,15.050000190734863,7000
2001-09-05,14.930000305175781,14.949999809265137,14.40999984741211,14.729999542236328,14.729999542236328,19400
2001-09-06,14.550000190734863,15.350000381469727,14.489999771118164,15.350000381469727,15.350000381469727,14700
2001-09-07,14.979999542236328,15.34000015258789,14.449999809265137,14.449999809265137,14.449999809265137,8800
2001-09-10,14.600000381469727,14.899999618530273,14.350000381469727,14.550000190734863,14.550000190734863,16700
2001-09-17,13.510000228881836,13.75,12.920000076293945,13.420000076293945,13.420000076293945,9800
2001-09-18,12.960000038146973,12.960000038146973,11.369999885559082,11.369999885559082,11.369999885559082,35100
2001-09-19,11.970000267028809,11.970000267028809,10.899999618530273,11.460000038146973,11.460000038146973,43000
2001-09-20,11.449999809265137,11.449999809265137,10.970000267028809,11.100000381469727,11.100000381469727,18100
2001-09-21,11.020000457763672,11.119999885559082,10.100000381469727,10.149999618530273,10.149999618530273,18500
2001-09-24,10.399999618530273,10.449999809265137,9.399999618530273,9.489999771118164,9.489999771118164,92600
2001-09-25,9.880000114440918,9.880000114440918,9.180000305175781,9.180000305175781,9.180000305175781,87000
2001-09-26,9.550000190734863,9.600000381469727,9.149999618530273,9.34000015258789,9.34000015258789,98400
2001-09-27,9.34000015258789,9.350000381469727,9.100000381469727,9.350000381469727,9.350000381469727,17700
2001-09-28,9.399999618530273,9.850000381469727,9.270000457763672,9.399999618530273,9.399999618530273,108400
2001-10-01,9.390000343322754,9.739999771118164,9.3100004196167,9.739999771118164,9.739999771118164,12300
2001-10-02,9.739999771118164,9.850000381469727,9.449999809265137,9.649999618530273,9.649999618530273,19500
2001-10-03,9.890000343322754,9.989999771118164,9.550000190734863,9.770000457763672,9.770000457763672,63500
2001-10-04,10.0,10.390000343322754,10.0,10.300000190734863,10.300000190734863,53400
2001-10-05,10.319999694824219,10.359999656677246,10.0,10.359999656677246,10.359999656677246,10200
2001-10-08,10.399999618530273,10.399999618530273,10.199999809265137,10.350000381469727,10.350000381469727,5400
2001-10-09,10.199999809265137,10.5,10.199999809265137,10.399999618530273,10.399999618530273,13000
2001-10-10,10.5,10.800000190734863,10.40999984741211,10.550000190734863,10.550000190734863,121200
2001-10-11,10.899999618530273,12.65999984741211,10.899999618530273,11.989999771118164,11.989999771118164,137800
2001-10-12,11.720000267028809,12.09000015258789,11.239999771118164,11.760000228881836,11.760000228881836,25800
2001-10-15,11.539999961853027,12.149999618530273,11.369999885559082,12.149999618530273,12.149999618530273,52300
2001-10-16,12.1899995803833,12.539999961853027,11.899999618530273,11.989999771118164,11.989999771118164,35000
2001-10-17,12.289999961853027,12.789999961853027,12.020000457763672,12.550000190734863,12.550000190734863,8100
2001-10-18,12.390000343322754,12.390000343322754,11.699999809265137,11.789999961853027,11.789999961853027,11600
2001-10-19,11.710000038146973,12.119999885559082,11.529999732971191,12.079999923706055,12.079999923706055,9600
2001-10-22,11.649999618530273,12.390000343322754,11.609999656677246,12.390000343322754,12.390000343322754,8100
2001-10-23,11.899999618530273,12.569999694824219,11.890000343322754,12.569999694824219,12.569999694824219,13600
2001-10-24,12.369999885559082,12.5,12.369999885559082,12.399999618530273,12.399999618530273,1900
2001-10-25,12.569999694824219,12.800000190734863,12.149999618530273,12.800000190734863,12.800000190734863,5100
2001-10-26,12.800000190734863,13.5,12.739999771118164,13.5,13.5,13400
2001-10-29,13.0600004196167,13.529999732971191,13.0600004196167,13.329999923706055,13.329999923706055,6100
2001-10-30,13.319999694824219,13.760000228881836,12.850000381469727,13.760000228881836,13.760000228881836,25800
2001-10-31,13.600000381469727,13.789999961853027,13.460000038146973,13.5,13.5,19800
2001-11-01,13.800000190734863,13.899999618530273,13.65999984741211,13.84000015258789,13.84000015258789,49700
2001-11-02,13.850000381469727,13.899999618530273,13.680000305175781,13.680000305175781,13.680000305175781,20800
2001-11-05,13.710000038146973,13.710000038146973,13.399999618530273,13.399999618530273,13.399999618530273,9600
2001-11-06,13.5,13.8100004196167,13.359999656677246,13.5600004196167,13.5600004196167,48500
2001-11-07,13.899999618530273,13.970000267028809,13.680000305175781,13.680000305175781,13.680000305175781,23900
2001-11-08,13.670000076293945,13.949999809265137,13.670000076293945,13.8100004196167,13.8100004196167,18700
2001-11-09,13.890000343322754,13.890000343322754,13.670000076293945,13.699999809265137,13.699999809265137,6300
2001-11-12,13.65999984741211,13.899999618530273,13.420000076293945,13.5,13.5,34700
2001-11-13,13.899999618530273,13.899999618530273,13.399999618530273,13.399999618530273,13.399999618530273,11200
2001-11-14,13.59000015258789,13.75,13.510000228881836,13.619999885559082,13.619999885559082,11300
2001-11-15,13.850000381469727,13.899999618530273,13.5,13.510000228881836,13.510000228881836,13400
2001-11-16,13.789999961853027,14.050000190734863,13.600000381469727,13.989999771118164,13.989999771118164,8300
2001-11-19,14.0,14.079999923706055,13.710000038146973,13.880000114440918,13.880000114440918,14500
2001-11-20,13.880000114440918,13.880000114440918,13.510000228881836,13.510000228881836,13.510000228881836,11200
2001-11-21,13.510000228881836,13.520000457763672,13.40999984741211,13.5,13.5,5700
2001-11-23,13.5,13.5,13.199999809265137,13.25,13.25,5600
2001-11-26,13.229999542236328,13.449999809265137,13.039999961853027,13.300000190734863,13.300000190734863,28600
2001-11-27,13.489999771118164,13.5,13.229999542236328,13.5,13.5,14500
2001-11-28,13.5,13.5,12.899999618530273,13.100000381469727,13.100000381469727,17700
2001-11-29,13.5,13.5,13.140000343322754,13.300000190734863,13.300000190734863,7100
2001-11-30,13.300000190734863,13.5,13.119999885559082,13.119999885559082,13.119999885559082,51500
2001-12-03,13.010000228881836,13.5,13.0,13.369999885559082,13.369999885559082,83600
2001-12-04,13.399999618530273,13.5,13.350000381469727,13.350000381469727,13.350000381469727,9700
2001-12-05,13.5,14.199999809265137,13.399999618530273,14.199999809265137,14.199999809265137,108300
2001-12-06,14.25,14.40999984741211,14.0,14.40999984741211,14.40999984741211,2500
2001-12-07,14.430000305175781,15.050000190734863,14.359999656677246,15.050000190734863,15.050000190734863,146100
2001-12-10,15.029999732971191,15.699999809265137,15.0,15.140000343322754,15.140000343322754,39800
2001-12-11,15.010000228881836,15.430000305175781,15.010000228881836,15.390000343322754,15.390000343322754,43300
2001-12-12,15.470000267028809,15.729999542236328,15.100000381469727,15.489999771118164,15.489999771118164,28700
2001-12-13,15.100000381469727,16.18000030517578,15.100000381469727,15.899999618530273,15.899999618530273,25200
2001-12-14,15.739999771118164,16.149999618530273,15.739999771118164,16.040000915527344,16.040000915527344,77900
2001-12-17,15.930000305175781,16.25,15.899999618530273,16.200000762939453,16.200000762939453,29700
2001-12-18,15.960000038146973,16.200000762939453,15.680000305175781,15.859999656677246,15.859999656677246,127700
2001-12-19,15.859999656677246,16.139999389648438,14.5,15.0600004196167,15.0600004196167,105400
2001-12-20,15.239999771118164,15.449999809265137,15.119999885559082,15.34000015258789,15.34000015258789,26700
2001-12-21,15.149999618530273,15.720000267028809,15.149999618530273,15.720000267028809,15.720000267028809,37500
2001-12-24,15.529999732971191,16.030000686645508,15.529999732971191,16.030000686645508,16.030000686645508,6000
2001-12-26,16.040000915527344,16.450000762939453,15.90999984741211,16.450000762939453,16.450000762939453,22100
2001-12-27,16.450000762939453,16.6299991607666,16.34000015258789,16.40999984741211,16.40999984741211,20500
2001-12-28,16.329999923706055,16.68000030517578,16.299999237060547,16.68000030517578,16.68000030517578,17900
2001-12-31,16.600000381469727,16.700000762939453,15.930000305175781,15.960000038146973,15.960000038146973,8500
2002-01-02,16.139999389648438,16.139999389648438,15.039999961853027,15.199999809265137,15.199999809265137,58200
2002-01-03,15.069999694824219,16.149999618530273,15.069999694824219,16.149999618530273,16.149999618530273,77300
2002-01-04,16.229999542236328,16.989999771118164,15.880000114440918,16.8700008392334,16.8700008392334,20200
2002-01-07,16.299999237060547,16.639999389648438,16.110000610351562,16.110000610351562,16.110000610351562,24000
2002-01-08,16.100000381469727,16.719999313354492,16.0,16.25,16.25,11600
2002-01-09,16.06999969482422,16.06999969482422,15.5,16.0,16.0,11000
2002-01-10,15.65999984741211,15.75,15.449999809265137,15.460000038146973,15.460000038146973,53500
2002-01-11,15.850000381469727,16.0,15.5,15.699999809265137,15.699999809265137,24200
2002-01-14,15.449999809265137,15.84000015258789,15.449999809265137,15.699999809265137,15.699999809265137,34300
2002-01-15,15.649999618530273,15.920000076293945,15.600000381469727,15.649999618530273,15.649999618530273,43700
2002-01-16,15.859999656677246,16.0,15.649999618530273,15.779999732971191,15.779999732971191,13600
2002-01-17,15.710000038146973,16.0,15.699999809265137,16.0,16.0,3500
2002-01-18,15.720000267028809,16.0,15.710000038146973,15.850000381469727,15.850000381469727,13700
2002-01-22,15.920000076293945,15.920000076293945,15.75,15.869999885559082,15.869999885559082,32800
2002-01-23,15.75,16.200000762939453,15.75,16.200000762939453,16.200000762939453,53500
2002-01-24,16.1200008392334,16.399999618530273,16.1200008392334,16.399999618530273,16.399999618530273,54000
2002-01-25,16.200000762939453,16.299999237060547,16.149999618530273,16.299999237060547,16.299999237060547,53200
2002-01-28,16.290000915527344,16.799999237060547,16.139999389648438,16.5,16.5,84300
2002-01-29,16.399999618530273,16.610000610351562,16.399999618530273,16.600000381469727,16.600000381469727,214200
2002-01-30,16.690000534057617,16.850000381469727,16.610000610351562,16.799999237060547,16.799999237060547,50900
2002-01-31,16.760000228881836,16.760000228881836,16.6200008392334,16.75,16.75,17000
2002-02-01,16.649999618530273,16.799999237060547,16.649999618530273,16.700000762939453,16.700000762939453,40800
2002-02-04,16.649999618530273,16.719999313354492,16.540000915527344,16.559999465942383,16.559999465942383,33600
2002-02-05,16.559999465942383,16.850000381469727,16.559999465942383,16.799999237060547,16.799999237060547,52400
2002-02-06,16.700000762939453,16.770000457763672,16.600000381469727,16.649999618530273,16.649999618530273,134700
2002-02-07,16.75,16.84000015258789,16.649999618530273,16.649999618530273,16.649999618530273,39900
2002-02-08,16.65999984741211,16.799999237060547,16.649999618530273,16.75,16.75,71300
2002-02-11,16.799999237060547,17.190000534057617,16.739999771118164,16.799999237060547,16.799999237060547,156200
2002-02-12,16.780000686645508,16.84000015258789,16.610000610351562,16.649999618530273,16.649999618530273,89700
2002-02-13,16.75,16.84000015258789,16.670000076293945,16.84000015258789,16.84000015258789,29400
2002-02-14,16.850000381469727,16.850000381469727,16.540000915527344,16.600000381469727,16.600000381469727,59000
2002-02-15,16.6299991607666,16.700000762939453,16.479999542236328,16.600000381469727,16.600000381469727,98900
2002-02-19,16.5,16.709999084472656,16.5,16.56999969482422,16.56999969482422,112400
2002-02-20,16.700000762939453,16.700000762939453,16.389999389648438,16.600000381469727,16.600000381469727,27800
2002-02-21,16.479999542236328,16.649999618530273,16.219999313354492,16.229999542236328,16.229999542236328,24900
2002-02-22,16.219999313354492,16.309999465942383,16.100000381469727,16.149999618530273,16.149999618530273,19500
2002-02-25,16.100000381469727,16.190000534057617,15.020000457763672,16.030000686645508,16.030000686645508,136600
2002-02-26,15.819999694824219,15.819999694824219,15.15999984741211,15.180000305175781,15.180000305175781,28600
2002-02-27,15.199999809265137,15.25,14.869999885559082,15.09000015258789,15.09000015258789,17800
2002-02-28,15.140000343322754,15.149999618530273,14.899999618530273,15.020000457763672,15.020000457763672,36500
2002-03-01,15.050000190734863,15.460000038146973,15.0,15.460000038146973,15.460000038146973,32000
2002-03-04,15.4399995803833,15.4399995803833,15.260000228881836,15.3100004196167,15.3100004196167,55100
2002-03-05,15.3100004196167,16.0,15.220000267028809,15.890000343322754,15.890000343322754,53900
2002-03-06,15.850000381469727,15.989999771118164,15.520000457763672,15.989999771118164,15.989999771118164,11600
2002-03-07,16.049999237060547,16.270000457763672,15.5,15.5,15.5,19700
2002-03-08,16.059999465942383,16.1200008392334,15.5,15.710000038146973,15.710000038146973,37700
2002-03-11,15.710000038146973,15.90999984741211,15.449999809265137,15.460000038146973,15.460000038146973,15800
2002-03-12,15.5,15.800000190734863,15.449999809265137,15.739999771118164,15.739999771118164,32000
2002-03-13,15.649999618530273,15.710000038146973,15.550000190734863,15.550000190734863,15.550000190734863,29900
2002-03-14,15.84000015258789,15.84000015258789,15.5,15.5,15.5,25600
2002-03-15,15.619999885559082,15.6899995803833,15.300000190734863,15.300000190734863,15.300000190734863,30000
2002-03-18,15.350000381469727,15.579999923706055,15.170000076293945,15.170000076293945,15.170000076293945,25800
2002-03-19,15.300000190734863,15.319999694824219,15.100000381469727,15.3100004196167,15.3100004196167,22600
2002-03-20,15.3100004196167,15.34000015258789,15.180000305175781,15.329999923706055,15.329999923706055,9900
2002-03-21,15.199999809265137,15.550000190734863,15.199999809265137,15.5,15.5,8100
2002-03-22,15.489999771118164,15.539999961853027,15.279999732971191,15.5,15.5,2900
2002-03-25,15.25,15.329999923706055,15.010000228881836,15.020000457763672,15.020000457763672,16000
2002-03-26,15.100000381469727,15.300000190734863,14.539999961853027,14.59000015258789,14.59000015258789,32200
2002-03-27,14.470000267028809,14.880000114440918,14.390000343322754,14.399999618530273,14.399999618530273,35300
2002-03-28,14.600000381469727,14.800000190734863,14.350000381469727,14.65999984741211,14.65999984741211,68800
2002-04-01,14.600000381469727,14.8100004196167,14.5,14.699999809265137,14.699999809265137,16300
2002-04-02,14.649999618530273,14.890000343322754,14.649999618530273,14.800000190734863,14.800000190734863,11900
2002-04-03,14.84000015258789,14.9399995803833,14.65999984741211,14.699999809265137,14.699999809265137,11300
2002-04-04,14.699999809265137,15.0,14.699999809265137,15.0,15.0,64400
2002-04-05,15.079999923706055,15.399999618530273,14.989999771118164,14.989999771118164,14.989999771118164,20200
2002-04-08,14.859999656677246,14.859999656677246,14.300000190734863,14.449999809265137,14.449999809265137,15200
2002-04-09,14.25,14.800000190734863,14.25,14.609999656677246,14.609999656677246,10100
2002-04-10,14.319999694824219,14.739999771118164,14.300000190734863,14.649999618530273,14.649999618530273,10800
2002-04-11,14.640000343322754,15.020000457763672,14.640000343322754,14.850000381469727,14.850000381469727,10600
2002-04-12,14.890000343322754,15.75,14.890000343322754,15.75,15.75,13100
2002-04-15,15.75,15.760000228881836,15.510000228881836,15.520000457763672,15.520000457763672,9900
2002-04-16,15.5,16.200000762939453,15.300000190734863,16.190000534057617,16.190000534057617,20700
2002-04-17,16.0,16.25,15.5,15.75,15.75,35400
2002-04-18,15.75,15.75,14.960000038146973,15.329999923706055,15.329999923706055,23200
2002-04-19,15.329999923706055,16.100000381469727,14.880000114440918,16.049999237060547,16.049999237060547,41500
2002-04-22,15.800000190734863,16.0,15.289999961853027,15.84000015258789,15.84000015258789,20000
2002-04-23,15.289999961853027,15.770000457763672,15.289999961853027,15.670000076293945,15.670000076293945,7800
2002-04-24,15.9399995803833,16.18000030517578,15.420000076293945,16.0,16.0,8700
2002-04-25,16.200000762939453,16.510000228881836,15.880000114440918,16.450000762939453,16.450000762939453,5500
2002-04-26,15.949999809265137,16.25,15.850000381469727,15.850000381469727,15.850000381469727,2500
2002-04-29,16.34000015258789,16.34000015258789,15.850000381469727,15.859999656677246,15.859999656677246,2300
2002-04-30,15.859999656677246,16.239999771118164,15.699999809265137,16.09000015258789,16.09000015258789,33800
2002-05-01,15.949999809265137,16.450000762939453,15.859999656677246,15.859999656677246,15.859999656677246,138600
2002-05-02,16.360000610351562,16.489999771118164,16.0,16.149999618530273,16.149999618530273,6900
2002-05-03,16.0,16.469999313354492,15.949999809265137,16.190000534057617,16.190000534057617,68900
2002-05-06,16.139999389648438,16.360000610351562,15.960000038146973,16.149999618530273,16.149999618530273,16000
2002-05-07,16.190000534057617,16.360000610351562,16.049999237060547,16.100000381469727,16.100000381469727,39500
2002-05-08,16.049999237060547,16.200000762939453,15.920000076293945,15.970000267028809,15.970000267028809,65000
2002-05-09,16.0,16.1299991607666,15.859999656677246,15.869999885559082,15.869999885559082,97600
2002-05-10,15.869999885559082,15.920000076293945,15.279999732971191,15.369999885559082,15.369999885559082,21100
2002-05-13,15.350000381469727,15.6899995803833,15.350000381469727,15.529999732971191,15.529999732971191,8300
2002-05-14,15.890000343322754,16.3799991607666,15.890000343322754,16.149999618530273,16.149999618530273,19400
2002-05-15,16.100000381469727,16.489999771118164,16.020000457763672,16.020000457763672,16.020000457763672,16000
2002-05-16,15.75,15.84000015258789,15.270000457763672,15.390000343322754,15.390000343322754,10400
2002-05-17,15.649999618530273,15.770000457763672,15.25,15.449999809265137,15.449999809265137,75900
2002-05-20,15.270000457763672,15.270000457763672,15.079999923706055,15.079999923706055,15.079999923706055,33400
2002-05-21,15.539999961853027,15.539999961853027,14.850000381469727,14.899999618530273,14.899999618530273,35000
2002-05-22,14.760000228881836,15.229999542236328,14.760000228881836,15.130000114440918,15.130000114440918,35600
2002-05-23,15.40999984741211,15.720000267028809,15.0,15.720000267028809,15.720000267028809,27300
2002-05-24,15.25,16.100000381469727,15.25,15.800000190734863,15.800000190734863,13300
2002-05-28,15.800000190734863,16.049999237060547,15.260000228881836,16.0,16.0,25900
2002-05-29,16.200000762939453,16.200000762939453,15.720000267028809,15.899999618530273,15.899999618530273,2400
2002-05-30,15.880000114440918,16.020000457763672,15.800000190734863,15.989999771118164,15.989999771118164,11900
2002-05-31,15.699999809265137,16.149999618530273,15.699999809265137,15.989999771118164,15.989999771118164,23700
2002-06-03,15.989999771118164,16.010000228881836,15.699999809265137,15.699999809265137,15.699999809265137,9800
2002-06-04,15.529999732971191,15.789999961853027,15.5,15.5,15.5,37000
2002-06-05,15.579999923706055,15.710000038146973,15.550000190734863,15.569999694824219,15.569999694824219,2500
2002-06-06,15.5600004196167,15.600000381469727,15.5,15.5,15.5,7200
2002-06-07,15.5,15.5,15.5,15.5,15.5,0
2002-06-10,15.5,16.0,15.5,15.720000267028809,15.720000267028809,12300
2002-06-11,15.5600004196167,16.700000762939453,15.520000457763672,16.0,16.0,152500
2002-06-12,16.489999771118164,16.93000030517578,16.0,16.299999237060547,16.299999237060547,111000
2002-06-13,16.059999465942383,17.399999618530273,15.960000038146973,17.399999618530273,17.399999618530273,174700
2002-06-14,17.049999237060547,17.270000457763672,16.700000762939453,17.200000762939453,17.200000762939453,38600
2002-06-17,17.110000610351562,18.549999237060547,17.110000610351562,18.450000762939453,18.450000762939453,90300
2002-06-18,18.059999465942383,18.989999771118164,17.899999618530273,18.829999923706055,18.829999923706055,110800
2002-06-19,18.5,18.90999984741211,18.200000762939453,18.530000686645508,18.530000686645508,71400
2002-06-20,18.43000030517578,19.25,18.229999542236328,18.989999771118164,18.989999771118164,145900
2002-06-21,19.100000381469727,19.920000076293945,19.049999237060547,19.43000030517578,19.43000030517578,114800
2002-06-24,19.75,19.75,19.100000381469727,19.399999618530273,19.399999618530273,87400
2002-06-25,19.389999389648438,19.43000030517578,18.90999984741211,19.239999771118164,19.239999771118164,147300
2002-06-26,18.600000381469727,18.950000762939453,17.510000228881836,18.950000762939453,18.950000762939453,61500
2002-06-27,18.969999313354492,19.40999984741211,18.799999237060547,19.1200008392334,19.1200008392334,42900
2002-06-28,19.739999771118164,21.989999771118164,19.5,21.25,21.25,462600
2002-07-01,20.950000762939453,23.0,20.270000457763672,20.770000457763672,20.770000457763672,336300
2002-07-02,20.770000457763672,21.520000457763672,20.450000762939453,21.010000228881836,21.010000228881836,128400
2002-07-03,21.010000228881836,21.09000015258789,20.40999984741211,20.5,20.5,61200
2002-07-05,20.889999389648438,21.950000762939453,20.200000762939453,20.440000534057617,20.440000534057617,42100
2002-07-08,20.280000686645508,21.360000610351562,20.200000762939453,21.010000228881836,21.010000228881836,39400
2002-07-09,21.020000457763672,22.0,21.020000457763672,21.600000381469727,21.600000381469727,119300
2002-07-10,21.940000534057617,21.969999313354492,21.260000228881836,21.260000228881836,21.260000228881836,59500
2002-07-11,21.25,21.65999984741211,21.18000030517578,21.299999237060547,21.299999237060547,42200
2002-07-12,21.799999237060547,22.110000610351562,21.290000915527344,21.399999618530273,21.399999618530273,223700
2002-07-15,21.510000228881836,21.6200008392334,19.829999923706055,20.6299991607666,20.6299991607666,43500
2002-07-16,20.68000030517578,20.75,18.469999313354492,19.40999984741211,19.40999984741211,63200
2002-07-17,19.479999542236328,19.6200008392334,17.40999984741211,17.889999389648438,17.889999389648438,82800
2002-07-18,17.360000610351562,19.389999389648438,17.350000381469727,19.190000534057617,19.190000534057617,112900
2002-07-19,19.489999771118164,19.5,18.299999237060547,18.59000015258789,18.59000015258789,14200
2002-07-22,18.229999542236328,18.84000015258789,17.100000381469727,17.100000381469727,17.100000381469727,41500
2002-07-23,17.540000915527344,17.540000915527344,16.149999618530273,16.479999542236328,16.479999542236328,65700
2002-07-24,16.209999084472656,16.25,15.40999984741211,16.25,16.25,77600
2002-07-25,16.09000015258789,17.75,16.09000015258789,17.700000762939453,17.700000762939453,71700
2002-07-26,17.75,18.739999771118164,17.739999771118164,18.100000381469727,18.100000381469727,32300
2002-07-29,18.1200008392334,18.510000228881836,18.0,18.399999618530273,18.399999618530273,81800
2002-07-30,18.260000228881836,19.190000534057617,18.200000762939453,18.8700008392334,18.8700008392334,183500
2002-07-31,18.920000076293945,19.65999984741211,18.5,19.260000228881836,19.260000228881836,76100
2002-08-01,19.549999237060547,19.549999237060547,18.889999389648438,19.0,19.0,51200
2002-08-02,19.0,19.040000915527344,18.399999618530273,18.5,18.5,42500
2002-08-05,18.25,18.479999542236328,17.850000381469727,18.0,18.0,69400
2002-08-06,17.899999618530273,18.139999389648438,17.649999618530273,17.989999771118164,17.989999771118164,42700
2002-08-07,18.149999618530273,18.329999923706055,17.850000381469727,18.0,18.0,24300
2002-08-08,17.899999618530273,18.530000686645508,17.899999618530273,18.399999618530273,18.399999618530273,30800
2002-08-09,18.100000381469727,18.350000381469727,18.06999969482422,18.329999923706055,18.329999923706055,5500
2002-08-12,18.040000915527344,18.190000534057617,17.68000030517578,18.0,18.0,64300
2002-08-13,17.989999771118164,18.200000762939453,17.809999465942383,17.959999084472656,17.959999084472656,18600
2002-08-14,18.049999237060547,18.049999237060547,17.75,18.0,18.0,97800
2002-08-15,17.709999084472656,18.270000457763672,17.68000030517578,18.270000457763672,18.270000457763672,7500
2002-08-16,18.31999969482422,18.93000030517578,18.200000762939453,18.81999969482422,18.81999969482422,20200
2002-08-19,18.940000534057617,19.350000381469727,18.389999389648438,18.75,18.75,68000
2002-08-20,18.75,19.110000610351562,18.75,19.110000610351562,19.110000610351562,4400
2002-08-21,19.1299991607666,19.479999542236328,19.1299991607666,19.31999969482422,19.31999969482422,82000
2002-08-22,19.209999084472656,19.43000030517578,19.209999084472656,19.399999618530273,19.399999618530273,34600
2002-08-23,19.299999237060547,19.389999389648438,18.860000610351562,18.860000610351562,18.860000610351562,21300
2002-08-26,18.850000381469727,19.0,18.75,18.959999084472656,18.959999084472656,14100
2002-08-27,19.020000457763672,19.309999465942383,18.75,18.75,18.75,10400
2002-08-28,18.350000381469727,18.75,18.350000381469727,18.43000030517578,18.43000030517578,22200
2002-08-29,18.399999618530273,18.399999618530273,16.600000381469727,16.600000381469727,16.600000381469727,93400
2002-08-30,16.56999969482422,18.030000686645508,16.15999984741211,18.030000686645508,18.030000686645508,53700
2002-09-03,18.09000015258789,18.829999923706055,18.010000228881836,18.229999542236328,18.229999542236328,31600
2002-09-04,18.209999084472656,18.8799991607666,18.18000030517578,18.8799991607666,18.8799991607666,15700
2002-09-05,18.600000381469727,18.670000076293945,18.229999542236328,18.360000610351562,18.360000610351562,12800
2002-09-06,18.579999923706055,18.889999389648438,18.270000457763672,18.56999969482422,18.56999969482422,12200
2002-09-09,18.59000015258789,18.59000015258789,18.18000030517578,18.270000457763672,18.270000457763672,21500
2002-09-10,18.350000381469727,18.350000381469727,18.18000030517578,18.25,18.25,31100
2002-09-11,18.56999969482422,18.790000915527344,18.399999618530273,18.6299991607666,18.6299991607666,3500
2002-09-12,18.600000381469727,18.600000381469727,17.93000030517578,18.040000915527344,18.040000915527344,8700
2002-09-13,18.0,18.100000381469727,17.799999237060547,17.899999618530273,17.899999618530273,51300
2002-09-16,17.809999465942383,18.0,17.700000762939453,17.799999237060547,17.799999237060547,40400
2002-09-17,17.809999465942383,17.8700008392334,17.5,17.670000076293945,17.670000076293945,31900
2002-09-18,17.649999618530273,17.75,17.450000762939453,17.610000610351562,17.610000610351562,12300
2002-09-19,17.5,17.68000030517578,17.420000076293945,17.420000076293945,17.420000076293945,26600
2002-09-20,17.6200008392334,17.6200008392334,17.100000381469727,17.18000030517578,17.18000030517578,60400
2002-09-23,17.1299991607666,17.6200008392334,17.0,17.610000610351562,17.610000610351562,20700
2002-09-24,17.600000381469727,18.690000534057617,17.59000015258789,17.989999771118164,17.989999771118164,111700
2002-09-25,18.079999923706055,18.280000686645508,17.780000686645508,17.940000534057617,17.940000534057617,48500
2002-09-26,17.889999389648438,18.0,17.809999465942383,17.850000381469727,17.850000381469727,58100
2002-09-27,17.809999465942383,17.899999618530273,17.389999389648438,17.56999969482422,17.56999969482422,22200
2002-09-30,17.56999969482422,17.709999084472656,17.239999771118164,17.5,17.5,56900
2002-10-01,17.510000228881836,17.6299991607666,17.40999984741211,17.469999313354492,17.469999313354492,27900
2002-10-02,17.549999237060547,17.600000381469727,17.059999465942383,17.25,17.25,16700
2002-10-03,17.049999237060547,17.06999969482422,16.780000686645508,16.780000686645508,16.780000686645508,36800
2002-10-04,16.959999084472656,16.959999084472656,16.510000228881836,16.75,16.75,25100
2002-10-07,16.75,16.899999618530273,16.700000762939453,16.790000915527344,16.790000915527344,50800
2002-10-08,16.65999984741211,16.899999618530273,16.65999984741211,16.899999618530273,16.899999618530273,7700
2002-10-09,16.950000762939453,17.0,16.649999618530273,16.979999542236328,16.979999542236328,47000
2002-10-10,17.049999237060547,17.100000381469727,16.899999618530273,16.989999771118164,16.989999771118164,112000
2002-10-11,16.899999618530273,17.670000076293945,16.899999618530273,17.25,17.25,86700
2002-10-14,17.299999237060547,17.299999237060547,16.899999618530273,16.950000762939453,16.950000762939453,38500
2002-10-15,17.459999084472656,18.350000381469727,17.459999084472656,17.75,17.75,110700
2002-10-16,17.600000381469727,17.649999618530273,16.75,16.809999465942383,16.809999465942383,236900
2002-10-17,17.0,17.25,16.649999618530273,17.049999237060547,17.049999237060547,43900
2002-10-18,17.049999237060547,17.239999771118164,16.8700008392334,17.049999237060547,17.049999237060547,27200
2002-10-21,17.34000015258789,17.540000915527344,16.850000381469727,17.0,17.0,21900
2002-10-22,17.100000381469727,17.450000762939453,16.850000381469727,17.020000457763672,17.020000457763672,50400
2002-10-23,17.010000228881836,17.25,16.90999984741211,17.239999771118164,17.239999771118164,44200
2002-10-24,17.25,17.6299991607666,17.200000762939453,17.399999618530273,17.399999618530273,61800
2002-10-25,17.5,17.5,17.25,17.479999542236328,17.479999542236328,37700
2002-10-28,17.479999542236328,17.610000610351562,17.010000228881836,17.399999618530273,17.399999618530273,56100
2002-10-29,17.100000381469727,17.100000381469727,16.600000381469727,16.989999771118164,16.989999771118164,46500
2002-10-30,17.149999618530273,17.190000534057617,16.850000381469727,17.18000030517578,17.18000030517578,2600
2002-10-31,17.200000762939453,17.200000762939453,16.899999618530273,17.170000076293945,17.170000076293945,42800
2002-11-01,16.899999618530273,17.200000762939453,16.299999237060547,16.389999389648438,16.389999389648438,13000
2002-11-04,16.579999923706055,16.6299991607666,16.270000457763672,16.6299991607666,16.6299991607666,86600
2002-11-05,16.75,16.75,16.010000228881836,16.100000381469727,16.100000381469727,25100
2002-11-06,16.3700008392334,16.420000076293945,16.149999618530273,16.299999237060547,16.299999237060547,27100
2002-11-07,16.350000381469727,16.399999618530273,16.049999237060547,16.049999237060547,16.049999237060547,15300
2002-11-08,16.100000381469727,16.270000457763672,15.979999542236328,15.989999771118164,15.989999771118164,60900
2002-11-11,16.020000457763672,16.100000381469727,15.949999809265137,16.010000228881836,16.010000228881836,15500
2002-11-12,15.960000038146973,16.049999237060547,15.319999694824219,15.649999618530273,15.649999618530273,39100
2002-11-13,15.630000114440918,15.890000343322754,15.329999923706055,15.890000343322754,15.890000343322754,35800
2002-11-14,15.779999732971191,16.200000762939453,15.779999732971191,16.149999618530273,16.149999618530273,89300
2002-11-15,16.1200008392334,16.420000076293945,16.1200008392334,16.149999618530273,16.149999618530273,39000
2002-11-18,16.399999618530273,16.399999618530273,16.149999618530273,16.309999465942383,16.309999465942383,73900
2002-11-19,16.200000762939453,16.260000228881836,15.260000228881836,15.800000190734863,15.800000190734863,65400
2002-11-20,15.729999542236328,15.819999694824219,15.34000015258789,15.75,15.75,26800
2002-11-21,15.84000015258789,16.06999969482422,15.75,16.049999237060547,16.049999237060547,79700
2002-11-22,16.09000015258789,16.110000610351562,15.850000381469727,16.049999237060547,16.049999237060547,165700
2002-11-25,15.850000381469727,16.420000076293945,15.850000381469727,16.239999771118164,16.239999771118164,15000
2002-11-26,16.139999389648438,16.309999465942383,16.059999465942383,16.290000915527344,16.290000915527344,50600
2002-11-27,16.399999618530273,17.299999237060547,16.100000381469727,17.200000762939453,17.200000762939453,15400
2002-11-29,17.299999237060547,17.75,17.1299991607666,17.649999618530273,17.649999618530273,17100
2002-12-02,17.649999618530273,18.270000457763672,17.6299991607666,18.270000457763672,18.270000457763672,20700
2002-12-03,18.1200008392334,18.25,17.649999618530273,17.649999618530273,17.649999618530273,94800
2002-12-04,17.600000381469727,17.600000381469727,17.020000457763672,17.3799991607666,17.3799991607666,37900
2002-12-05,17.5,18.440000534057617,17.25,18.1299991607666,18.1299991607666,55100
2002-12-06,17.979999542236328,18.260000228881836,17.979999542236328,18.100000381469727,18.100000381469727,10500
2002-12-09,18.100000381469727,18.489999771118164,18.0,18.149999618530273,18.149999618530273,27200
2002-12-10,18.149999618530273,18.270000457763672,17.639999389648438,17.799999237060547,17.799999237060547,8400
2002-12-11,17.829999923706055,18.549999237060547,17.829999923706055,18.549999237060547,18.549999237060547,22500
2002-12-12,18.399999618530273,18.5,18.209999084472656,18.360000610351562,18.360000610351562,11100
2002-12-13,18.200000762939453,18.270000457763672,17.75,18.0,18.0,33000
2002-12-16,17.799999237060547,18.030000686645508,17.75,18.020000457763672,18.020000457763672,9800
2002-12-17,17.889999389648438,18.31999969482422,17.889999389648438,18.139999389648438,18.139999389648438,13500
2002-12-18,18.329999923706055,19.030000686645508,18.329999923706055,18.579999923706055,18.579999923706055,32800
2002-12-19,18.75,18.889999389648438,18.65999984741211,18.65999984741211,18.65999984741211,4500
2002-12-20,18.649999618530273,18.950000762939453,18.420000076293945,18.43000030517578,18.43000030517578,17600
2002-12-23,18.40999984741211,18.43000030517578,18.09000015258789,18.219999313354492,18.219999313354492,20400
2002-12-24,18.290000915527344,18.649999618530273,18.290000915527344,18.440000534057617,18.440000534057617,8900
2002-12-26,18.6200008392334,18.639999389648438,17.829999923706055,18.239999771118164,18.239999771118164,25000
2002-12-27,18.1200008392334,18.190000534057617,17.860000610351562,17.950000762939453,17.950000762939453,20100
2002-12-30,17.979999542236328,18.34000015258789,17.979999542236328,18.309999465942383,18.309999465942383,16800
2002-12-31,17.959999084472656,19.260000228881836,17.959999084472656,18.959999084472656,18.959999084472656,55900
2003-01-02,19.239999771118164,19.239999771118164,18.65999984741211,18.65999984741211,18.65999984741211,9800
2003-01-03,18.600000381469727,18.920000076293945,18.549999237060547,18.920000076293945,18.920000076293945,12400
2003-01-06,18.979999542236328,19.020000457763672,18.68000030517578,18.959999084472656,18.959999084472656,50900
2003-01-07,18.979999542236328,19.0,18.299999237060547,18.34000015258789,18.34000015258789,31800
2003-01-08,18.420000076293945,18.6200008392334,17.729999542236328,17.989999771118164,17.989999771118164,27700
2003-01-09,18.0,18.1200008392334,17.81999969482422,18.0,18.0,34800
2003-01-10,18.100000381469727,18.459999084472656,17.959999084472656,18.25,18.25,58100
2003-01-13,18.399999618530273,19.040000915527344,18.299999237060547,18.899999618530273,18.899999618530273,29600
2003-01-14,19.010000228881836,19.25,18.700000762939453,18.799999237060547,18.799999237060547,25500
2003-01-15,18.889999389648438,19.3700008392334,18.81999969482422,19.059999465942383,19.059999465942383,9400
2003-01-16,19.049999237060547,19.420000076293945,19.049999237060547,19.110000610351562,19.110000610351562,10200
2003-01-17,19.100000381469727,19.350000381469727,18.75,18.770000457763672,18.770000457763672,24800
2003-01-21,18.75,18.75,18.25,18.5,18.5,25700
2003-01-22,18.5,18.690000534057617,18.329999923706055,18.5,18.5,7600
2003-01-23,18.360000610351562,18.479999542236328,18.079999923706055,18.25,18.25,79900
2003-01-24,18.079999923706055,18.110000610351562,17.729999542236328,17.729999542236328,17.729999542236328,139200
2003-01-27,17.829999923706055,17.8799991607666,16.479999542236328,16.979999542236328,16.979999542236328,65500
2003-01-28,17.0,17.299999237060547,16.889999389648438,17.059999465942383,17.059999465942383,11900
2003-01-29,17.059999465942383,17.3799991607666,16.860000610351562,17.3799991607666,17.3799991607666,20600
2003-01-30,17.049999237060547,17.049999237060547,16.549999237060547,16.739999771118164,16.739999771118164,64100
2003-01-31,16.639999389648438,16.84000015258789,16.610000610351562,16.770000457763672,16.770000457763672,21000
2003-02-03,16.709999084472656,16.709999084472656,16.40999984741211,16.489999771118164,16.489999771118164,41700
2003-02-04,16.43000030517578,16.75,16.399999618530273,16.579999923706055,16.579999923706055,113900
2003-02-05,16.6200008392334,16.709999084472656,16.5,16.549999237060547,16.549999237060547,46500
2003-02-06,16.799999237060547,16.959999084472656,16.68000030517578,16.790000915527344,16.790000915527344,9900
2003-02-07,16.549999237060547,16.850000381469727,16.459999084472656,16.75,16.75,49500
2003-02-10,16.670000076293945,16.899999618530273,16.399999618530273,16.889999389648438,16.889999389648438,59900
2003-02-11,16.93000030517578,16.93000030517578,16.600000381469727,16.75,16.75,14900
2003-02-12,16.68000030517578,16.68000030517578,16.5,16.510000228881836,16.510000228881836,25600
2003-02-13,16.5,16.8700008392334,16.5,16.75,16.75,15600
2003-02-14,16.809999465942383,17.399999618530273,16.809999465942383,17.3799991607666,17.3799991607666,9400
2003-02-18,17.280000686645508,17.440000534057617,16.940000534057617,17.440000534057617,17.440000534057617,19600
2003-02-19,17.3799991607666,17.3799991607666,16.809999465942383,16.899999618530273,16.899999618530273,14400
2003-02-20,16.780000686645508,17.299999237060547,16.65999984741211,17.299999237060547,17.299999237060547,23300
2003-02-21,17.200000762939453,17.229999542236328,16.559999465942383,16.559999465942383,16.559999465942383,15600
2003-02-24,16.299999237060547,16.299999237060547,15.239999771118164,15.529999732971191,15.529999732971191,91600
2003-02-25,15.300000190734863,15.65999984741211,15.109999656677246,15.65999984741211,15.65999984741211,56200
2003-02-26,15.40999984741211,16.079999923706055,15.050000190734863,15.350000381469727,15.350000381469727,25400
2003-02-27,15.3100004196167,15.930000305175781,15.0,15.930000305175781,15.930000305175781,17500
2003-02-28,15.770000457763672,16.200000762939453,15.770000457763672,16.18000030517578,16.18000030517578,24100
2003-03-03,16.18000030517578,16.56999969482422,16.18000030517578,16.190000534057617,16.190000534057617,6700
2003-03-04,16.420000076293945,16.459999084472656,15.899999618530273,16.299999237060547,16.299999237060547,4200
2003-03-05,16.040000915527344,16.18000030517578,15.729999542236328,16.079999923706055,16.079999923706055,4300
2003-03-06,15.890000343322754,15.890000343322754,15.5,15.529999732971191,15.529999732971191,33500
2003-03-07,15.430000305175781,15.550000190734863,15.239999771118164,15.239999771118164,15.239999771118164,24600
2003-03-10,15.359999656677246,15.359999656677246,15.0,15.039999961853027,15.039999961853027,5000
2003-03-11,14.989999771118164,15.199999809265137,14.789999961853027,14.84000015258789,14.84000015258789,6700
2003-03-12,14.829999923706055,15.100000381469727,14.800000190734863,14.829999923706055,14.829999923706055,23400
2003-03-13,14.920000076293945,15.649999618530273,14.84000015258789,15.229999542236328,15.229999542236328,67600
2003-03-14,15.229999542236328,15.3100004196167,15.029999732971191,15.220000267028809,15.220000267028809,76100
2003-03-17,15.25,15.380000114440918,15.039999961853027,15.229999542236328,15.229999542236328,71800
2003-03-18,15.140000343322754,17.200000762939453,15.140000343322754,17.18000030517578,17.18000030517578,66600
2003-03-19,17.190000534057617,17.280000686645508,16.829999923706055,16.889999389648438,16.889999389648438,25800
2003-03-20,16.93000030517578,16.93000030517578,16.299999237060547,16.600000381469727,16.600000381469727,70600
2003-03-21,16.239999771118164,17.549999237060547,16.229999542236328,17.549999237060547,17.549999237060547,22000
2003-03-24,17.25,17.59000015258789,17.25,17.399999618530273,17.399999618530273,7500
2003-03-25,17.40999984741211,17.6200008392334,17.030000686645508,17.43000030517578,17.43000030517578,14400
2003-03-26,17.18000030517578,17.299999237060547,17.010000228881836,17.239999771118164,17.239999771118164,26700
2003-03-27,17.239999771118164,17.25,16.969999313354492,17.049999237060547,17.049999237060547,43400
2003-03-28,17.010000228881836,17.059999465942383,16.84000015258789,16.84000015258789,16.84000015258789,42200
2003-03-31,16.75,17.0,16.75,16.989999771118164,16.989999771118164,23200
2003-04-01,16.989999771118164,17.049999237060547,16.639999389648438,16.90999984741211,16.90999984741211,41500
2003-04-02,16.84000015258789,17.059999465942383,16.84000015258789,17.0,17.0,42000
2003-04-03,17.079999923706055,17.149999618530273,16.989999771118164,16.989999771118164,16.989999771118164,7400
2003-04-04,17.100000381469727,17.100000381469727,15.699999809265137,16.829999923706055,16.829999923706055,96600
2003-04-07,16.700000762939453,17.110000610351562,16.5,16.8700008392334,16.8700008392334,22700
2003-04-08,16.899999618530273,16.899999618530273,16.75,16.75,16.75,8300
2003-04-09,16.850000381469727,16.850000381469727,16.690000534057617,16.729999542236328,16.729999542236328,21100
2003-04-10,16.950000762939453,16.950000762939453,16.5,16.729999542236328,16.729999542236328,2900
2003-04-11,16.920000076293945,17.219999313354492,16.540000915527344,17.149999618530273,17.149999618530273,22000
2003-04-14,17.25,17.309999465942383,17.049999237060547,17.270000457763672,17.270000457763672,37600
2003-04-15,17.299999237060547,18.350000381469727,17.299999237060547,18.209999084472656,18.209999084472656,41500
2003-04-16,18.100000381469727,18.5,17.510000228881836,18.110000610351562,18.110000610351562,77600
2003-04-17,18.25,19.700000762939453,17.790000915527344,19.360000610351562,19.360000610351562,112800
2003-04-21,19.170000076293945,19.170000076293945,18.700000762939453,19.0,19.0,61400
2003-04-22,19.040000915527344,19.209999084472656,18.84000015258789,18.979999542236328,18.979999542236328,37700
2003-04-23,18.969999313354492,19.280000686645508,18.190000534057617,19.280000686645508,19.280000686645508,61700
2003-04-24,18.8700008392334,19.479999542236328,18.8700008392334,19.260000228881836,19.260000228881836,15300
2003-04-25,19.09000015258789,19.229999542236328,18.260000228881836,18.719999313354492,18.719999313354492,84700
2003-04-28,18.649999618530273,19.18000030517578,18.649999618530273,18.68000030517578,18.68000030517578,70700
2003-04-29,18.700000762939453,19.0,18.700000762939453,18.8799991607666,18.8799991607666,37900
2003-04-30,18.799999237060547,18.989999771118164,18.010000228881836,18.200000762939453,18.200000762939453,16700
2003-05-01,18.270000457763672,18.270000457763672,17.899999618530273,17.90999984741211,17.90999984741211,10600
2003-05-02,18.09000015258789,18.5,17.899999618530273,18.5,18.5,24900
2003-05-05,18.139999389648438,18.739999771118164,18.139999389648438,18.299999237060547,18.299999237060547,32500
2003-05-06,18.290000915527344,18.530000686645508,18.149999618530273,18.360000610351562,18.360000610351562,21800
2003-05-07,18.549999237060547,18.75,18.350000381469727,18.719999313354492,18.719999313354492,51600
2003-05-08,18.5,18.56999969482422,18.239999771118164,18.360000610351562,18.360000610351562,33300
2003-05-09,18.510000228881836,18.530000686645508,17.920000076293945,17.93000030517578,17.93000030517578,10200
2003-05-12,17.920000076293945,18.139999389648438,17.829999923706055,17.8700008392334,17.8700008392334,36400
2003-05-13,17.979999542236328,18.3799991607666,17.90999984741211,18.219999313354492,18.219999313354492,69100
2003-05-14,18.299999237060547,18.65999984741211,18.25,18.399999618530273,18.399999618530273,44800
2003-05-15,18.549999237060547,18.65999984741211,18.110000610351562,18.110000610351562,18.110000610351562,31700
2003-05-16,17.920000076293945,18.299999237060547,17.920000076293945,18.15999984741211,18.15999984741211,59800
2003-05-19,18.219999313354492,18.219999313354492,17.549999237060547,17.549999237060547,17.549999237060547,39900
2003-05-20,17.649999618530273,17.65999984741211,17.459999084472656,17.610000610351562,17.610000610351562,26300
2003-05-21,17.59000015258789,17.59000015258789,17.459999084472656,17.479999542236328,17.479999542236328,2300
2003-05-22,17.459999084472656,17.799999237060547,17.450000762939453,17.6299991607666,17.6299991607666,19600
2003-05-23,17.56999969482422,17.649999618530273,17.5,17.649999618530273,17.649999618530273,5900
2003-05-27,17.469999313354492,18.760000228881836,17.450000762939453,18.739999771118164,18.739999771118164,64200
2003-05-28,18.75,18.75,18.350000381469727,18.59000015258789,18.59000015258789,179700
2003-05-29,18.75,18.75,18.350000381469727,18.559999465942383,18.559999465942383,80400
2003-05-30,18.739999771118164,18.75,18.350000381469727,18.739999771118164,18.739999771118164,56900
2003-06-02,18.75,19.350000381469727,18.540000915527344,19.010000228881836,19.010000228881836,94000
2003-06-03,19.0,20.0,18.6200008392334,18.739999771118164,18.739999771118164,65800
2003-06-04,18.780000686645508,19.059999465942383,18.600000381469727,19.059999465942383,19.059999465942383,58000
2003-06-05,18.81999969482422,19.25,17.770000457763672,19.15999984741211,19.15999984741211,96700
2003-06-06,18.5,19.3700008392334,18.489999771118164,18.6299991607666,18.6299991607666,62900
2003-06-09,18.75,18.84000015258789,18.040000915527344,18.049999237060547,18.049999237060547,115300
2003-06-10,18.229999542236328,18.489999771118164,18.079999923706055,18.290000915527344,18.290000915527344,57400
2003-06-11,18.280000686645508,18.75,18.200000762939453,18.540000915527344,18.540000915527344,23900
2003-06-12,18.690000534057617,18.809999465942383,18.399999618530273,18.809999465942383,18.809999465942383,12700
2003-06-13,18.600000381469727,18.799999237060547,18.239999771118164,18.559999465942383,18.559999465942383,11500
2003-06-16,17.350000381469727,18.989999771118164,17.200000762939453,18.270000457763672,18.270000457763672,236800
2003-06-17,18.200000762939453,18.790000915527344,18.079999923706055,18.18000030517578,18.18000030517578,24400
2003-06-18,18.170000076293945,18.520000457763672,16.549999237060547,17.350000381469727,17.350000381469727,72200
2003-06-19,17.040000915527344,17.75,17.0,17.100000381469727,17.100000381469727,83800
2003-06-20,17.600000381469727,17.850000381469727,16.209999084472656,17.850000381469727,17.850000381469727,88400
2003-06-23,17.010000228881836,17.799999237060547,16.549999237060547,17.1200008392334,17.1200008392334,61500
2003-06-24,17.520000457763672,17.520000457763672,16.399999618530273,16.59000015258789,16.59000015258789,37900
2003-06-25,17.290000915527344,17.290000915527344,16.309999465942383,16.700000762939453,16.700000762939453,44000
2003-06-26,16.559999465942383,17.0,16.25,16.700000762939453,16.700000762939453,91600
2003-06-27,16.3700008392334,17.5,16.049999237060547,17.200000762939453,17.200000762939453,57000
2003-06-30,17.0,17.469999313354492,16.5,17.15999984741211,17.15999984741211,145300
2003-07-01,17.06999969482422,17.06999969482422,16.670000076293945,16.75,16.75,46800
2003-07-02,16.709999084472656,16.979999542236328,16.520000457763672,16.65999984741211,16.65999984741211,30100
2003-07-03,16.65999984741211,16.899999618530273,16.65999984741211,16.719999313354492,16.719999313354492,18800
2003-07-07,16.770000457763672,17.25,16.770000457763672,16.959999084472656,16.959999084472656,30900
2003-07-08,17.549999237060547,17.850000381469727,17.270000457763672,17.280000686645508,17.280000686645508,82700
2003-07-09,17.209999084472656,17.75,17.040000915527344,17.1200008392334,17.1200008392334,48500
2003-07-10,17.5,17.75,17.219999313354492,17.649999618530273,17.649999618530273,158400
2003-07-11,17.649999618530273,18.1200008392334,17.59000015258789,18.1200008392334,18.1200008392334,36200
2003-07-14,18.229999542236328,18.239999771118164,18.0,18.1299991607666,18.1299991607666,13900
2003-07-15,18.229999542236328,18.700000762939453,18.229999542236328,18.579999923706055,18.579999923706055,35500
2003-07-16,18.75,18.850000381469727,18.510000228881836,18.739999771118164,18.739999771118164,36500
2003-07-17,18.739999771118164,18.739999771118164,17.5,17.860000610351562,17.860000610351562,22900
2003-07-18,17.950000762939453,18.309999465942383,17.610000610351562,17.950000762939453,17.950000762939453,14600
2003-07-21,17.600000381469727,18.18000030517578,17.579999923706055,17.850000381469727,17.850000381469727,14900
2003-07-22,17.979999542236328,18.65999984741211,17.510000228881836,18.65999984741211,18.65999984741211,44500
2003-07-23,18.729999542236328,18.959999084472656,18.079999923706055,18.6299991607666,18.6299991607666,57500
2003-07-24,18.780000686645508,18.81999969482422,17.780000686645508,17.90999984741211,17.90999984741211,49000
2003-07-25,17.770000457763672,18.350000381469727,17.770000457763672,18.34000015258789,18.34000015258789,21000
2003-07-28,18.5,18.5,17.649999618530273,17.850000381469727,17.850000381469727,225800
2003-07-29,18.139999389648438,18.149999618530273,17.780000686645508,17.899999618530273,17.899999618530273,19800
2003-07-30,17.989999771118164,18.25,17.729999542236328,17.8700008392334,17.8700008392334,9100
2003-07-31,18.100000381469727,18.100000381469727,17.459999084472656,17.579999923706055,17.579999923706055,38300
2003-08-01,17.479999542236328,17.690000534057617,16.65999984741211,16.860000610351562,16.860000610351562,75300
2003-08-04,17.0,17.0,15.960000038146973,15.989999771118164,15.989999771118164,88100
2003-08-05,16.450000762939453,16.84000015258789,16.1299991607666,16.459999084472656,16.459999084472656,62400
2003-08-06,16.34000015258789,16.93000030517578,16.34000015258789,16.780000686645508,16.780000686645508,38300
2003-08-07,16.40999984741211,16.940000534057617,16.139999389648438,16.549999237060547,16.549999237060547,38600
2003-08-08,16.270000457763672,16.979999542236328,16.270000457763672,16.709999084472656,16.709999084472656,35200
2003-08-11,16.530000686645508,16.899999618530273,16.149999618530273,16.700000762939453,16.700000762939453,32400
2003-08-12,16.809999465942383,16.899999618530273,16.709999084472656,16.729999542236328,16.729999542236328,25900
2003-08-13,16.899999618530273,16.899999618530273,16.579999923706055,16.579999923706055,16.579999923706055,21900
2003-08-14,16.579999923706055,16.829999923706055,16.440000534057617,16.760000228881836,16.760000228881836,26800
2003-08-15,16.610000610351562,16.829999923706055,16.459999084472656,16.510000228881836,16.510000228881836,11800
2003-08-18,16.420000076293945,16.829999923706055,16.420000076293945,16.780000686645508,16.780000686645508,38300
2003-08-19,16.799999237060547,16.850000381469727,16.700000762939453,16.799999237060547,16.799999237060547,29000
2003-08-20,16.799999237060547,17.0,16.670000076293945,16.75,16.75,28700
2003-08-21,16.850000381469727,16.899999618530273,16.770000457763672,16.850000381469727,16.850000381469727,211200
2003-08-22,16.649999618530273,17.0,16.649999618530273,16.799999237060547,16.799999237060547,151600
2003-08-25,16.799999237060547,17.0,16.75,16.90999984741211,16.90999984741211,68200
2003-08-26,16.860000610351562,16.860000610351562,16.6299991607666,16.6299991607666,16.6299991607666,25800
2003-08-27,16.770000457763672,17.0,16.770000457763672,16.989999771118164,16.989999771118164,42300
2003-08-28,16.670000076293945,17.09000015258789,16.670000076293945,17.0,17.0,113200
2003-08-29,17.100000381469727,17.260000228881836,16.899999618530273,16.950000762939453,16.950000762939453,37400
2003-09-02,17.0,18.0,16.90999984741211,17.889999389648438,17.889999389648438,67400
2003-09-03,17.989999771118164,18.540000915527344,17.959999084472656,18.299999237060547,18.299999237060547,249800
2003-09-04,18.389999389648438,18.670000076293945,18.389999389648438,18.5,18.5,221600
2003-09-05,18.479999542236328,18.940000534057617,18.479999542236328,18.829999923706055,18.829999923706055,224800
2003-09-08,18.889999389648438,19.1299991607666,18.770000457763672,19.049999237060547,19.049999237060547,149300
2003-09-09,19.049999237060547,19.110000610351562,18.940000534057617,19.100000381469727,19.100000381469727,80900
2003-09-10,18.940000534057617,19.059999465942383,18.790000915527344,19.040000915527344,19.040000915527344,46500
2003-09-11,18.899999618530273,19.399999618530273,18.8799991607666,19.290000915527344,19.290000915527344,51200
2003-09-12,19.170000076293945,19.760000228881836,18.8700008392334,19.700000762939453,19.700000762939453,75500
2003-09-15,19.530000686645508,19.84000015258789,19.40999984741211,19.729999542236328,19.729999542236328,83000
2003-09-16,19.799999237060547,20.0,19.399999618530273,19.8799991607666,19.8799991607666,72600
2003-09-17,19.43000030517578,19.860000610351562,18.959999084472656,19.459999084472656,19.459999084472656,48200
2003-09-18,19.3799991607666,19.93000030517578,19.219999313354492,19.719999313354492,19.719999313354492,29400
2003-09-19,19.360000610351562,19.899999618530273,19.329999923706055,19.770000457763672,19.770000457763672,33900
2003-09-22,19.440000534057617,20.25,19.360000610351562,20.25,20.25,84400
2003-09-23,20.260000228881836,20.31999969482422,19.940000534057617,20.15999984741211,20.15999984741211,28900
2003-09-24,20.1200008392334,20.350000381469727,19.190000534057617,19.190000534057617,19.190000534057617,40400
2003-09-25,19.260000228881836,19.40999984741211,18.739999771118164,19.15999984741211,19.15999984741211,28500
2003-09-26,19.450000762939453,19.450000762939453,18.079999923706055,18.09000015258789,18.09000015258789,21000
2003-09-29,18.09000015258789,18.510000228881836,18.0,18.0,18.0,30400
2003-09-30,18.0,19.25,17.899999618530273,18.290000915527344,18.290000915527344,64800
2003-10-01,18.200000762939453,19.5,18.030000686645508,19.0,19.0,37800
2003-10-02,18.350000381469727,19.06999969482422,18.209999084472656,18.809999465942383,18.809999465942383,21000
2003-10-03,19.200000762939453,20.149999618530273,19.1299991607666,19.260000228881836,19.260000228881836,36200
2003-10-06,19.389999389648438,20.200000762939453,19.360000610351562,19.510000228881836,19.510000228881836,30000
2003-10-07,19.649999618530273,20.75,19.649999618530273,20.09000015258789,20.09000015258789,25800
2003-10-08,20.440000534057617,20.75,19.34000015258789,19.399999618530273,19.399999618530273,32600
2003-10-09,19.65999984741211,20.469999313354492,19.559999465942383,19.969999313354492,19.969999313354492,15500
2003-10-10,19.959999084472656,19.959999084472656,19.100000381469727,19.110000610351562,19.110000610351562,26600
2003-10-13,19.520000457763672,19.920000076293945,19.350000381469727,19.649999618530273,19.649999618530273,36000
2003-10-14,19.989999771118164,21.0,19.989999771118164,21.0,21.0,82500
2003-10-15,20.940000534057617,21.479999542236328,20.610000610351562,20.950000762939453,20.950000762939453,22300
2003-10-16,20.8700008392334,21.280000686645508,19.799999237060547,19.959999084472656,19.959999084472656,65400
2003-10-17,20.149999618530273,20.399999618530273,18.549999237060547,18.780000686645508,18.780000686645508,35200
2003-10-20,18.889999389648438,19.450000762939453,18.729999542236328,19.15999984741211,19.15999984741211,31400
2003-10-21,19.170000076293945,19.170000076293945,18.260000228881836,18.989999771118164,18.989999771118164,22800
2003-10-22,18.290000915527344,18.899999618530273,17.8700008392334,17.8700008392334,17.8700008392334,30600
2003-10-23,17.90999984741211,17.90999984741211,17.350000381469727,17.3799991607666,17.3799991607666,63200
2003-10-24,17.770000457763672,18.93000030517578,17.770000457763672,18.40999984741211,18.40999984741211,58900
2003-10-27,18.43000030517578,18.950000762939453,18.280000686645508,18.829999923706055,18.829999923706055,47600
2003-10-28,18.65999984741211,19.5,18.600000381469727,19.450000762939453,19.450000762939453,38200
2003-10-29,19.3700008392334,20.329999923706055,18.920000076293945,20.299999237060547,20.299999237060547,41900
2003-10-30,20.170000076293945,20.6200008392334,20.049999237060547,20.31999969482422,20.31999969482422,18600
2003-10-31,20.420000076293945,20.420000076293945,17.809999465942383,18.90999984741211,18.90999984741211,207300
2003-11-03,19.270000457763672,19.969999313354492,19.030000686645508,19.690000534057617,19.690000534057617,81500
2003-11-04,19.329999923706055,20.299999237060547,19.329999923706055,20.299999237060547,20.299999237060547,35100
2003-11-05,20.309999465942383,20.34000015258789,19.950000762939453,20.200000762939453,20.200000762939453,24200
2003-11-06,20.5,20.989999771118164,19.600000381469727,20.700000762939453,20.700000762939453,74300
2003-11-07,19.75,20.100000381469727,19.600000381469727,19.65999984741211,19.65999984741211,1462200
2003-11-10,19.65999984741211,19.739999771118164,18.75,18.90999984741211,18.90999984741211,258300
2003-11-11,18.950000762939453,19.110000610351562,18.899999618530273,19.020000457763672,19.020000457763672,50800
2003-11-12,19.350000381469727,19.350000381469727,19.0,19.34000015258789,19.34000015258789,71200
2003-11-13,19.059999465942383,19.600000381469727,19.049999237060547,19.350000381469727,19.350000381469727,51200
2003-11-14,19.56999969482422,19.56999969482422,19.1200008392334,19.229999542236328,19.229999542236328,68100
2003-11-17,19.350000381469727,19.350000381469727,18.3799991607666,18.3799991607666,18.3799991607666,184300
2003-11-18,18.520000457763672,18.979999542236328,18.440000534057617,18.850000381469727,18.850000381469727,72500
2003-11-19,18.510000228881836,19.25,18.510000228881836,19.010000228881836,19.010000228881836,43800
2003-11-20,18.25,18.5,17.760000228881836,18.43000030517578,18.43000030517578,196300
2003-11-21,18.200000762939453,18.65999984741211,18.020000457763672,18.139999389648438,18.139999389648438,56200
2003-11-24,18.649999618530273,18.780000686645508,18.049999237060547,18.350000381469727,18.350000381469727,56100
2003-11-25,18.389999389648438,18.850000381469727,18.389999389648438,18.5,18.5,44300
2003-11-26,18.6200008392334,18.829999923706055,18.360000610351562,18.360000610351562,18.360000610351562,31700
2003-11-28,18.290000915527344,18.8799991607666,18.290000915527344,18.799999237060547,18.799999237060547,20300
2003-12-01,18.899999618530273,19.190000534057617,18.399999618530273,18.8799991607666,18.8799991607666,43100
2003-12-02,18.510000228881836,19.5,18.510000228881836,19.190000534057617,19.190000534057617,57600
2003-12-03,18.850000381469727,19.079999923706055,18.260000228881836,18.829999923706055,18.829999923706055,141700
2003-12-04,19.690000534057617,19.690000534057617,18.5,19.3799991607666,19.3799991607666,109200
2003-12-05,19.270000457763672,19.360000610351562,18.5,18.770000457763672,18.770000457763672,25600
2003-12-08,18.899999618530273,19.489999771118164,18.5,18.84000015258789,18.84000015258789,47800
2003-12-09,18.719999313354492,19.059999465942383,18.65999984741211,18.700000762939453,18.700000762939453,105100
2003-12-10,18.809999465942383,19.219999313354492,18.530000686645508,18.809999465942383,18.809999465942383,25300
2003-12-11,18.920000076293945,19.700000762939453,18.920000076293945,19.6299991607666,19.6299991607666,49700
2003-12-12,19.739999771118164,19.739999771118164,18.56999969482422,19.0,19.0,34000
2003-12-15,19.0,19.75,19.0,19.360000610351562,19.360000610351562,38200
2003-12-16,19.489999771118164,19.5,18.510000228881836,19.18000030517578,19.18000030517578,26900
2003-12-17,18.84000015258789,19.0,18.610000610351562,18.90999984741211,18.90999984741211,11500
2003-12-18,18.81999969482422,19.489999771118164,18.690000534057617,19.389999389648438,19.389999389648438,28300
2003-12-19,19.610000610351562,19.75,18.739999771118164,19.059999465942383,19.059999465942383,16300
2003-12-22,19.350000381469727,19.979999542236328,18.8799991607666,19.979999542236328,19.979999542236328,46200
2003-12-23,19.959999084472656,19.989999771118164,19.299999237060547,19.450000762939453,19.450000762939453,78400
2003-12-24,19.5,19.8700008392334,19.079999923706055,19.329999923706055,19.329999923706055,8300
2003-12-26,19.489999771118164,19.510000228881836,19.190000534057617,19.399999618530273,19.399999618530273,1400
2003-12-29,19.8700008392334,19.979999542236328,19.610000610351562,19.760000228881836,19.760000228881836,13400
2003-12-30,19.979999542236328,19.979999542236328,19.190000534057617,19.739999771118164,19.739999771118164,16200
2003-12-31,19.1299991607666,19.510000228881836,18.940000534057617,19.010000228881836,19.010000228881836,67200
2004-01-02,19.0,20.239999771118164,19.0,20.06999969482422,20.06999969482422,19000
2004-01-05,20.15999984741211,20.15999984741211,18.809999465942383,18.809999465942383,18.809999465942383,64400
2004-01-06,19.010000228881836,19.440000534057617,18.8799991607666,18.8799991607666,18.8799991607666,45200
2004-01-07,19.0,19.149999618530273,18.639999389648438,18.889999389648438,18.889999389648438,49600
2004-01-08,18.940000534057617,19.489999771118164,18.709999084472656,19.1200008392334,19.1200008392334,34600
2004-01-09,19.0,19.25,19.0,19.149999618530273,19.149999618530273,30800
2004-01-12,19.360000610351562,19.360000610351562,19.020000457763672,19.170000076293945,19.170000076293945,34600
2004-01-13,19.0,19.360000610351562,18.600000381469727,18.860000610351562,18.860000610351562,41200
2004-01-14,19.440000534057617,19.84000015258789,19.0,19.600000381469727,19.600000381469727,40500
2004-01-15,19.68000030517578,19.84000015258789,19.020000457763672,19.399999618530273,19.399999618530273,102100
2004-01-16,19.700000762939453,19.75,19.049999237060547,19.139999389648438,19.139999389648438,18300
2004-01-20,19.479999542236328,19.559999465942383,19.1200008392334,19.350000381469727,19.350000381469727,20200
2004-01-21,19.270000457763672,19.399999618530273,18.809999465942383,19.299999237060547,19.299999237060547,19200
2004-01-22,19.399999618530273,19.489999771118164,19.020000457763672,19.020000457763672,19.020000457763672,31800
2004-01-23,19.3700008392334,20.579999923706055,19.350000381469727,20.579999923706055,20.579999923706055,59300
2004-01-26,20.600000381469727,20.65999984741211,19.440000534057617,19.649999618530273,19.649999618530273,85400
2004-01-27,19.639999389648438,19.940000534057617,19.15999984741211,19.219999313354492,19.219999313354492,74200
2004-01-28,19.75,19.75,17.75,18.649999618530273,18.649999618530273,76100
2004-01-29,18.219999313354492,18.770000457763672,17.5,18.510000228881836,18.510000228881836,121400
2004-01-30,17.780000686645508,18.059999465942383,17.229999542236328,17.65999984741211,17.65999984741211,137100
2004-02-02,17.59000015258789,18.06999969482422,17.520000457763672,17.75,17.75,105900
2004-02-03,17.719999313354492,17.93000030517578,17.18000030517578,17.540000915527344,17.540000915527344,55300
2004-02-04,17.549999237060547,17.790000915527344,16.6299991607666,16.639999389648438,16.639999389648438,58400
2004-02-05,17.200000762939453,17.350000381469727,16.81999969482422,17.0,17.0,72200
2004-02-06,16.989999771118164,17.399999618530273,16.969999313354492,17.25,17.25,57000
2004-02-09,17.280000686645508,17.389999389648438,16.850000381469727,17.329999923706055,17.329999923706055,36900
2004-02-10,16.780000686645508,17.399999618530273,16.780000686645508,17.299999237060547,17.299999237060547,53900
2004-02-11,17.110000610351562,17.309999465942383,16.920000076293945,17.25,17.25,98200
2004-02-12,17.31999969482422,17.549999237060547,17.200000762939453,17.510000228881836,17.510000228881836,47800
2004-02-13,17.75,18.0,17.459999084472656,17.950000762939453,17.950000762939453,43100
2004-02-17,18.040000915527344,18.040000915527344,17.700000762939453,17.760000228881836,17.760000228881836,53900
2004-02-18,17.75,17.760000228881836,17.18000030517578,17.260000228881836,17.260000228881836,134700
2004-02-19,17.209999084472656,17.469999313354492,17.209999084472656,17.280000686645508,17.280000686645508,74700
2004-02-20,17.290000915527344,17.6299991607666,17.200000762939453,17.600000381469727,17.600000381469727,88700
2004-02-23,17.299999237060547,17.6299991607666,17.149999618530273,17.229999542236328,17.229999542236328,146200
2004-02-24,17.25,17.59000015258789,17.25,17.510000228881836,17.510000228881836,138300
2004-02-25,17.399999618530273,17.549999237060547,17.0,17.149999618530273,17.149999618530273,92500
2004-02-26,17.299999237060547,17.399999618530273,17.100000381469727,17.34000015258789,17.34000015258789,64400
2004-02-27,17.329999923706055,17.989999771118164,17.209999084472656,17.989999771118164,17.989999771118164,46200
2004-03-01,17.989999771118164,18.049999237060547,17.670000076293945,17.8799991607666,17.8799991607666,70700
2004-03-02,17.610000610351562,18.06999969482422,17.489999771118164,17.489999771118164,17.489999771118164,16000
2004-03-03,17.530000686645508,17.559999465942383,17.1299991607666,17.1299991607666,17.1299991607666,101500
2004-03-04,17.1299991607666,17.190000534057617,16.959999084472656,17.0,17.0,82500
2004-03-05,17.030000686645508,17.209999084472656,16.93000030517578,16.940000534057617,16.940000534057617,116200
2004-03-08,17.100000381469727,17.100000381469727,16.889999389648438,17.0,17.0,119500
2004-03-09,17.0,17.100000381469727,16.940000534057617,17.0,17.0,36600
2004-03-10,16.90999984741211,17.040000915527344,16.639999389648438,16.670000076293945,16.670000076293945,80900
2004-03-11,16.559999465942383,17.219999313354492,16.549999237060547,16.799999237060547,16.799999237060547,226200
2004-03-12,17.100000381469727,17.31999969482422,16.739999771118164,17.190000534057617,17.190000534057617,34400
2004-03-15,17.34000015258789,17.34000015258789,16.8700008392334,17.25,17.25,41200
2004-03-16,17.270000457763672,17.299999237060547,16.5,16.6299991607666,16.6299991607666,94700
2004-03-17,16.5,17.100000381469727,16.5,16.989999771118164,16.989999771118164,70200
2004-03-18,17.09000015258789,17.18000030517578,16.889999389648438,17.059999465942383,17.059999465942383,103700
2004-03-19,17.200000762939453,17.280000686645508,16.8799991607666,16.969999313354492,16.969999313354492,83600
2004-03-22,17.0,17.209999084472656,16.809999465942383,17.1200008392334,17.1200008392334,40400
2004-03-23,16.989999771118164,17.139999389648438,16.860000610351562,16.8799991607666,16.8799991607666,23400
2004-03-24,16.979999542236328,17.450000762939453,16.8799991607666,17.43000030517578,17.43000030517578,42700
2004-03-25,16.510000228881836,17.75,16.510000228881836,17.75,17.75,51400
2004-03-26,17.520000457763672,18.190000534057617,17.520000457763672,17.780000686645508,17.780000686645508,65100
2004-03-29,17.690000534057617,18.290000915527344,17.670000076293945,18.200000762939453,18.200000762939453,50200
2004-03-30,18.299999237060547,18.299999237060547,17.940000534057617,18.200000762939453,18.200000762939453,19900
2004-03-31,17.8700008392334,18.25,17.75,18.030000686645508,18.030000686645508,38300
2004-04-01,18.200000762939453,18.34000015258789,18.010000228881836,18.170000076293945,18.170000076293945,65600
2004-04-02,18.399999618530273,18.399999618530273,18.110000610351562,18.270000457763672,18.270000457763672,41500
2004-04-05,18.1299991607666,18.389999389648438,17.959999084472656,18.360000610351562,18.360000610351562,196100
2004-04-06,18.260000228881836,18.68000030517578,18.219999313354492,18.469999313354492,18.469999313354492,85100
2004-04-07,18.469999313354492,18.549999237060547,17.729999542236328,18.40999984741211,18.40999984741211,67200
2004-04-08,18.420000076293945,18.940000534057617,18.420000076293945,18.760000228881836,18.760000228881836,76100
2004-04-12,18.780000686645508,18.889999389648438,18.510000228881836,18.600000381469727,18.600000381469727,12800
2004-04-13,18.860000610351562,18.860000610351562,18.25,18.540000915527344,18.540000915527344,29300
2004-04-14,18.510000228881836,19.010000228881836,18.5,19.010000228881836,19.010000228881836,30100
2004-04-15,18.8799991607666,19.100000381469727,18.5,19.100000381469727,19.100000381469727,55900
2004-04-16,18.979999542236328,19.149999618530273,18.59000015258789,18.59000015258789,18.59000015258789,18000
2004-04-19,18.5,18.969999313354492,18.09000015258789,18.709999084472656,18.709999084472656,33700
2004-04-20,18.780000686645508,19.219999313354492,18.549999237060547,18.709999084472656,18.709999084472656,73100
2004-04-21,18.309999465942383,18.770000457763672,18.149999618530273,18.6200008392334,18.6200008392334,116000
2004-04-22,18.450000762939453,18.84000015258789,18.450000762939453,18.600000381469727,18.600000381469727,26400
2004-04-23,18.690000534057617,18.690000534057617,18.290000915527344,18.510000228881836,18.510000228881836,54800
2004-04-26,18.399999618530273,18.600000381469727,18.3799991607666,18.579999923706055,18.579999923706055,37600
2004-04-27,18.450000762939453,18.600000381469727,18.260000228881836,18.5,18.5,36500
2004-04-28,18.290000915527344,18.290000915527344,17.59000015258789,17.799999237060547,17.799999237060547,61700
2004-04-29,17.809999465942383,17.809999465942383,17.270000457763672,17.270000457763672,17.270000457763672,38200
2004-04-30,17.270000457763672,17.829999923706055,17.06999969482422,17.600000381469727,17.600000381469727,23900
2004-05-03,17.850000381469727,17.850000381469727,17.0,17.09000015258789,17.09000015258789,79100
2004-05-04,16.979999542236328,17.25,16.860000610351562,17.15999984741211,17.15999984741211,32500
2004-05-05,16.829999923706055,17.219999313354492,16.670000076293945,16.989999771118164,16.989999771118164,55500
2004-05-06,17.18000030517578,17.18000030517578,15.819999694824219,15.989999771118164,15.989999771118164,60200
2004-05-07,15.8100004196167,16.040000915527344,15.569999694824219,15.649999618530273,15.649999618530273,61800
2004-05-10,15.699999809265137,15.989999771118164,15.600000381469727,15.699999809265137,15.699999809265137,32400
2004-05-11,15.829999923706055,15.899999618530273,15.600000381469727,15.770000457763672,15.770000457763672,49500
2004-05-12,15.649999618530273,16.18000030517578,15.649999618530273,16.079999923706055,16.079999923706055,46700
2004-05-13,15.649999618530273,16.079999923706055,15.649999618530273,16.020000457763672,16.020000457763672,17800
2004-05-14,16.0,16.0,15.600000381469727,15.600000381469727,15.600000381469727,41900
2004-05-17,15.600000381469727,16.0,15.600000381469727,16.0,16.0,61400
2004-05-18,16.0,16.15999984741211,15.819999694824219,16.100000381469727,16.100000381469727,52600
2004-05-19,16.190000534057617,16.200000762939453,15.600000381469727,15.600000381469727,15.600000381469727,18500
2004-05-20,15.600000381469727,15.880000114440918,15.40999984741211,15.40999984741211,15.40999984741211,40500
2004-05-21,15.520000457763672,15.819999694824219,15.079999923706055,15.649999618530273,15.649999618530273,56100
2004-05-24,15.84000015258789,15.850000381469727,15.420000076293945,15.420000076293945,15.420000076293945,47100
2004-05-25,15.390000343322754,15.520000457763672,15.25,15.270000457763672,15.270000457763672,72800
2004-05-26,15.5,15.5,15.199999809265137,15.199999809265137,15.199999809265137,55000
2004-05-27,16.020000457763672,16.09000015258789,15.34000015258789,15.710000038146973,15.710000038146973,113300
2004-05-28,15.779999732971191,15.989999771118164,15.619999885559082,15.670000076293945,15.670000076293945,95800
2004-06-01,15.649999618530273,16.020000457763672,15.649999618530273,15.899999618530273,15.899999618530273,61600
2004-06-02,15.699999809265137,16.0,15.699999809265137,15.9399995803833,15.9399995803833,81700
2004-06-03,16.0,16.0,15.65999984741211,15.6899995803833,15.6899995803833,73100
2004-06-04,15.819999694824219,16.389999389648438,15.649999618530273,15.930000305175781,15.930000305175781,71100
2004-06-07,16.110000610351562,16.31999969482422,15.859999656677246,16.31999969482422,16.31999969482422,16500
2004-06-08,16.260000228881836,16.610000610351562,16.1299991607666,16.59000015258789,16.59000015258789,25700
2004-06-09,16.579999923706055,16.600000381469727,16.229999542236328,16.40999984741211,16.40999984741211,36000
2004-06-10,16.270000457763672,16.399999618530273,15.859999656677246,15.90999984741211,15.90999984741211,69600
2004-06-14,16.1299991607666,16.270000457763672,15.720000267028809,15.920000076293945,15.920000076293945,98000
2004-06-15,15.960000038146973,16.459999084472656,15.960000038146973,16.219999313354492,16.219999313354492,63600
2004-06-16,16.299999237060547,16.420000076293945,16.200000762939453,16.229999542236328,16.229999542236328,19800
2004-06-17,16.389999389648438,16.389999389648438,16.020000457763672,16.190000534057617,16.190000534057617,13500
2004-06-18,16.280000686645508,16.440000534057617,15.920000076293945,16.030000686645508,16.030000686645508,44800
2004-06-21,16.25,16.31999969482422,15.899999618530273,16.06999969482422,16.06999969482422,17500
2004-06-22,15.960000038146973,16.299999237060547,15.949999809265137,16.1299991607666,16.1299991607666,10200
2004-06-23,16.270000457763672,16.280000686645508,15.989999771118164,16.049999237060547,16.049999237060547,43800
2004-06-24,16.1299991607666,16.489999771118164,16.1299991607666,16.229999542236328,16.229999542236328,52400
2004-06-25,16.3799991607666,16.709999084472656,16.139999389648438,16.209999084472656,16.209999084472656,150000
2004-06-28,16.31999969482422,17.040000915527344,16.280000686645508,16.709999084472656,16.709999084472656,60600
2004-06-29,16.93000030517578,17.450000762939453,16.75,17.25,17.25,50900
2004-06-30,17.170000076293945,17.43000030517578,16.969999313354492,17.09000015258789,17.09000015258789,25000
2004-07-01,17.040000915527344,17.219999313354492,16.899999618530273,17.040000915527344,17.040000915527344,33000
2004-07-02,16.90999984741211,17.149999618530273,16.899999618530273,17.0,17.0,12800
2004-07-06,17.18000030517578,17.18000030517578,16.8799991607666,17.079999923706055,17.079999923706055,43200
2004-07-07,17.06999969482422,17.18000030517578,16.959999084472656,17.0,17.0,27800
2004-07-08,16.989999771118164,17.1299991607666,16.770000457763672,16.770000457763672,16.770000457763672,40300
2004-07-09,16.93000030517578,17.010000228881836,16.690000534057617,16.809999465942383,16.809999465942383,28300
2004-07-12,16.940000534057617,17.079999923706055,16.93000030517578,17.010000228881836,17.010000228881836,16400
2004-07-13,16.959999084472656,17.100000381469727,16.959999084472656,17.049999237060547,17.049999237060547,17600
2004-07-14,17.020000457763672,17.049999237060547,16.979999542236328,17.030000686645508,17.030000686645508,48300
2004-07-15,17.0,17.110000610351562,16.989999771118164,17.0,17.0,10600
2004-07-16,17.0,17.100000381469727,16.81999969482422,16.920000076293945,16.920000076293945,67900
2004-07-19,16.8799991607666,17.020000457763672,16.5,16.549999237060547,16.549999237060547,74600
2004-07-20,16.799999237060547,17.219999313354492,16.510000228881836,17.219999313354492,17.219999313354492,54800
2004-07-21,17.25,17.3700008392334,16.299999237060547,16.399999618530273,16.399999618530273,73600
2004-07-22,16.489999771118164,17.06999969482422,16.360000610351562,16.90999984741211,16.90999984741211,31300
2004-07-23,16.959999084472656,16.959999084472656,16.600000381469727,16.600000381469727,16.600000381469727,24300
2004-07-26,16.5,16.780000686645508,16.399999618530273,16.6299991607666,16.6299991607666,31000
2004-07-27,16.43000030517578,17.450000762939453,16.43000030517578,17.450000762939453,17.450000762939453,33700
2004-07-28,17.440000534057617,17.440000534057617,16.709999084472656,17.280000686645508,17.280000686645508,66100
2004-07-29,17.270000457763672,17.75,16.989999771118164,17.739999771118164,17.739999771118164,64000
2004-07-30,17.559999465942383,17.81999969482422,17.389999389648438,17.68000030517578,17.68000030517578,13700
2004-08-02,18.0,18.200000762939453,17.25,17.899999618530273,17.899999618530273,77300
2004-08-03,18.09000015258789,18.1299991607666,17.8700008392334,18.0,18.0,57500
2004-08-04,17.899999618530273,18.350000381469727,17.809999465942383,18.280000686645508,18.280000686645508,48200
2004-08-05,18.200000762939453,19.270000457763672,18.0,18.850000381469727,18.850000381469727,282100
2004-08-06,18.700000762939453,19.65999984741211,18.700000762939453,18.979999542236328,18.979999542236328,182300
2004-08-09,19.25,19.5,18.90999984741211,18.950000762939453,18.950000762939453,114500
2004-08-10,19.25,19.5,18.90999984741211,19.25,19.25,82700
2004-08-11,19.010000228881836,20.190000534057617,18.90999984741211,19.8700008392334,19.8700008392334,150900
2004-08-12,19.860000610351562,20.0,18.850000381469727,19.6299991607666,19.6299991607666,108500
2004-08-13,19.790000915527344,19.90999984741211,19.690000534057617,19.75,19.75,43000
2004-08-16,19.889999389648438,20.0,19.479999542236328,19.579999923706055,19.579999923706055,61400
2004-08-17,19.639999389648438,19.700000762939453,19.31999969482422,19.559999465942383,19.559999465942383,153900
2004-08-18,19.450000762939453,19.600000381469727,19.260000228881836,19.600000381469727,19.600000381469727,32300
2004-08-19,19.579999923706055,19.6299991607666,19.190000534057617,19.389999389648438,19.389999389648438,111800
2004-08-20,19.520000457763672,19.530000686645508,19.280000686645508,19.329999923706055,19.329999923706055,69900
2004-08-23,19.579999923706055,19.579999923706055,18.93000030517578,19.0,19.0,34200
2004-08-24,19.5,19.540000915527344,19.040000915527344,19.1200008392334,19.1200008392334,28500
2004-08-25,18.969999313354492,19.5,18.969999313354492,19.5,19.5,47200
2004-08-26,19.420000076293945,19.709999084472656,19.15999984741211,19.420000076293945,19.420000076293945,37900
2004-08-27,19.450000762939453,20.0,19.450000762939453,19.950000762939453,19.950000762939453,26600
2004-08-30,19.81999969482422,19.93000030517578,19.0,19.18000030517578,19.18000030517578,27700
2004-08-31,19.5,19.889999389648438,19.18000030517578,19.5,19.5,33800
2004-09-01,19.649999618530273,20.43000030517578,19.06999969482422,19.25,19.25,66600
2004-09-02,19.18000030517578,19.540000915527344,19.079999923706055,19.34000015258789,19.34000015258789,22700
2004-09-03,19.350000381469727,19.6299991607666,19.09000015258789,19.280000686645508,19.280000686645508,24400
2004-09-07,19.190000534057617,19.940000534057617,19.15999984741211,19.75,19.75,51300
2004-09-08,19.799999237060547,20.489999771118164,19.700000762939453,20.34000015258789,20.34000015258789,51200
2004-09-09,20.5,20.5,19.6299991607666,19.959999084472656,19.959999084472656,46900
2004-09-10,19.770000457763672,20.09000015258789,19.420000076293945,19.579999923706055,19.579999923706055,44100
2004-09-13,19.760000228881836,20.1200008392334,19.739999771118164,19.790000915527344,19.790000915527344,65900
2004-09-14,20.09000015258789,20.479999542236328,19.649999618530273,20.299999237060547,20.299999237060547,31900
2004-09-15,20.299999237060547,20.360000610351562,19.850000381469727,19.940000534057617,19.940000534057617,85800
2004-09-16,20.030000686645508,20.290000915527344,19.75,20.079999923706055,20.079999923706055,49500
2004-09-17,20.280000686645508,20.6200008392334,19.719999313354492,19.979999542236328,19.979999542236328,54000
2004-09-20,20.040000915527344,20.489999771118164,19.850000381469727,20.299999237060547,20.299999237060547,94800
2004-09-21,20.290000915527344,20.360000610351562,19.809999465942383,19.940000534057617,19.940000534057617,70200
2004-09-22,19.889999389648438,19.920000076293945,19.600000381469727,19.600000381469727,19.600000381469727,20800
2004-09-23,19.510000228881836,19.780000686645508,19.399999618530273,19.399999618530273,19.399999618530273,18500
2004-09-24,19.549999237060547,19.790000915527344,19.3799991607666,19.420000076293945,19.420000076293945,13700
2004-09-27,19.40999984741211,19.450000762939453,19.040000915527344,19.239999771118164,19.239999771118164,66600
2004-09-28,19.209999084472656,19.450000762939453,19.15999984741211,19.440000534057617,19.440000534057617,12300
2004-09-29,19.389999389648438,19.5,19.299999237060547,19.5,19.5,41300
2004-09-30,19.459999084472656,19.459999084472656,18.639999389648438,19.31999969482422,19.31999969482422,116300
2004-10-01,19.209999084472656,20.440000534057617,19.059999465942383,20.40999984741211,20.40999984741211,52800
2004-10-04,20.489999771118164,20.489999771118164,19.34000015258789,19.690000534057617,19.690000534057617,29400
2004-10-05,19.709999084472656,20.3700008392334,19.700000762939453,20.360000610351562,20.360000610351562,17900
2004-10-06,16.139999389648438,19.399999618530273,16.100000381469727,18.5,18.5,393300
2004-10-07,18.510000228881836,18.739999771118164,17.15999984741211,17.690000534057617,17.690000534057617,354500
2004-10-08,17.549999237060547,17.549999237060547,17.0,17.299999237060547,17.299999237060547,101100
2004-10-11,17.450000762939453,17.56999969482422,17.209999084472656,17.459999084472656,17.459999084472656,26500
2004-10-12,17.43000030517578,17.850000381469727,17.190000534057617,17.84000015258789,17.84000015258789,34300
2004-10-13,17.889999389648438,17.889999389648438,17.3700008392334,17.399999618530273,17.399999618530273,31300
2004-10-14,17.270000457763672,17.719999313354492,17.06999969482422,17.389999389648438,17.389999389648438,27300
2004-10-15,17.549999237060547,18.309999465942383,17.549999237060547,18.010000228881836,18.010000228881836,45800
2004-10-18,18.020000457763672,18.389999389648438,18.0,18.389999389648438,18.389999389648438,30800
2004-10-19,18.1299991607666,18.280000686645508,16.790000915527344,17.149999618530273,17.149999618530273,139800
2004-10-20,17.649999618530273,17.649999618530273,17.290000915527344,17.600000381469727,17.600000381469727,34300
2004-10-21,17.610000610351562,17.610000610351562,16.790000915527344,17.25,17.25,83900
2004-10-22,17.440000534057617,17.729999542236328,16.6299991607666,16.6299991607666,16.6299991607666,38000
2004-10-25,16.81999969482422,17.239999771118164,16.690000534057617,16.780000686645508,16.780000686645508,31300
2004-10-26,16.790000915527344,17.0,16.520000457763672,16.920000076293945,16.920000076293945,53400
2004-10-27,16.950000762939453,17.0,16.549999237060547,16.950000762939453,16.950000762939453,49500
2004-10-28,16.8799991607666,17.15999984741211,16.799999237060547,16.950000762939453,16.950000762939453,25900
2004-10-29,16.93000030517578,17.350000381469727,16.770000457763672,17.31999969482422,17.31999969482422,25800
2004-11-01,17.139999389648438,17.40999984741211,16.81999969482422,17.059999465942383,17.059999465942383,57800
2004-11-02,16.8799991607666,17.34000015258789,16.65999984741211,16.65999984741211,16.65999984741211,37100
2004-11-03,16.93000030517578,17.360000610351562,16.90999984741211,17.31999969482422,17.31999969482422,92300
2004-11-04,17.030000686645508,17.850000381469727,17.030000686645508,17.850000381469727,17.850000381469727,28600
2004-11-05,17.8799991607666,18.25,17.65999984741211,18.040000915527344,18.040000915527344,69000
2004-11-08,17.989999771118164,18.34000015258789,17.959999084472656,18.34000015258789,18.34000015258789,49800
2004-11-09,18.190000534057617,18.239999771118164,17.690000534057617,18.0,18.0,67800
2004-11-10,18.0,18.459999084472656,17.959999084472656,18.15999984741211,18.15999984741211,67300
2004-11-11,18.270000457763672,18.8700008392334,18.270000457763672,18.84000015258789,18.84000015258789,29600
2004-11-12,18.760000228881836,19.0,18.440000534057617,19.0,19.0,48100
2004-11-15,19.0,19.0,18.729999542236328,18.899999618530273,18.899999618530273,28400
2004-11-16,18.770000457763672,18.860000610351562,18.729999542236328,18.829999923706055,18.829999923706055,43000
2004-11-17,18.940000534057617,19.0,18.530000686645508,18.770000457763672,18.770000457763672,45300
2004-11-18,18.84000015258789,18.969999313354492,18.65999984741211,18.770000457763672,18.770000457763672,128600
2004-11-19,18.68000030517578,18.799999237060547,18.469999313354492,18.510000228881836,18.510000228881836,42600
2004-11-22,18.540000915527344,19.0,18.459999084472656,19.0,19.0,23900
2004-11-23,19.049999237060547,19.049999237060547,18.450000762939453,19.0,19.0,69100
2004-11-24,19.020000457763672,19.15999984741211,18.829999923706055,19.079999923706055,19.079999923706055,31800
2004-11-26,19.239999771118164,19.239999771118164,19.06999969482422,19.219999313354492,19.219999313354492,2000
2004-11-29,19.25,19.709999084472656,18.989999771118164,19.450000762939453,19.450000762939453,39100
2004-11-30,19.6299991607666,19.6299991607666,19.049999237060547,19.219999313354492,19.219999313354492,30300
2004-12-01,19.079999923706055,19.5,19.079999923706055,19.399999618530273,19.399999618530273,72000
2004-12-02,19.5,19.5,18.950000762939453,19.010000228881836,19.010000228881836,25500
2004-12-03,18.969999313354492,19.18000030517578,18.8700008392334,18.8700008392334,18.8700008392334,31200
2004-12-06,18.940000534057617,19.18000030517578,18.8799991607666,18.8799991607666,18.8799991607666,28200
2004-12-07,19.1200008392334,19.1200008392334,18.40999984741211,18.40999984741211,18.40999984741211,19900
2004-12-08,18.40999984741211,18.75,18.40999984741211,18.670000076293945,18.670000076293945,34000
2004-12-09,18.520000457763672,18.59000015258789,18.31999969482422,18.459999084472656,18.459999084472656,10300
2004-12-10,18.299999237060547,18.93000030517578,18.299999237060547,18.75,18.75,50600
2004-12-13,18.90999984741211,19.350000381469727,18.829999923706055,19.040000915527344,19.040000915527344,92000
2004-12-14,19.1200008392334,19.469999313354492,18.969999313354492,19.350000381469727,19.350000381469727,54000
2004-12-15,19.469999313354492,19.59000015258789,19.020000457763672,19.559999465942383,19.559999465942383,65700
2004-12-16,19.360000610351562,19.690000534057617,19.010000228881836,19.56999969482422,19.56999969482422,37000
2004-12-17,19.700000762939453,19.719999313354492,19.399999618530273,19.489999771118164,19.489999771118164,63700
2004-12-20,19.350000381469727,19.530000686645508,18.940000534057617,19.360000610351562,19.360000610351562,10700
2004-12-21,19.440000534057617,19.790000915527344,19.420000076293945,19.719999313354492,19.719999313354492,9900
2004-12-22,19.670000076293945,20.0,19.670000076293945,19.969999313354492,19.969999313354492,20900
2004-12-23,20.0,20.299999237060547,19.889999389648438,20.299999237060547,20.299999237060547,21000
2004-12-27,20.309999465942383,20.31999969482422,19.950000762939453,19.969999313354492,19.969999313354492,7700
2004-12-28,20.0,20.639999389648438,20.0,20.3799991607666,20.3799991607666,23600
2004-12-29,20.469999313354492,20.93000030517578,20.459999084472656,20.770000457763672,20.770000457763672,18800
2004-12-30,20.799999237060547,21.0,20.760000228881836,20.81999969482422,20.81999969482422,36500
2004-12-31,20.989999771118164,20.989999771118164,20.81999969482422,20.81999969482422,20.81999969482422,9300
2005-01-03,20.790000915527344,20.920000076293945,20.479999542236328,20.6200008392334,20.6200008392334,28400
2005-01-04,20.549999237060547,20.829999923706055,19.93000030517578,20.059999465942383,20.059999465942383,39300
2005-01-05,19.920000076293945,20.149999618530273,19.200000762939453,19.260000228881836,19.260000228881836,46500
2005-01-06,19.200000762939453,19.84000015258789,19.149999618530273,19.5,19.5,21400
2005-01-07,19.690000534057617,19.700000762939453,18.940000534057617,18.940000534057617,18.940000534057617,17600
2005-01-10,19.209999084472656,19.700000762939453,18.93000030517578,19.510000228881836,19.510000228881836,16100
2005-01-11,19.350000381469727,19.350000381469727,19.0,19.010000228881836,19.010000228881836,14800
2005-01-12,19.030000686645508,19.18000030517578,18.809999465942383,19.010000228881836,19.010000228881836,34400
2005-01-13,19.329999923706055,19.360000610351562,18.850000381469727,18.850000381469727,18.850000381469727,27500
2005-01-14,18.989999771118164,19.450000762939453,18.940000534057617,19.3799991607666,19.3799991607666,17700
2005-01-18,19.520000457763672,20.0,19.260000228881836,19.860000610351562,19.860000610351562,44600
2005-01-19,19.690000534057617,19.90999984741211,18.809999465942383,18.81999969482422,18.81999969482422,49800
2005-01-20,18.799999237060547,19.209999084472656,18.799999237060547,19.079999923706055,19.079999923706055,26000
2005-01-21,19.280000686645508,19.350000381469727,18.6200008392334,18.84000015258789,18.84000015258789,33800
2005-01-24,18.59000015258789,18.90999984741211,18.549999237060547,18.670000076293945,18.670000076293945,11100
2005-01-25,18.549999237060547,18.799999237060547,18.549999237060547,18.559999465942383,18.559999465942383,7100
2005-01-26,19.200000762939453,20.43000030517578,19.200000762939453,20.270000457763672,20.270000457763672,84700
2005-01-27,20.459999084472656,20.579999923706055,20.209999084472656,20.31999969482422,20.31999969482422,40000
2005-01-28,20.389999389648438,20.469999313354492,20.010000228881836,20.399999618530273,20.399999618530273,34100
2005-01-31,20.530000686645508,20.760000228881836,20.290000915527344,20.75,20.75,32400
2005-02-01,20.559999465942383,20.920000076293945,20.520000457763672,20.59000015258789,20.59000015258789,19400
2005-02-02,20.920000076293945,21.34000015258789,20.530000686645508,20.75,20.75,45800
2005-02-03,20.950000762939453,20.950000762939453,20.270000457763672,20.850000381469727,20.850000381469727,39700
2005-02-04,20.649999618530273,20.8700008392334,20.649999618530273,20.860000610351562,20.860000610351562,18600
2005-02-07,20.6299991607666,21.049999237060547,20.239999771118164,21.049999237060547,21.049999237060547,35300
2005-02-08,20.84000015258789,21.5,20.600000381469727,21.360000610351562,21.360000610351562,39700
2005-02-09,21.579999923706055,21.579999923706055,21.0,21.329999923706055,21.329999923706055,18100
2005-02-10,21.270000457763672,21.489999771118164,20.639999389648438,20.899999618530273,20.899999618530273,17700
2005-02-11,20.75,21.270000457763672,20.65999984741211,21.270000457763672,21.270000457763672,23900
2005-02-14,21.280000686645508,21.280000686645508,20.729999542236328,20.860000610351562,20.860000610351562,30200
2005-02-15,20.709999084472656,21.0,20.700000762939453,20.799999237060547,20.799999237060547,29000
2005-02-16,20.889999389648438,21.489999771118164,20.8799991607666,21.43000030517578,21.43000030517578,23100
2005-02-17,21.309999465942383,21.309999465942383,19.59000015258789,20.25,20.25,117800
2005-02-18,20.350000381469727,20.389999389648438,19.690000534057617,20.260000228881836,20.260000228881836,86200
2005-02-22,19.84000015258789,19.989999771118164,19.15999984741211,19.190000534057617,19.190000534057617,28900
2005-02-23,19.489999771118164,19.920000076293945,19.489999771118164,19.780000686645508,19.780000686645508,45800
2005-02-24,19.81999969482422,19.829999923706055,19.299999237060547,19.829999923706055,19.829999923706055,27400
2005-02-25,19.8700008392334,20.489999771118164,19.760000228881836,20.479999542236328,20.479999542236328,15300
2005-02-28,20.6200008392334,20.8799991607666,20.270000457763672,20.700000762939453,20.700000762939453,33200
2005-03-01,20.68000030517578,20.959999084472656,20.68000030517578,20.8700008392334,20.8700008392334,13200
2005-03-02,21.18000030517578,21.209999084472656,20.459999084472656,21.1200008392334,21.1200008392334,59000
2005-03-03,21.239999771118164,21.5,20.969999313354492,21.270000457763672,21.270000457763672,28900
2005-03-04,21.5,21.549999237060547,21.299999237060547,21.489999771118164,21.489999771118164,34200
2005-03-07,21.56999969482422,21.639999389648438,21.329999923706055,21.5,21.5,13200
2005-03-08,21.649999618530273,21.649999618530273,21.350000381469727,21.389999389648438,21.389999389648438,43000
2005-03-09,21.520000457763672,21.6200008392334,21.15999984741211,21.15999984741211,21.15999984741211,19400
2005-03-10,21.5,21.5,21.260000228881836,21.360000610351562,21.360000610351562,17400
2005-03-11,21.170000076293945,21.389999389648438,20.579999923706055,20.729999542236328,20.729999542236328,18000
2005-03-14,20.889999389648438,21.31999969482422,20.719999313354492,21.31999969482422,21.31999969482422,38800
2005-03-15,21.399999618530273,21.5,20.90999984741211,20.969999313354492,20.969999313354492,22400
2005-03-16,20.979999542236328,21.600000381469727,20.889999389648438,21.280000686645508,21.280000686645508,39000
2005-03-17,21.56999969482422,21.56999969482422,20.899999618530273,21.239999771118164,21.239999771118164,29500
2005-03-18,21.469999313354492,21.469999313354492,19.75,20.1200008392334,20.1200008392334,120800
2005-03-21,20.190000534057617,20.479999542236328,19.899999618530273,19.90999984741211,19.90999984741211,28100
2005-03-22,19.90999984741211,20.229999542236328,19.229999542236328,19.229999542236328,19.229999542236328,60200
2005-03-23,18.049999237060547,18.049999237060547,16.389999389648438,16.809999465942383,16.809999465942383,217100
2005-03-24,16.559999465942383,16.940000534057617,16.09000015258789,16.190000534057617,16.190000534057617,256400
2005-03-28,16.3700008392334,17.200000762939453,16.049999237060547,16.90999984741211,16.90999984741211,176100
2005-03-29,17.079999923706055,17.15999984741211,16.75,17.139999389648438,17.139999389648438,71400
2005-03-30,17.100000381469727,17.389999389648438,17.0,17.25,17.25,39000
2005-03-31,17.299999237060547,17.700000762939453,17.219999313354492,17.600000381469727,17.600000381469727,300200
2005-04-01,17.389999389648438,17.780000686645508,17.100000381469727,17.639999389648438,17.639999389648438,145100
2005-04-04,17.770000457763672,18.010000228881836,17.299999237060547,17.649999618530273,17.649999618530273,61100
2005-04-05,17.690000534057617,17.690000534057617,17.260000228881836,17.450000762939453,17.450000762939453,186500
2005-04-06,17.549999237060547,18.1299991607666,17.549999237060547,17.670000076293945,17.670000076293945,50300
2005-04-07,17.940000534057617,18.010000228881836,17.709999084472656,17.709999084472656,17.709999084472656,68100
2005-04-08,17.610000610351562,17.670000076293945,16.579999923706055,16.65999984741211,16.65999984741211,34500
2005-04-11,16.700000762939453,17.09000015258789,16.700000762939453,16.850000381469727,16.850000381469727,32300
2005-04-12,16.93000030517578,17.290000915527344,16.690000534057617,16.969999313354492,16.969999313354492,54400
2005-04-13,17.06999969482422,17.06999969482422,16.700000762939453,16.799999237060547,16.799999237060547,32400
2005-04-14,16.889999389648438,16.889999389648438,16.350000381469727,16.360000610351562,16.360000610351562,31600
2005-04-15,16.469999313354492,16.8799991607666,16.149999618530273,16.15999984741211,16.15999984741211,27000
2005-04-18,16.280000686645508,16.440000534057617,16.030000686645508,16.149999618530273,16.149999618530273,19200
2005-04-19,16.100000381469727,16.479999542236328,15.960000038146973,16.389999389648438,16.389999389648438,49000
2005-04-20,16.5,16.5,15.520000457763672,15.600000381469727,15.600000381469727,34900
2005-04-21,15.529999732971191,16.989999771118164,15.420000076293945,15.630000114440918,15.630000114440918,76500
2005-04-22,15.630000114440918,15.75,14.020000457763672,14.140000343322754,14.140000343322754,138700
2005-04-25,14.350000381469727,14.350000381469727,14.0,14.029999732971191,14.029999732971191,87300
2005-04-26,14.100000381469727,14.100000381469727,13.609999656677246,13.640000343322754,13.640000343322754,57200
2005-04-27,13.600000381469727,13.710000038146973,13.199999809265137,13.489999771118164,13.489999771118164,91600
2005-04-28,13.569999694824219,13.699999809265137,13.270000457763672,13.319999694824219,13.319999694824219,182300
2005-04-29,13.579999923706055,13.579999923706055,13.220000267028809,13.420000076293945,13.420000076293945,32800
2005-05-02,13.489999771118164,13.59000015258789,13.210000038146973,13.59000015258789,13.59000015258789,47200
2005-05-03,13.609999656677246,13.65999984741211,13.170000076293945,13.380000114440918,13.380000114440918,64500
2005-05-04,13.550000190734863,13.789999961853027,13.289999961853027,13.789999961853027,13.789999961853027,72800
2005-05-05,13.84000015258789,14.0,13.59000015258789,13.960000038146973,13.960000038146973,81500
2005-05-06,14.199999809265137,14.199999809265137,13.800000190734863,13.960000038146973,13.960000038146973,65600
2005-05-09,14.069999694824219,14.109999656677246,13.859999656677246,14.100000381469727,14.100000381469727,56400
2005-05-10,14.100000381469727,14.100000381469727,13.5,13.640000343322754,13.640000343322754,37800
2005-05-11,13.529999732971191,13.890000343322754,13.529999732971191,13.670000076293945,13.670000076293945,88100
2005-05-12,13.649999618530273,13.84000015258789,13.399999618530273,13.630000114440918,13.630000114440918,61900
2005-05-13,13.680000305175781,13.680000305175781,13.5,13.579999923706055,13.579999923706055,75700
2005-05-16,13.75,14.850000381469727,13.75,14.619999885559082,14.619999885559082,91000
2005-05-17,14.800000190734863,14.800000190734863,14.140000343322754,14.25,14.25,217200
2005-05-18,14.5,14.569999694824219,14.270000457763672,14.529999732971191,14.529999732971191,86100
2005-05-19,14.550000190734863,14.550000190734863,14.180000305175781,14.270000457763672,14.270000457763672,22700
2005-05-20,14.399999618530273,14.489999771118164,14.300000190734863,14.4399995803833,14.4399995803833,47800
2005-05-23,14.630000114440918,14.630000114440918,14.34000015258789,14.449999809265137,14.449999809265137,71300
2005-05-24,14.5,14.5,14.220000267028809,14.350000381469727,14.350000381469727,53400
2005-05-25,14.4399995803833,14.4399995803833,13.779999732971191,13.779999732971191,13.779999732971191,25900
2005-05-26,13.960000038146973,14.109999656677246,13.770000457763672,13.989999771118164,13.989999771118164,18500
2005-05-27,14.079999923706055,14.100000381469727,13.819999694824219,13.989999771118164,13.989999771118164,46200
2005-05-31,14.119999885559082,14.119999885559082,13.869999885559082,13.880000114440918,13.880000114440918,90800
2005-06-01,13.989999771118164,14.210000038146973,13.869999885559082,14.039999961853027,14.039999961853027,41000
2005-06-02,14.029999732971191,14.170000076293945,14.0,14.119999885559082,14.119999885559082,26000
2005-06-03,14.029999732971191,14.09000015258789,13.930000305175781,14.039999961853027,14.039999961853027,36000
2005-06-06,14.170000076293945,14.170000076293945,13.75,13.90999984741211,13.90999984741211,92200
2005-06-07,13.9399995803833,13.970000267028809,13.170000076293945,13.199999809265137,13.199999809265137,205900
2005-06-08,12.699999809265137,12.699999809265137,11.979999542236328,12.300000190734863,12.300000190734863,361000
2005-06-09,12.319999694824219,12.430000305175781,12.039999961853027,12.149999618530273,12.149999618530273,98500
2005-06-10,12.180000305175781,12.180000305175781,11.75,11.960000038146973,11.960000038146973,99700
2005-06-13,11.739999771118164,12.09000015258789,11.649999618530273,12.039999961853027,12.039999961853027,101600
2005-06-14,12.039999961853027,12.350000381469727,12.039999961853027,12.34000015258789,12.34000015258789,68500
2005-06-15,12.350000381469727,12.350000381469727,12.050000190734863,12.319999694824219,12.319999694824219,120400
2005-06-16,12.319999694824219,12.380000114440918,12.1899995803833,12.270000457763672,12.270000457763672,31800
2005-06-17,12.449999809265137,12.579999923706055,12.199999809265137,12.529999732971191,12.529999732971191,81700
2005-06-20,12.5600004196167,12.5600004196167,12.25,12.319999694824219,12.319999694824219,35000
2005-06-21,12.239999771118164,12.59000015258789,11.9399995803833,12.460000038146973,12.460000038146973,238700
2005-06-22,12.539999961853027,12.949999809265137,12.539999961853027,12.9399995803833,12.9399995803833,65600
2005-06-23,11.649999618530273,12.470000267028809,10.75,12.220000267028809,12.220000267028809,689500
2005-06-24,12.199999809265137,12.899999618530273,12.069999694824219,12.550000190734863,12.550000190734863,188300
2005-06-27,12.550000190734863,12.729999542236328,12.420000076293945,12.449999809265137,12.449999809265137,99000
2005-06-28,12.479999542236328,12.800000190734863,12.300000190734863,12.720000267028809,12.720000267028809,47900
2005-06-29,12.75,12.869999885559082,12.710000038146973,12.84000015258789,12.84000015258789,85200
2005-06-30,12.869999885559082,13.289999961853027,12.829999923706055,13.199999809265137,13.199999809265137,62800
2005-07-01,13.229999542236328,13.720000267028809,13.119999885559082,13.5600004196167,13.5600004196167,107700
2005-07-05,13.529999732971191,13.920000076293945,13.479999542236328,13.920000076293945,13.920000076293945,50700
2005-07-06,13.84000015258789,13.84000015258789,13.680000305175781,13.720000267028809,13.720000267028809,40700
2005-07-07,13.59000015258789,13.779999732971191,13.59000015258789,13.75,13.75,59100
2005-07-08,13.75,14.180000305175781,13.670000076293945,14.180000305175781,14.180000305175781,124500
2005-07-11,14.210000038146973,14.779999732971191,14.210000038146973,14.770000457763672,14.770000457763672,47900
2005-07-12,14.800000190734863,14.949999809265137,14.670000076293945,14.84000015258789,14.84000015258789,51900
2005-07-13,14.850000381469727,14.899999618530273,14.489999771118164,14.5,14.5,41300
2005-07-14,14.710000038146973,14.899999618530273,14.210000038146973,14.489999771118164,14.489999771118164,88500
2005-07-15,14.329999923706055,14.550000190734863,14.260000228881836,14.319999694824219,14.319999694824219,53100
2005-07-18,14.460000038146973,14.470000267028809,14.180000305175781,14.289999961853027,14.289999961853027,50300
2005-07-19,14.239999771118164,14.239999771118164,13.699999809265137,13.720000267028809,13.720000267028809,70200
2005-07-20,13.649999618530273,14.300000190734863,13.649999618530273,14.199999809265137,14.199999809265137,63500
2005-07-21,14.239999771118164,14.600000381469727,14.210000038146973,14.34000015258789,14.34000015258789,100000
2005-07-22,14.369999885559082,14.430000305175781,14.199999809265137,14.359999656677246,14.359999656677246,38000
2005-07-25,14.199999809265137,14.260000228881836,13.380000114440918,13.710000038146973,13.710000038146973,103300
2005-07-26,13.699999809265137,13.920000076293945,13.149999618530273,13.15999984741211,13.15999984741211,133800
2005-07-27,13.170000076293945,13.380000114440918,13.170000076293945,13.300000190734863,13.300000190734863,92900
2005-07-28,13.430000305175781,13.920000076293945,13.430000305175781,13.890000343322754,13.890000343322754,30300
2005-07-29,13.979999542236328,14.050000190734863,13.40999984741211,13.5,13.5,23900
2005-08-01,13.649999618530273,13.949999809265137,13.649999618530273,13.920000076293945,13.920000076293945,42100
2005-08-02,14.15999984741211,14.15999984741211,13.819999694824219,14.050000190734863,14.050000190734863,39500
2005-08-03,14.010000228881836,14.069999694824219,13.800000190734863,13.979999542236328,13.979999542236328,82000
2005-08-04,13.899999618530273,13.979999542236328,13.460000038146973,13.460000038146973,13.460000038146973,30000
2005-08-05,13.4399995803833,13.789999961853027,13.4399995803833,13.569999694824219,13.569999694824219,43500
2005-08-08,13.670000076293945,14.170000076293945,13.670000076293945,13.960000038146973,13.960000038146973,29200
2005-08-09,14.0,14.069999694824219,13.930000305175781,14.029999732971191,14.029999732971191,33800
2005-08-10,14.079999923706055,14.130000114440918,13.4399995803833,13.800000190734863,13.800000190734863,58100
2005-08-11,13.779999732971191,14.0,13.75,14.0,14.0,39300
2005-08-12,13.859999656677246,13.859999656677246,13.399999618530273,13.479999542236328,13.479999542236328,45500
2005-08-15,13.390000343322754,13.680000305175781,13.390000343322754,13.539999961853027,13.539999961853027,40700
2005-08-16,13.760000228881836,13.760000228881836,13.260000228881836,13.3100004196167,13.3100004196167,30500
2005-08-17,13.300000190734863,13.6899995803833,13.300000190734863,13.430000305175781,13.430000305175781,24200
2005-08-18,13.279999732971191,13.5600004196167,13.229999542236328,13.229999542236328,13.229999542236328,68600
2005-08-19,13.199999809265137,13.40999984741211,13.199999809265137,13.25,13.25,20500
2005-08-22,13.300000190734863,13.380000114440918,13.1899995803833,13.369999885559082,13.369999885559082,50000
2005-08-23,13.359999656677246,13.550000190734863,13.140000343322754,13.220000267028809,13.220000267028809,74000
2005-08-24,13.220000267028809,13.489999771118164,13.220000267028809,13.40999984741211,13.40999984741211,24400
2005-08-25,13.430000305175781,13.430000305175781,13.15999984741211,13.229999542236328,13.229999542236328,18000
2005-08-26,13.289999961853027,13.289999961853027,13.050000190734863,13.050000190734863,13.050000190734863,42400
2005-08-29,13.0,13.119999885559082,12.960000038146973,12.989999771118164,12.989999771118164,58900
2005-08-30,13.029999732971191,13.069999694824219,12.880000114440918,12.880000114440918,12.880000114440918,33800
2005-08-31,12.850000381469727,12.930000305175781,12.300000190734863,12.569999694824219,12.569999694824219,71700
2005-09-01,12.5600004196167,12.710000038146973,12.520000457763672,12.539999961853027,12.539999961853027,38800
2005-09-02,12.619999885559082,12.699999809265137,12.579999923706055,12.630000114440918,12.630000114440918,9800
2005-09-06,12.890000343322754,13.0600004196167,12.600000381469727,12.729999542236328,12.729999542236328,30900
2005-09-07,12.760000228881836,12.9399995803833,12.699999809265137,12.9399995803833,12.9399995803833,18800
2005-09-08,12.789999961853027,12.829999923706055,12.359999656677246,12.520000457763672,12.520000457763672,31800
2005-09-09,12.630000114440918,12.630000114440918,12.25,12.319999694824219,12.319999694824219,116600
2005-09-12,12.25,12.4399995803833,12.25,12.300000190734863,12.300000190734863,32300
2005-09-13,12.300000190734863,12.40999984741211,12.130000114440918,12.220000267028809,12.220000267028809,21600
2005-09-14,12.470000267028809,12.75,12.170000076293945,12.180000305175781,12.180000305175781,27300
2005-09-15,12.59000015258789,12.649999618530273,12.449999809265137,12.460000038146973,12.460000038146973,22400
2005-09-16,12.579999923706055,12.760000228881836,12.1899995803833,12.710000038146973,12.710000038146973,62500
2005-09-19,12.65999984741211,12.65999984741211,12.220000267028809,12.239999771118164,12.239999771118164,25200
2005-09-20,12.369999885559082,12.369999885559082,12.1899995803833,12.239999771118164,12.239999771118164,60000
2005-09-21,12.180000305175781,12.300000190734863,12.119999885559082,12.180000305175781,12.180000305175781,25500
2005-09-22,12.140000343322754,12.40999984741211,12.100000381469727,12.170000076293945,12.170000076293945,15100
2005-09-23,12.210000038146973,12.3100004196167,12.140000343322754,12.210000038146973,12.210000038146973,56700
2005-09-26,12.329999923706055,12.40999984741211,12.270000457763672,12.369999885559082,12.369999885559082,30800
2005-09-27,12.279999732971191,12.350000381469727,12.109999656677246,12.109999656677246,12.109999656677246,22900
2005-09-28,12.109999656677246,12.180000305175781,11.930000305175781,12.069999694824219,12.069999694824219,18300
2005-09-29,12.039999961853027,12.109999656677246,12.020000457763672,12.100000381469727,12.100000381469727,49600
2005-09-30,12.079999923706055,12.100000381469727,12.0600004196167,12.100000381469727,12.100000381469727,45100
2005-10-03,12.069999694824219,12.270000457763672,12.050000190734863,12.069999694824219,12.069999694824219,71300
2005-10-04,12.050000190734863,12.15999984741211,11.979999542236328,12.029999732971191,12.029999732971191,121900
2005-10-05,12.020000457763672,12.149999618530273,11.920000076293945,11.960000038146973,11.960000038146973,44500
2005-10-06,11.970000267028809,12.09000015258789,11.84000015258789,12.0,12.0,15300
2005-10-07,12.0600004196167,12.119999885559082,12.020000457763672,12.100000381469727,12.100000381469727,135200
2005-10-10,12.149999618530273,12.149999618530273,12.010000228881836,12.140000343322754,12.140000343322754,22000
2005-10-11,12.039999961853027,12.170000076293945,12.039999961853027,12.0600004196167,12.0600004196167,84000
2005-10-12,12.020000457763672,12.100000381469727,11.59000015258789,11.84000015258789,11.84000015258789,40600
2005-10-13,11.770000457763672,12.100000381469727,11.6899995803833,12.050000190734863,12.050000190734863,33000
2005-10-14,12.100000381469727,12.100000381469727,11.760000228881836,11.899999618530273,11.899999618530273,74100
2005-10-17,11.699999809265137,11.789999961853027,11.640000343322754,11.739999771118164,11.739999771118164,22100
2005-10-18,11.65999984741211,11.65999984741211,10.899999618530273,10.979999542236328,10.979999542236328,37900
2005-10-19,10.399999618530273,10.899999618530273,9.8100004196167,10.890000343322754,10.890000343322754,150300
2005-10-20,11.0,11.180000305175781,10.300000190734863,10.59000015258789,10.59000015258789,34100
2005-10-21,10.5,10.680000305175781,9.829999923706055,9.989999771118164,9.989999771118164,69400
2005-10-24,10.130000114440918,10.930000305175781,10.130000114440918,10.489999771118164,10.489999771118164,114300
2005-10-25,10.710000038146973,11.239999771118164,10.489999771118164,10.850000381469727,10.850000381469727,95200
2005-10-26,10.930000305175781,11.100000381469727,10.850000381469727,11.029999732971191,11.029999732971191,73000
2005-10-27,10.949999809265137,10.960000038146973,10.65999984741211,10.65999984741211,10.65999984741211,37500
2005-10-28,10.770000457763672,11.039999961853027,10.739999771118164,10.920000076293945,10.920000076293945,56100
2005-10-31,11.039999961853027,11.109999656677246,10.569999694824219,10.649999618530273,10.649999618530273,71800
2005-11-01,10.579999923706055,10.619999885559082,10.020000457763672,10.270000457763672,10.270000457763672,87400
2005-11-02,10.119999885559082,11.0,10.119999885559082,10.90999984741211,10.90999984741211,36000
2005-11-03,11.050000190734863,11.069999694824219,10.9399995803833,11.069999694824219,11.069999694824219,30700
2005-11-04,11.069999694824219,11.130000114440918,11.020000457763672,11.100000381469727,11.100000381469727,36000
2005-11-07,11.140000343322754,11.1899995803833,10.859999656677246,10.970000267028809,10.970000267028809,27400
2005-11-08,10.970000267028809,11.0,10.8100004196167,10.859999656677246,10.859999656677246,10700
2005-11-09,11.0,11.0,10.399999618530273,10.630000114440918,10.630000114440918,52600
2005-11-10,10.59000015258789,10.800000190734863,10.510000228881836,10.779999732971191,10.779999732971191,46400
2005-11-11,10.779999732971191,11.149999618530273,10.720000267028809,11.0600004196167,11.0600004196167,161900
2005-11-14,11.0600004196167,11.470000267028809,11.0600004196167,11.1899995803833,11.1899995803833,186900
2005-11-15,11.229999542236328,11.34000015258789,11.100000381469727,11.119999885559082,11.119999885559082,24000
2005-11-16,10.949999809265137,11.6899995803833,10.920000076293945,11.399999618530273,11.399999618530273,82400
2005-11-17,11.4399995803833,11.550000190734863,11.34000015258789,11.470000267028809,11.470000267028809,12900
2005-11-18,11.630000114440918,11.829999923706055,11.489999771118164,11.75,11.75,46800
2005-11-21,11.9399995803833,11.970000267028809,11.710000038146973,11.789999961853027,11.789999961853027,33900
2005-11-22,11.800000190734863,11.890000343322754,11.569999694824219,11.640000343322754,11.640000343322754,17500
2005-11-23,11.710000038146973,11.710000038146973,11.34000015258789,11.359999656677246,11.359999656677246,24200
2005-11-25,11.510000228881836,11.569999694824219,11.470000267028809,11.5600004196167,11.5600004196167,7900
2005-11-28,11.649999618530273,11.680000305175781,11.510000228881836,11.510000228881836,11.510000228881836,23000
2005-11-29,11.649999618530273,11.699999809265137,11.390000343322754,11.449999809265137,11.449999809265137,31800
2005-11-30,11.479999542236328,11.699999809265137,11.479999542236328,11.630000114440918,11.630000114440918,95300
2005-12-01,11.739999771118164,11.979999542236328,11.670000076293945,11.75,11.75,126500
2005-12-02,11.880000114440918,12.0,11.670000076293945,11.75,11.75,54600
2005-12-05,11.869999885559082,12.029999732971191,11.819999694824219,11.979999542236328,11.979999542236328,134600
2005-12-06,12.0,12.119999885559082,11.789999961853027,11.789999961853027,11.789999961853027,168000
2005-12-07,11.869999885559082,11.869999885559082,11.529999732971191,11.619999885559082,11.619999885559082,51600
2005-12-08,11.609999656677246,11.90999984741211,11.0,11.510000228881836,11.510000228881836,87000
2005-12-09,11.479999542236328,11.9399995803833,11.479999542236328,11.829999923706055,11.829999923706055,25300
2005-12-12,11.630000114440918,12.130000114440918,11.630000114440918,12.109999656677246,12.109999656677246,216400
2005-12-13,12.109999656677246,12.800000190734863,12.0600004196167,12.720000267028809,12.720000267028809,85000
2005-12-14,12.6899995803833,12.819999694824219,12.619999885559082,12.760000228881836,12.760000228881836,69600
2005-12-15,12.760000228881836,12.770000457763672,12.460000038146973,12.600000381469727,12.600000381469727,58700
2005-12-16,12.6899995803833,13.039999961853027,12.6899995803833,12.829999923706055,12.829999923706055,142700
2005-12-19,12.9399995803833,12.9399995803833,12.5600004196167,12.6899995803833,12.6899995803833,36300
2005-12-20,12.729999542236328,12.789999961853027,12.510000228881836,12.65999984741211,12.65999984741211,39200
2005-12-21,13.529999732971191,14.0,13.359999656677246,14.0,14.0,200500
2005-12-22,13.869999885559082,14.0,13.529999732971191,13.789999961853027,13.789999961853027,119800
2005-12-23,13.90999984741211,14.300000190734863,13.779999732971191,14.300000190734863,14.300000190734863,61700
2005-12-27,14.289999961853027,14.399999618530273,13.819999694824219,13.979999542236328,13.979999542236328,29100
2005-12-28,13.989999771118164,14.130000114440918,13.6899995803833,13.800000190734863,13.800000190734863,56000
2005-12-29,13.800000190734863,14.279999732971191,13.800000190734863,14.09000015258789,14.09000015258789,51100
2005-12-30,14.020000457763672,14.25,13.84000015258789,13.979999542236328,13.979999542236328,34200
2006-01-03,14.050000190734863,14.479999542236328,13.829999923706055,14.420000076293945,14.420000076293945,58900
2006-01-04,14.210000038146973,14.960000038146973,14.130000114440918,14.84000015258789,14.84000015258789,91700
2006-01-05,14.329999923706055,14.649999618530273,13.819999694824219,14.100000381469727,14.100000381469727,103400
2006-01-06,14.0,14.15999984741211,13.600000381469727,13.979999542236328,13.979999542236328,96900
2006-01-09,14.09000015258789,14.119999885559082,13.699999809265137,13.729999542236328,13.729999542236328,92200
2006-01-10,13.65999984741211,13.65999984741211,13.149999618530273,13.5,13.5,86400
2006-01-11,13.5,13.9399995803833,13.380000114440918,13.699999809265137,13.699999809265137,140600
2006-01-12,13.699999809265137,13.729999542236328,13.34000015258789,13.670000076293945,13.670000076293945,65600
2006-01-13,13.640000343322754,13.779999732971191,13.380000114440918,13.520000457763672,13.520000457763672,78500
2006-01-17,13.489999771118164,13.630000114440918,13.130000114440918,13.140000343322754,13.140000343322754,65300
2006-01-18,13.170000076293945,13.619999885559082,12.979999542236328,13.609999656677246,13.609999656677246,29700
2006-01-19,13.739999771118164,13.84000015258789,13.350000381469727,13.84000015258789,13.84000015258789,25200
2006-01-20,13.949999809265137,13.949999809265137,13.40999984741211,13.449999809265137,13.449999809265137,21700
2006-01-23,13.529999732971191,13.949999809265137,13.380000114440918,13.510000228881836,13.510000228881836,47700
2006-01-24,13.699999809265137,13.710000038146973,13.520000457763672,13.550000190734863,13.550000190734863,39400
2006-01-25,15.5,15.529999732971191,14.890000343322754,14.9399995803833,14.9399995803833,300800
2006-01-26,15.100000381469727,15.100000381469727,14.970000267028809,15.050000190734863,15.050000190734863,76700
2006-01-27,15.010000228881836,15.0600004196167,14.859999656677246,15.039999961853027,15.039999961853027,60900
2006-01-30,14.979999542236328,15.600000381469727,14.979999542236328,15.229999542236328,15.229999542236328,207700
2006-01-31,15.270000457763672,15.369999885559082,15.109999656677246,15.260000228881836,15.260000228881836,61400
2006-02-01,15.149999618530273,15.319999694824219,14.989999771118164,15.050000190734863,15.050000190734863,59500
2006-02-02,14.960000038146973,15.069999694824219,14.699999809265137,14.770000457763672,14.770000457763672,60300
2006-02-03,14.6899995803833,14.819999694824219,14.539999961853027,14.760000228881836,14.760000228881836,38300
2006-02-06,14.890000343322754,15.020000457763672,14.680000305175781,14.760000228881836,14.760000228881836,39000
2006-02-07,14.6899995803833,14.850000381469727,14.300000190734863,14.479999542236328,14.479999542236328,77400
2006-02-08,14.460000038146973,15.039999961853027,14.369999885559082,14.779999732971191,14.779999732971191,69000
2006-02-09,14.930000305175781,15.119999885559082,14.789999961853027,15.0,15.0,68600
2006-02-10,14.920000076293945,15.59000015258789,14.710000038146973,15.550000190734863,15.550000190734863,91800
2006-02-13,15.449999809265137,15.680000305175781,15.239999771118164,15.399999618530273,15.399999618530273,22100
2006-02-14,15.359999656677246,15.899999618530273,15.279999732971191,15.899999618530273,15.899999618530273,35600
2006-02-15,15.779999732971191,16.0,15.670000076293945,16.0,16.0,74000
2006-02-16,16.0,16.350000381469727,16.0,16.25,16.25,62200
2006-02-17,16.350000381469727,16.350000381469727,16.100000381469727,16.1200008392334,16.1200008392334,50300
2006-02-21,16.09000015258789,16.43000030517578,15.800000190734863,15.869999885559082,15.869999885559082,85200
2006-02-22,15.829999923706055,15.989999771118164,15.600000381469727,15.670000076293945,15.670000076293945,115800
2006-02-23,15.600000381469727,16.0,15.600000381469727,15.859999656677246,15.859999656677246,77500
2006-02-24,15.6899995803833,15.899999618530273,15.5,15.609999656677246,15.609999656677246,68500
2006-02-27,15.59000015258789,16.0,15.59000015258789,15.960000038146973,15.960000038146973,37000
2006-02-28,15.880000114440918,15.880000114440918,15.380000114440918,15.5,15.5,35600
2006-03-01,15.510000228881836,16.0,15.510000228881836,15.850000381469727,15.850000381469727,99200
2006-03-02,15.8100004196167,15.979999542236328,15.630000114440918,15.880000114440918,15.880000114440918,80500
2006-03-03,15.819999694824219,15.979999542236328,15.59000015258789,15.619999885559082,15.619999885559082,111300
2006-03-06,15.619999885559082,15.869999885559082,15.15999984741211,15.619999885559082,15.619999885559082,65700
2006-03-07,15.5,15.640000343322754,15.079999923706055,15.15999984741211,15.15999984741211,66800
2006-03-08,15.149999618530273,15.260000228881836,14.65999984741211,14.890000343322754,14.890000343322754,62900
2006-03-09,14.890000343322754,15.760000228881836,14.890000343322754,15.0600004196167,15.0600004196167,114400
2006-03-10,15.109999656677246,15.369999885559082,15.010000228881836,15.239999771118164,15.239999771118164,111000
2006-03-13,15.34000015258789,15.699999809265137,15.180000305175781,15.300000190734863,15.300000190734863,51200
2006-03-14,15.319999694824219,15.90999984741211,15.100000381469727,15.850000381469727,15.850000381469727,79100
2006-03-15,15.8100004196167,15.930000305175781,15.6899995803833,15.739999771118164,15.739999771118164,109300
2006-03-16,15.600000381469727,15.630000114440918,14.720000267028809,14.850000381469727,14.850000381469727,320300
2006-03-17,14.920000076293945,14.949999809265137,14.300000190734863,14.59000015258789,14.59000015258789,240700
2006-03-20,14.5,15.010000228881836,14.5,15.0,15.0,105600
2006-03-21,15.149999618530273,15.359999656677246,14.960000038146973,15.149999618530273,15.149999618530273,106400
2006-03-22,15.170000076293945,15.329999923706055,14.960000038146973,15.289999961853027,15.289999961853027,47200
2006-03-23,15.140000343322754,15.140000343322754,14.649999618530273,14.899999618530273,14.899999618530273,110300
2006-03-24,14.920000076293945,15.119999885559082,14.720000267028809,14.970000267028809,14.970000267028809,57700
2006-03-27,14.979999542236328,14.979999542236328,14.5600004196167,14.630000114440918,14.630000114440918,75800
2006-03-28,14.65999984741211,14.84000015258789,14.329999923706055,14.420000076293945,14.420000076293945,68000
2006-03-29,14.489999771118164,14.489999771118164,13.930000305175781,13.930000305175781,13.930000305175781,50800
2006-03-30,13.960000038146973,14.229999542236328,13.960000038146973,14.130000114440918,14.130000114440918,75700
2006-03-31,14.25,14.710000038146973,14.220000267028809,14.600000381469727,14.600000381469727,121800
2006-04-03,14.649999618530273,14.829999923706055,14.449999809265137,14.6899995803833,14.6899995803833,85800
2006-04-04,14.75,14.850000381469727,14.520000457763672,14.699999809265137,14.699999809265137,113900
2006-04-05,14.760000228881836,14.979999542236328,14.729999542236328,14.850000381469727,14.850000381469727,132900
2006-04-06,14.859999656677246,15.0600004196167,14.8100004196167,14.899999618530273,14.899999618530273,77700
2006-04-07,14.970000267028809,15.199999809265137,14.850000381469727,14.949999809265137,14.949999809265137,49900
2006-04-10,15.020000457763672,15.079999923706055,14.680000305175781,14.800000190734863,14.800000190734863,90300
2006-04-11,14.729999542236328,14.729999542236328,14.180000305175781,14.180000305175781,14.180000305175781,84300
2006-04-12,14.229999542236328,14.449999809265137,13.989999771118164,14.029999732971191,14.029999732971191,38300
2006-04-13,14.020000457763672,14.5600004196167,13.949999809265137,14.4399995803833,14.4399995803833,38500
2006-04-17,14.40999984741211,14.449999809265137,14.069999694824219,14.289999961853027,14.289999961853027,71600
2006-04-18,14.489999771118164,15.0,14.380000114440918,14.930000305175781,14.930000305175781,120000
2006-04-19,14.710000038146973,14.989999771118164,14.25,14.489999771118164,14.489999771118164,118600
2006-04-20,14.5600004196167,15.390000343322754,14.5600004196167,14.800000190734863,14.800000190734863,293100
2006-04-21,14.989999771118164,14.989999771118164,14.050000190734863,14.470000267028809,14.470000267028809,134400
2006-04-24,14.5600004196167,14.5600004196167,13.850000381469727,13.850000381469727,13.850000381469727,95000
2006-04-25,13.920000076293945,14.149999618530273,13.569999694824219,13.65999984741211,13.65999984741211,88000
2006-04-26,13.729999542236328,14.40999984741211,13.609999656677246,13.970000267028809,13.970000267028809,67000
2006-04-27,13.899999618530273,14.119999885559082,13.279999732971191,13.989999771118164,13.989999771118164,166300
2006-04-28,13.989999771118164,13.989999771118164,13.65999984741211,13.84000015258789,13.84000015258789,18300
2006-05-01,13.90999984741211,14.0,13.520000457763672,13.630000114440918,13.630000114440918,62400
2006-05-02,13.680000305175781,13.869999885559082,13.430000305175781,13.859999656677246,13.859999656677246,44300
2006-05-03,13.880000114440918,14.010000228881836,13.5,13.949999809265137,13.949999809265137,78500
2006-05-04,14.010000228881836,14.65999984741211,13.899999618530273,14.609999656677246,14.609999656677246,94200
2006-05-05,14.729999542236328,15.640000343322754,14.069999694824219,15.239999771118164,15.239999771118164,135800
2006-05-08,15.239999771118164,15.239999771118164,14.640000343322754,14.670000076293945,14.670000076293945,47200
2006-05-09,14.680000305175781,14.729999542236328,14.010000228881836,14.029999732971191,14.029999732971191,58600
2006-05-10,13.989999771118164,14.6899995803833,13.829999923706055,14.350000381469727,14.350000381469727,135700
2006-05-11,14.399999618530273,14.489999771118164,13.850000381469727,13.9399995803833,13.9399995803833,66100
2006-05-12,13.949999809265137,14.0600004196167,13.5,13.5,13.5,55700
2006-05-15,13.460000038146973,14.130000114440918,13.399999618530273,13.40999984741211,13.40999984741211,72300
2006-05-16,13.40999984741211,13.899999618530273,13.399999618530273,13.600000381469727,13.600000381469727,73700
2006-05-17,13.5,13.829999923706055,13.239999771118164,13.300000190734863,13.300000190734863,101600
2006-05-18,13.380000114440918,13.520000457763672,13.199999809265137,13.220000267028809,13.220000267028809,69900
2006-05-19,13.289999961853027,13.550000190734863,13.0,13.140000343322754,13.140000343322754,130100
2006-05-22,13.039999961853027,13.199999809265137,12.539999961853027,12.59000015258789,12.59000015258789,129100
2006-05-23,12.729999542236328,13.260000228881836,12.640000343322754,12.789999961853027,12.789999961853027,91000
2006-05-24,12.800000190734863,13.199999809265137,12.569999694824219,13.130000114440918,13.130000114440918,71100
2006-05-25,13.279999732971191,13.6899995803833,13.279999732971191,13.4399995803833,13.4399995803833,78600
2006-05-26,13.399999618530273,13.569999694824219,13.289999961853027,13.40999984741211,13.40999984741211,34000
2006-05-30,13.369999885559082,13.550000190734863,13.0600004196167,13.130000114440918,13.130000114440918,84600
2006-05-31,13.199999809265137,13.260000228881836,12.890000343322754,13.100000381469727,13.100000381469727,129000
2006-06-01,13.119999885559082,13.449999809265137,13.010000228881836,13.399999618530273,13.399999618530273,110500
2006-06-02,13.489999771118164,13.90999984741211,13.40999984741211,13.59000015258789,13.59000015258789,110800
2006-06-05,13.510000228881836,13.510000228881836,12.960000038146973,13.0600004196167,13.0600004196167,89600
2006-06-06,13.09000015258789,13.34000015258789,12.869999885559082,12.960000038146973,12.960000038146973,138300
2006-06-07,12.949999809265137,14.0600004196167,12.829999923706055,13.640000343322754,13.640000343322754,198700
2006-06-08,13.600000381469727,14.1899995803833,13.399999618530273,14.100000381469727,14.100000381469727,150300
2006-06-09,14.149999618530273,14.779999732971191,14.149999618530273,14.449999809265137,14.449999809265137,98400
2006-06-12,14.5,14.5,14.0,14.050000190734863,14.050000190734863,104800
2006-06-13,14.109999656677246,14.380000114440918,14.0,14.0,14.0,96500
2006-06-14,14.020000457763672,14.289999961853027,14.010000228881836,14.260000228881836,14.260000228881836,74100
2006-06-15,14.300000190734863,14.619999885559082,14.130000114440918,14.510000228881836,14.510000228881836,57500
2006-06-16,14.4399995803833,14.739999771118164,14.25,14.460000038146973,14.460000038146973,159600
2006-06-19,14.5,14.890000343322754,14.109999656677246,14.279999732971191,14.279999732971191,150500
2006-06-20,14.350000381469727,14.6899995803833,14.149999618530273,14.149999618530273,14.149999618530273,76100
2006-06-21,14.430000305175781,14.710000038146973,14.239999771118164,14.319999694824219,14.319999694824219,56900
2006-06-22,14.229999542236328,14.350000381469727,14.0,14.350000381469727,14.350000381469727,89300
2006-06-23,14.350000381469727,14.449999809265137,14.180000305175781,14.220000267028809,14.220000267028809,53600
2006-06-26,14.1899995803833,14.5,14.100000381469727,14.430000305175781,14.430000305175781,141900
2006-06-27,14.40999984741211,14.569999694824219,14.050000190734863,14.050000190734863,14.050000190734863,65100
2006-06-28,14.050000190734863,14.489999771118164,14.029999732971191,14.420000076293945,14.420000076293945,105000
2006-06-29,14.4399995803833,14.920000076293945,14.34000015258789,14.899999618530273,14.899999618530273,90200
2006-06-30,14.970000267028809,15.25,14.859999656677246,15.220000267028809,15.220000267028809,1020700
2006-07-03,15.220000267028809,15.4399995803833,14.930000305175781,15.220000267028809,15.220000267028809,62100
2006-07-05,15.100000381469727,15.380000114440918,15.100000381469727,15.25,15.25,87200
2006-07-06,15.319999694824219,15.390000343322754,15.15999984741211,15.15999984741211,15.15999984741211,174400
2006-07-07,15.079999923706055,15.390000343322754,14.989999771118164,15.09000015258789,15.09000015258789,86700
2006-07-10,15.109999656677246,15.350000381469727,14.850000381469727,14.90999984741211,14.90999984741211,41700
2006-07-11,14.819999694824219,14.819999694824219,14.359999656677246,14.5,14.5,81500
2006-07-12,14.430000305175781,15.029999732971191,14.430000305175781,14.779999732971191,14.779999732971191,29500
2006-07-13,14.6899995803833,14.789999961853027,13.960000038146973,14.199999809265137,14.199999809265137,81200
2006-07-14,14.180000305175781,14.180000305175781,13.970000267028809,14.039999961853027,14.039999961853027,99300
2006-07-17,14.010000228881836,14.050000190734863,13.600000381469727,13.649999618530273,13.649999618530273,40600
2006-07-18,13.699999809265137,14.520000457763672,13.420000076293945,14.279999732971191,14.279999732971191,84700
2006-07-19,14.199999809265137,14.199999809265137,13.789999961853027,13.84000015258789,13.84000015258789,40200
2006-07-20,13.899999618530273,14.130000114440918,13.859999656677246,14.0,14.0,78600
2006-07-21,14.020000457763672,14.029999732971191,13.569999694824219,13.989999771118164,13.989999771118164,56900
2006-07-24,13.899999618530273,14.100000381469727,13.869999885559082,14.0600004196167,14.0600004196167,33400
2006-07-25,13.420000076293945,13.960000038146973,12.569999694824219,13.75,13.75,209500
2006-07-26,13.699999809265137,13.699999809265137,12.90999984741211,12.979999542236328,12.979999542236328,198400
2006-07-27,13.029999732971191,13.119999885559082,12.920000076293945,13.0600004196167,13.0600004196167,55000
2006-07-28,13.180000305175781,13.569999694824219,13.0,13.199999809265137,13.199999809265137,60700
2006-07-31,13.0600004196167,13.199999809265137,13.020000457763672,13.119999885559082,13.119999885559082,39400
2006-08-01,13.039999961853027,13.069999694824219,12.6899995803833,12.960000038146973,12.960000038146973,64700
2006-08-02,13.149999618530273,13.289999961853027,12.899999618530273,13.069999694824219,13.069999694824219,32400
2006-08-03,12.949999809265137,13.100000381469727,12.880000114440918,13.0,13.0,16900
2006-08-04,12.979999542236328,13.270000457763672,12.9399995803833,13.25,13.25,20200
2006-08-07,13.199999809265137,13.199999809265137,12.760000228881836,12.880000114440918,12.880000114440918,31300
2006-08-08,12.890000343322754,13.039999961853027,12.720000267028809,12.770000457763672,12.770000457763672,34400
2006-08-09,12.920000076293945,12.920000076293945,12.579999923706055,12.579999923706055,12.579999923706055,412100
2006-08-10,12.520000457763672,13.140000343322754,12.319999694824219,12.449999809265137,12.449999809265137,72900
2006-08-11,12.430000305175781,12.489999771118164,12.3100004196167,12.449999809265137,12.449999809265137,18000
2006-08-14,12.550000190734863,12.550000190734863,12.079999923706055,12.130000114440918,12.130000114440918,47400
2006-08-15,12.3100004196167,12.319999694824219,11.920000076293945,11.960000038146973,11.960000038146973,72500
2006-08-16,12.0600004196167,12.119999885559082,11.899999618530273,12.079999923706055,12.079999923706055,94300
2006-08-17,12.039999961853027,12.34000015258789,12.039999961853027,12.210000038146973,12.210000038146973,16600
2006-08-18,12.1899995803833,12.369999885559082,11.930000305175781,11.989999771118164,11.989999771118164,10200
2006-08-21,11.9399995803833,12.100000381469727,11.850000381469727,11.90999984741211,11.90999984741211,133900
2006-08-22,11.9399995803833,12.0600004196167,11.850000381469727,11.970000267028809,11.970000267028809,43700
2006-08-23,11.949999809265137,11.989999771118164,11.699999809265137,11.819999694824219,11.819999694824219,114100
2006-08-24,11.8100004196167,11.890000343322754,11.739999771118164,11.770000457763672,11.770000457763672,17100
2006-08-25,12.0,12.279999732971191,11.880000114440918,12.0,12.0,59900
2006-08-28,11.979999542236328,13.029999732971191,11.949999809265137,12.9399995803833,12.9399995803833,42400
2006-08-29,12.930000305175781,12.930000305175781,12.539999961853027,12.539999961853027,12.539999961853027,35300
2006-08-30,12.079999923706055,12.720000267028809,12.079999923706055,12.600000381469727,12.600000381469727,60800
2006-08-31,12.59000015258789,13.289999961853027,12.470000267028809,13.15999984741211,13.15999984741211,72800
2006-09-01,13.210000038146973,13.329999923706055,12.770000457763672,12.930000305175781,12.930000305175781,92300
2006-09-05,12.800000190734863,12.800000190734863,12.199999809265137,12.380000114440918,12.380000114440918,60500
2006-09-06,12.319999694824219,13.149999618530273,12.100000381469727,12.710000038146973,12.710000038146973,180700
2006-09-07,12.649999618530273,12.739999771118164,12.239999771118164,12.239999771118164,12.239999771118164,63900
2006-09-08,12.229999542236328,12.779999732971191,12.199999809265137,12.3100004196167,12.3100004196167,12200
2006-09-11,12.3100004196167,12.5,12.100000381469727,12.449999809265137,12.449999809265137,33600
2006-09-12,12.420000076293945,12.850000381469727,12.420000076293945,12.729999542236328,12.729999542236328,51600
2006-09-13,12.760000228881836,12.949999809265137,12.600000381469727,12.920000076293945,12.920000076293945,34600
2006-09-14,12.760000228881836,12.890000343322754,12.739999771118164,12.890000343322754,12.890000343322754,18700
2006-09-15,12.100000381469727,12.239999771118164,11.739999771118164,11.989999771118164,11.989999771118164,220500
2006-09-18,11.960000038146973,12.25,11.960000038146973,12.199999809265137,12.199999809265137,34000
2006-09-19,12.100000381469727,12.199999809265137,11.850000381469727,11.989999771118164,11.989999771118164,42300
2006-09-20,12.0,12.130000114440918,11.5600004196167,11.609999656677246,11.609999656677246,31700
2006-09-21,11.729999542236328,11.729999542236328,11.3100004196167,11.34000015258789,11.34000015258789,63900
2006-09-22,11.430000305175781,12.050000190734863,11.390000343322754,12.0,12.0,42800
2006-09-25,12.020000457763672,12.029999732971191,11.670000076293945,11.760000228881836,11.760000228881836,27400
2006-09-26,11.75,11.84000015258789,11.470000267028809,11.489999771118164,11.489999771118164,48200
2006-09-27,11.59000015258789,11.75,11.470000267028809,11.600000381469727,11.600000381469727,49900
2006-09-28,11.640000343322754,11.949999809265137,11.640000343322754,11.8100004196167,11.8100004196167,46300
2006-09-29,11.84000015258789,12.260000228881836,11.84000015258789,12.210000038146973,12.210000038146973,102900
2006-10-02,12.199999809265137,12.199999809265137,11.880000114440918,11.890000343322754,11.890000343322754,78000
2006-10-03,12.050000190734863,12.1899995803833,11.5,11.670000076293945,11.670000076293945,86900
2006-10-04,11.729999542236328,12.039999961853027,11.729999542236328,11.970000267028809,11.970000267028809,75900
2006-10-05,12.050000190734863,12.050000190734863,11.899999618530273,11.949999809265137,11.949999809265137,34000
2006-10-06,11.890000343322754,12.119999885559082,11.890000343322754,12.0,12.0,29200
2006-10-09,12.100000381469727,12.100000381469727,11.970000267028809,12.079999923706055,12.079999923706055,36400
2006-10-10,12.199999809265137,12.199999809265137,11.899999618530273,12.119999885559082,12.119999885559082,29700
2006-10-11,11.9399995803833,12.170000076293945,11.920000076293945,12.130000114440918,12.130000114440918,21900
2006-10-12,12.119999885559082,12.119999885559082,11.930000305175781,11.960000038146973,11.960000038146973,14900
2006-10-13,12.0,12.069999694824219,11.770000457763672,12.0600004196167,12.0600004196167,34500
2006-10-16,12.079999923706055,12.789999961853027,12.079999923706055,12.489999771118164,12.489999771118164,63500
2006-10-17,12.40999984741211,12.40999984741211,11.8100004196167,12.149999618530273,12.149999618530273,29500
2006-10-18,12.199999809265137,12.239999771118164,12.050000190734863,12.15999984741211,12.15999984741211,30300
2006-10-19,12.15999984741211,12.350000381469727,12.029999732971191,12.279999732971191,12.279999732971191,26800
2006-10-20,12.289999961853027,12.289999961853027,11.90999984741211,12.09000015258789,12.09000015258789,35200
2006-10-23,12.09000015258789,12.229999542236328,12.069999694824219,12.069999694824219,12.069999694824219,32000
2006-10-24,12.0600004196167,12.15999984741211,11.869999885559082,11.979999542236328,11.979999542236328,17400
2006-10-25,12.960000038146973,12.960000038146973,11.989999771118164,12.300000190734863,12.300000190734863,180200
2006-10-26,12.350000381469727,12.899999618530273,12.079999923706055,12.899999618530273,12.899999618530273,50800
2006-10-27,12.920000076293945,12.920000076293945,12.569999694824219,12.569999694824219,12.569999694824219,23300
2006-10-30,12.220000267028809,12.59000015258789,12.220000267028809,12.4399995803833,12.4399995803833,24900
2006-10-31,12.40999984741211,12.84000015258789,12.319999694824219,12.489999771118164,12.489999771118164,28000
2006-11-01,12.460000038146973,12.800000190734863,12.460000038146973,12.800000190734863,12.800000190734863,36000
2006-11-02,12.75,13.0,12.75,12.949999809265137,12.949999809265137,99600
2006-11-03,12.760000228881836,12.8100004196167,12.699999809265137,12.800000190734863,12.800000190734863,27800
2006-11-06,12.670000076293945,12.800000190734863,12.460000038146973,12.579999923706055,12.579999923706055,11500
2006-11-07,12.609999656677246,12.729999542236328,12.5,12.529999732971191,12.529999732971191,11300
2006-11-08,12.539999961853027,12.5600004196167,12.300000190734863,12.40999984741211,12.40999984741211,13200
2006-11-09,12.550000190734863,12.550000190734863,11.989999771118164,11.989999771118164,11.989999771118164,39500
2006-11-10,12.119999885559082,12.649999618530273,12.119999885559082,12.5,12.5,32300
2006-11-13,12.569999694824219,12.699999809265137,12.569999694824219,12.699999809265137,12.699999809265137,12200
2006-11-14,12.670000076293945,12.720000267028809,12.550000190734863,12.640000343322754,12.640000343322754,18500
2006-11-15,12.640000343322754,12.930000305175781,12.640000343322754,12.789999961853027,12.789999961853027,48000
2006-11-16,12.770000457763672,12.829999923706055,12.6899995803833,12.829999923706055,12.829999923706055,18700
2006-11-17,12.770000457763672,12.770000457763672,12.65999984741211,12.720000267028809,12.720000267028809,3700
2006-11-20,12.680000305175781,12.6899995803833,12.359999656677246,12.399999618530273,12.399999618530273,15900
2006-11-21,12.359999656677246,12.520000457763672,11.949999809265137,12.0,12.0,71200
2006-11-22,12.0,12.239999771118164,12.0,12.100000381469727,12.100000381469727,8500
2006-11-24,12.149999618530273,12.5,12.149999618530273,12.5,12.5,5500
2006-11-27,12.479999542236328,12.65999984741211,12.479999542236328,12.59000015258789,12.59000015258789,21700
2006-11-28,12.579999923706055,12.619999885559082,12.279999732971191,12.380000114440918,12.380000114440918,10200
2006-11-29,12.449999809265137,12.479999542236328,12.260000228881836,12.260000228881836,12.260000228881836,6500
2006-11-30,12.289999961853027,12.289999961853027,12.149999618530273,12.199999809265137,12.199999809265137,10200
2006-12-01,12.199999809265137,12.25,11.949999809265137,12.0,12.0,26200
2006-12-04,12.0,12.0,11.649999618530273,11.899999618530273,11.899999618530273,45900
2006-12-05,11.869999885559082,11.890000343322754,11.680000305175781,11.6899995803833,11.6899995803833,53600
2006-12-06,11.640000343322754,11.6899995803833,11.449999809265137,11.5600004196167,11.5600004196167,25400
2006-12-07,11.5,11.529999732971191,11.199999809265137,11.210000038146973,11.210000038146973,31800
2006-12-08,11.220000267028809,11.600000381469727,11.199999809265137,11.59000015258789,11.59000015258789,36700
2006-12-11,11.5600004196167,11.5600004196167,11.420000076293945,11.5,11.5,23100
2006-12-12,11.59000015258789,11.699999809265137,11.350000381469727,11.380000114440918,11.380000114440918,16600
2006-12-13,11.489999771118164,11.5600004196167,11.130000114440918,11.130000114440918,11.130000114440918,26600
2006-12-14,11.050000190734863,11.1899995803833,10.989999771118164,11.09000015258789,11.09000015258789,49300
2006-12-15,11.0600004196167,11.359999656677246,11.039999961853027,11.199999809265137,11.199999809265137,47500
2006-12-18,11.199999809265137,11.270000457763672,11.069999694824219,11.149999618530273,11.149999618530273,25800
2006-12-19,11.149999618530273,11.25,11.140000343322754,11.140000343322754,11.140000343322754,23100
2006-12-20,11.329999923706055,11.40999984741211,11.239999771118164,11.3100004196167,11.3100004196167,4500
2006-12-21,11.270000457763672,11.279999732971191,10.880000114440918,10.880000114440918,10.880000114440918,48000
2006-12-22,11.149999618530273,11.149999618530273,10.9399995803833,10.9399995803833,10.9399995803833,22400
2006-12-26,11.0600004196167,11.359999656677246,11.039999961853027,11.359999656677246,11.359999656677246,30100
2006-12-27,11.359999656677246,11.550000190734863,11.270000457763672,11.5,11.5,29000
2006-12-28,11.479999542236328,11.65999984741211,11.399999618530273,11.529999732971191,11.529999732971191,35300
2006-12-29,11.6899995803833,11.699999809265137,11.399999618530273,11.399999618530273,11.399999618530273,18500
2007-01-03,11.40999984741211,11.539999961853027,11.369999885559082,11.449999809265137,11.449999809265137,41400
2007-01-04,12.029999732971191,12.050000190734863,11.600000381469727,11.850000381469727,11.850000381469727,108500
2007-01-05,11.75,12.220000267028809,11.75,11.970000267028809,11.970000267028809,33900
2007-01-08,11.949999809265137,11.989999771118164,11.859999656677246,11.869999885559082,11.869999885559082,40500
2007-01-09,11.949999809265137,12.029999732971191,11.930000305175781,11.989999771118164,11.989999771118164,21300
2007-01-10,11.850000381469727,11.930000305175781,11.729999542236328,11.829999923706055,11.829999923706055,90800
2007-01-11,12.029999732971191,12.100000381469727,12.029999732971191,12.050000190734863,12.050000190734863,7600
2007-01-12,12.130000114440918,12.140000343322754,12.0600004196167,12.140000343322754,12.140000343322754,4800
2007-01-16,11.989999771118164,11.989999771118164,11.630000114440918,11.850000381469727,11.850000381469727,76800
2007-01-17,11.850000381469727,12.130000114440918,11.850000381469727,12.100000381469727,12.100000381469727,22100
2007-01-18,12.100000381469727,12.109999656677246,12.010000228881836,12.109999656677246,12.109999656677246,26400
2007-01-19,12.100000381469727,12.140000343322754,12.050000190734863,12.130000114440918,12.130000114440918,11500
2007-01-22,12.220000267028809,12.359999656677246,12.1899995803833,12.319999694824219,12.319999694824219,20900
2007-01-23,12.260000228881836,12.279999732971191,12.029999732971191,12.199999809265137,12.199999809265137,16400
2007-01-24,12.25,12.5,12.109999656677246,12.329999923706055,12.329999923706055,12500
2007-01-25,12.329999923706055,12.4399995803833,12.199999809265137,12.279999732971191,12.279999732971191,22800
2007-01-26,12.34000015258789,12.470000267028809,12.15999984741211,12.270000457763672,12.270000457763672,19900
2007-01-29,12.289999961853027,12.319999694824219,11.989999771118164,11.989999771118164,11.989999771118164,36500
2007-01-30,11.90999984741211,12.079999923706055,11.90999984741211,12.020000457763672,12.020000457763672,24100
2007-01-31,12.050000190734863,12.0600004196167,11.609999656677246,11.6899995803833,11.6899995803833,31700
2007-02-01,11.800000190734863,11.800000190734863,11.630000114440918,11.680000305175781,11.680000305175781,6600
2007-02-02,11.670000076293945,11.9399995803833,11.670000076293945,11.9399995803833,11.9399995803833,19400
2007-02-05,11.930000305175781,12.0600004196167,11.850000381469727,11.850000381469727,11.850000381469727,16000
2007-02-06,11.770000457763672,11.869999885559082,11.729999542236328,11.739999771118164,11.739999771118164,10500
2007-02-07,11.739999771118164,11.890000343322754,11.720000267028809,11.890000343322754,11.890000343322754,15900
2007-02-08,11.869999885559082,11.869999885559082,11.699999809265137,11.699999809265137,11.699999809265137,9700
2007-02-09,11.699999809265137,11.770000457763672,11.569999694824219,11.609999656677246,11.609999656677246,18300
2007-02-12,11.59000015258789,11.630000114440918,11.569999694824219,11.59000015258789,11.59000015258789,22700
2007-02-13,11.550000190734863,11.600000381469727,11.510000228881836,11.510000228881836,11.510000228881836,33900
2007-02-14,11.420000076293945,11.819999694824219,11.420000076293945,11.819999694824219,11.819999694824219,79800
2007-02-15,11.770000457763672,11.770000457763672,11.550000190734863,11.569999694824219,11.569999694824219,18300
2007-02-16,11.59000015258789,11.829999923706055,11.569999694824219,11.779999732971191,11.779999732971191,14900
2007-02-20,11.760000228881836,11.869999885559082,11.760000228881836,11.84000015258789,11.84000015258789,12500
2007-02-21,11.880000114440918,11.949999809265137,11.789999961853027,11.9399995803833,11.9399995803833,14700
2007-02-22,11.90999984741211,11.960000038146973,11.800000190734863,11.829999923706055,11.829999923706055,46700
2007-02-23,11.829999923706055,11.960000038146973,11.789999961853027,11.90999984741211,11.90999984741211,25700
2007-02-26,11.8100004196167,11.869999885559082,11.699999809265137,11.75,11.75,15900
2007-02-27,11.710000038146973,11.739999771118164,11.460000038146973,11.5600004196167,11.5600004196167,29800
2007-02-28,11.4399995803833,11.65999984741211,11.430000305175781,11.569999694824219,11.569999694824219,25500
2007-03-01,11.380000114440918,11.470000267028809,11.300000190734863,11.460000038146973,11.460000038146973,22600
2007-03-02,11.329999923706055,11.510000228881836,11.210000038146973,11.210000038146973,11.210000038146973,16000
2007-03-05,11.199999809265137,11.199999809265137,10.779999732971191,10.779999732971191,10.779999732971191,49800
2007-03-06,10.819999694824219,10.859999656677246,10.640000343322754,10.649999618530273,10.649999618530273,22900
2007-03-07,10.75,11.010000228881836,10.6899995803833,10.930000305175781,10.930000305175781,84000
2007-03-08,11.0,11.020000457763672,10.960000038146973,11.0,11.0,24000
2007-03-09,10.960000038146973,11.039999961853027,10.960000038146973,11.010000228881836,11.010000228881836,16700
2007-03-12,11.050000190734863,11.239999771118164,11.020000457763672,11.220000267028809,11.220000267028809,18600
2007-03-13,11.25,11.350000381469727,11.229999542236328,11.229999542236328,11.229999542236328,17400
2007-03-14,11.1899995803833,11.239999771118164,10.960000038146973,10.960000038146973,10.960000038146973,20100
2007-03-15,11.010000228881836,11.130000114440918,11.010000228881836,11.010000228881836,11.010000228881836,5500
2007-03-16,11.039999961853027,11.079999923706055,11.020000457763672,11.020000457763672,11.020000457763672,7200
2007-03-19,11.050000190734863,11.100000381469727,11.039999961853027,11.050000190734863,11.050000190734863,4200
2007-03-20,11.050000190734863,11.100000381469727,11.050000190734863,11.069999694824219,11.069999694824219,2000
2007-03-21,11.029999732971191,11.069999694824219,11.029999732971191,11.029999732971191,11.029999732971191,8600
2007-03-22,11.1899995803833,11.1899995803833,11.020000457763672,11.100000381469727,11.100000381469727,15000
2007-03-23,11.199999809265137,11.710000038146973,11.119999885559082,11.119999885559082,11.119999885559082,12600
2007-03-26,11.130000114440918,11.229999542236328,11.119999885559082,11.130000114440918,11.130000114440918,8000
2007-03-27,11.25,11.25,10.9399995803833,10.9399995803833,10.9399995803833,11700
2007-03-28,11.140000343322754,11.149999618530273,11.029999732971191,11.029999732971191,11.029999732971191,12200
2007-03-29,11.079999923706055,11.109999656677246,11.039999961853027,11.079999923706055,11.079999923706055,10300
2007-03-30,11.09000015258789,11.229999542236328,11.020000457763672,11.020000457763672,11.020000457763672,9700
2007-04-02,11.029999732971191,11.130000114440918,11.029999732971191,11.029999732971191,11.029999732971191,14500
2007-04-03,11.199999809265137,11.270000457763672,11.050000190734863,11.270000457763672,11.270000457763672,14400
2007-04-04,11.270000457763672,11.369999885559082,11.210000038146973,11.210000038146973,11.210000038146973,3500
2007-04-05,11.220000267028809,11.220000267028809,11.079999923706055,11.09000015258789,11.09000015258789,5500
2007-04-09,11.140000343322754,11.210000038146973,11.0600004196167,11.149999618530273,11.149999618530273,10500
2007-04-10,11.140000343322754,11.140000343322754,11.0600004196167,11.100000381469727,11.100000381469727,6000
2007-04-11,11.130000114440918,11.130000114440918,11.09000015258789,11.09000015258789,11.09000015258789,7000
2007-04-12,11.050000190734863,11.270000457763672,11.050000190734863,11.220000267028809,11.220000267028809,14500
2007-04-13,11.239999771118164,11.430000305175781,11.1899995803833,11.380000114440918,11.380000114440918,18600
2007-04-16,11.470000267028809,11.470000267028809,11.289999961853027,11.319999694824219,11.319999694824219,3500
2007-04-17,11.420000076293945,11.829999923706055,11.369999885559082,11.789999961853027,11.789999961853027,19500
2007-04-18,11.75,11.760000228881836,11.550000190734863,11.579999923706055,11.579999923706055,6200
2007-04-19,11.569999694824219,11.619999885559082,11.539999961853027,11.579999923706055,11.579999923706055,7100
2007-04-20,11.5,11.5,11.390000343322754,11.449999809265137,11.449999809265137,4600
2007-04-23,11.4399995803833,11.539999961853027,11.180000305175781,11.180000305175781,11.180000305175781,17200
2007-04-24,11.0,11.0,10.619999885559082,10.800000190734863,10.800000190734863,64600
2007-04-25,10.84000015258789,11.0,10.84000015258789,10.869999885559082,10.869999885559082,26000
2007-04-26,10.920000076293945,10.920000076293945,10.729999542236328,10.850000381469727,10.850000381469727,17000
2007-04-27,10.880000114440918,10.880000114440918,10.65999984741211,10.779999732971191,10.779999732971191,10400
2007-04-30,10.800000190734863,10.829999923706055,10.670000076293945,10.670000076293945,10.670000076293945,6600
2007-05-01,10.65999984741211,11.210000038146973,10.65999984741211,11.020000457763672,11.020000457763672,16400
2007-05-02,10.960000038146973,11.130000114440918,10.850000381469727,10.850000381469727,10.850000381469727,41900
2007-05-03,10.8100004196167,10.9399995803833,10.8100004196167,10.869999885559082,10.869999885559082,4600
2007-05-04,10.850000381469727,10.880000114440918,10.630000114440918,10.699999809265137,10.699999809265137,20600
2007-05-07,10.819999694824219,10.859999656677246,10.420000076293945,10.420000076293945,10.420000076293945,44900
2007-05-08,10.489999771118164,10.899999618530273,10.430000305175781,10.800000190734863,10.800000190734863,16500
2007-05-09,10.850000381469727,11.050000190734863,10.800000190734863,10.989999771118164,10.989999771118164,11700
2007-05-10,11.039999961853027,11.1899995803833,10.850000381469727,10.869999885559082,10.869999885559082,20600
2007-05-11,11.119999885559082,11.119999885559082,10.819999694824219,10.84000015258789,10.84000015258789,40200
2007-05-14,10.8100004196167,10.890000343322754,10.75,10.75,10.75,52100
2007-05-15,10.800000190734863,10.90999984741211,10.600000381469727,10.609999656677246,10.609999656677246,25900
2007-05-16,10.529999732971191,10.609999656677246,10.470000267028809,10.609999656677246,10.609999656677246,11000
2007-05-17,10.479999542236328,10.600000381469727,10.479999542236328,10.5600004196167,10.5600004196167,8600
2007-05-18,10.550000190734863,10.75,10.550000190734863,10.630000114440918,10.630000114440918,11100
2007-05-21,10.550000190734863,10.6899995803833,10.550000190734863,10.619999885559082,10.619999885559082,6400
2007-05-22,10.550000190734863,10.8100004196167,10.539999961853027,10.8100004196167,10.8100004196167,10900
2007-05-23,10.710000038146973,10.989999771118164,10.699999809265137,10.989999771118164,10.989999771118164,13500
2007-05-24,10.989999771118164,11.029999732971191,10.920000076293945,11.029999732971191,11.029999732971191,5600
2007-05-25,11.050000190734863,11.050000190734863,10.970000267028809,10.989999771118164,10.989999771118164,34200
2007-05-29,10.979999542236328,11.119999885559082,10.979999542236328,11.100000381469727,11.100000381469727,5500
2007-05-30,11.079999923706055,11.170000076293945,11.079999923706055,11.09000015258789,11.09000015258789,8400
2007-05-31,11.020000457763672,11.199999809265137,11.020000457763672,11.199999809265137,11.199999809265137,5500
2007-06-01,11.1899995803833,11.369999885559082,11.180000305175781,11.369999885559082,11.369999885559082,2400
2007-06-04,11.239999771118164,11.600000381469727,11.239999771118164,11.550000190734863,11.550000190734863,24700
2007-06-05,11.420000076293945,11.5,11.319999694824219,11.399999618530273,11.399999618530273,11700
2007-06-06,11.460000038146973,11.460000038146973,11.180000305175781,11.1899995803833,11.1899995803833,6000
2007-06-07,11.069999694824219,11.180000305175781,10.949999809265137,11.050000190734863,11.050000190734863,5600
2007-06-08,11.0,11.09000015258789,11.0,11.039999961853027,11.039999961853027,8200
2007-06-11,11.050000190734863,11.09000015258789,11.010000228881836,11.09000015258789,11.09000015258789,31000
2007-06-12,10.989999771118164,11.079999923706055,10.979999542236328,10.989999771118164,10.989999771118164,14700
2007-06-13,11.050000190734863,11.25,11.050000190734863,11.25,11.25,2500
2007-06-14,11.180000305175781,11.399999618530273,11.180000305175781,11.380000114440918,11.380000114440918,5900
2007-06-15,11.25,11.399999618530273,11.210000038146973,11.399999618530273,11.399999618530273,7300
2007-06-18,11.270000457763672,11.399999618530273,11.25,11.34000015258789,11.34000015258789,5000
2007-06-19,11.270000457763672,11.369999885559082,11.270000457763672,11.34000015258789,11.34000015258789,4000
2007-06-20,11.350000381469727,11.399999618530273,11.319999694824219,11.34000015258789,11.34000015258789,6200
2007-06-21,11.34000015258789,11.380000114440918,11.300000190734863,11.3100004196167,11.3100004196167,3700
2007-06-22,11.289999961853027,11.420000076293945,11.199999809265137,11.420000076293945,11.420000076293945,5500
2007-06-25,11.579999923706055,11.75,11.319999694824219,11.5,11.5,27000
2007-06-26,11.600000381469727,11.640000343322754,11.40999984741211,11.470000267028809,11.470000267028809,17600
2007-06-27,11.399999618530273,11.420000076293945,11.369999885559082,11.380000114440918,11.380000114440918,14900
2007-06-28,11.319999694824219,11.430000305175781,11.319999694824219,11.350000381469727,11.350000381469727,3700
2007-06-29,11.3100004196167,11.479999542236328,11.0,11.399999618530273,11.399999618530273,263800
2007-07-02,11.479999542236328,11.550000190734863,11.369999885559082,11.420000076293945,11.420000076293945,11400
2007-07-03,11.430000305175781,11.470000267028809,11.239999771118164,11.319999694824219,11.319999694824219,16100
2007-07-05,11.239999771118164,11.3100004196167,11.010000228881836,11.149999618530273,11.149999618530273,22900
2007-07-06,11.220000267028809,11.289999961853027,11.180000305175781,11.289999961853027,11.289999961853027,8600
2007-07-09,11.25,11.270000457763672,10.899999618530273,10.899999618530273,10.899999618530273,52500
2007-07-10,10.960000038146973,11.260000228881836,10.899999618530273,11.180000305175781,11.180000305175781,9300
2007-07-11,11.0600004196167,11.130000114440918,10.899999618530273,10.899999618530273,10.899999618530273,60600
2007-07-12,11.029999732971191,11.029999732971191,10.899999618530273,10.949999809265137,10.949999809265137,11300
2007-07-13,10.899999618530273,11.100000381469727,10.899999618530273,11.0,11.0,7300
2007-07-16,10.970000267028809,11.0,10.899999618530273,11.0,11.0,12800
2007-07-17,10.970000267028809,11.050000190734863,10.880000114440918,10.920000076293945,10.920000076293945,16100
2007-07-18,10.9399995803833,10.9399995803833,10.539999961853027,10.640000343322754,10.640000343322754,20600
2007-07-19,10.600000381469727,10.630000114440918,10.359999656677246,10.380000114440918,10.380000114440918,12500
2007-07-20,10.40999984741211,10.550000190734863,9.319999694824219,9.369999885559082,9.369999885559082,29900
2007-07-23,9.470000267028809,10.010000228881836,9.380000114440918,9.760000228881836,9.760000228881836,37700
2007-07-24,9.680000305175781,9.789999961853027,9.460000038146973,9.460000038146973,9.460000038146973,11100
2007-07-25,8.850000381469727,9.0,8.050000190734863,8.079999923706055,8.079999923706055,215600
2007-07-26,8.0,8.229999542236328,6.179999828338623,6.300000190734863,6.300000190734863,302900
2007-07-27,7.489999771118164,8.4399995803833,6.889999866485596,7.599999904632568,7.599999904632568,226400
2007-07-30,8.300000190734863,8.399999618530273,7.860000133514404,7.920000076293945,7.920000076293945,65900
2007-07-31,8.010000228881836,9.0,7.710000038146973,8.539999961853027,8.539999961853027,63000
2007-08-01,8.350000381469727,8.779999732971191,8.350000381469727,8.4399995803833,8.4399995803833,30700
2007-08-02,8.449999809265137,8.579999923706055,7.880000114440918,7.900000095367432,7.900000095367432,20700
2007-08-03,7.960000038146973,8.180000305175781,7.849999904632568,7.880000114440918,7.880000114440918,16000
2007-08-06,7.769999980926514,8.0,7.5,7.539999961853027,7.539999961853027,21500
2007-08-07,7.739999771118164,8.029999732971191,7.610000133514404,7.869999885559082,7.869999885559082,41700
2007-08-08,7.949999809265137,8.65999984741211,7.949999809265137,8.260000228881836,8.260000228881836,164600
2007-08-09,8.239999771118164,8.529999732971191,7.769999980926514,7.840000152587891,7.840000152587891,44600
2007-08-10,7.880000114440918,7.980000019073486,6.289999961853027,6.519999980926514,6.519999980926514,101400
2007-08-13,6.659999847412109,7.190000057220459,6.599999904632568,6.880000114440918,6.880000114440918,81800
2007-08-14,6.949999809265137,7.099999904632568,6.659999847412109,6.860000133514404,6.860000133514404,54300
2007-08-15,6.800000190734863,6.829999923706055,6.690000057220459,6.75,6.75,13500
2007-08-16,6.920000076293945,6.920000076293945,6.25,6.429999828338623,6.429999828338623,40600
2007-08-17,6.619999885559082,6.650000095367432,6.440000057220459,6.5,6.5,64500
2007-08-20,6.510000228881836,6.690000057220459,6.28000020980835,6.5,6.5,85300
2007-08-21,6.5,6.579999923706055,6.460000038146973,6.46999979019165,6.46999979019165,11500
2007-08-22,6.670000076293945,6.699999809265137,6.449999809265137,6.489999771118164,6.489999771118164,36900
2007-08-23,6.5,6.590000152587891,6.260000228881836,6.389999866485596,6.389999866485596,71400
2007-08-24,6.340000152587891,6.440000057220459,6.340000152587891,6.400000095367432,6.400000095367432,41000
2007-08-27,6.320000171661377,6.400000095367432,6.320000171661377,6.360000133514404,6.360000133514404,45800
2007-08-28,6.360000133514404,6.380000114440918,6.329999923706055,6.369999885559082,6.369999885559082,34100
2007-08-29,6.360000133514404,6.380000114440918,6.329999923706055,6.369999885559082,6.369999885559082,43400
2007-08-30,6.369999885559082,6.429999828338623,6.349999904632568,6.369999885559082,6.369999885559082,17600
2007-08-31,6.380000114440918,6.380000114440918,6.340000152587891,6.360000133514404,6.360000133514404,19300
2007-09-04,6.400000095367432,7.099999904632568,6.269999980926514,6.909999847412109,6.909999847412109,188500
2007-09-05,6.940000057220459,7.03000020980835,6.769999980926514,6.909999847412109,6.909999847412109,29800
2007-09-06,6.909999847412109,6.989999771118164,6.860000133514404,6.940000057220459,6.940000057220459,40600
2007-09-07,6.869999885559082,6.869999885559082,6.5,6.679999828338623,6.679999828338623,136300
2007-09-10,6.739999771118164,6.739999771118164,6.269999980926514,6.289999961853027,6.289999961853027,52900
2007-09-11,6.420000076293945,6.460000038146973,6.28000020980835,6.320000171661377,6.320000171661377,26200
2007-09-12,6.320000171661377,6.429999828338623,6.260000228881836,6.260000228881836,6.260000228881836,63500
2007-09-13,6.340000152587891,6.610000133514404,6.320000171661377,6.610000133514404,6.610000133514404,19200
2007-09-14,6.630000114440918,6.809999942779541,6.449999809265137,6.650000095367432,6.650000095367432,57400
2007-09-17,6.690000057220459,6.690000057220459,6.289999961853027,6.289999961853027,6.289999961853027,21500
2007-09-18,6.400000095367432,6.590000152587891,6.340000152587891,6.590000152587891,6.590000152587891,33900
2007-09-19,6.670000076293945,7.699999809265137,6.559999942779541,7.550000190734863,7.550000190734863,96000
2007-09-20,7.570000171661377,7.570000171661377,6.900000095367432,7.03000020980835,7.03000020980835,44200
2007-09-21,6.75,6.849999904632568,6.46999979019165,6.800000190734863,6.800000190734863,57200
2007-09-24,6.929999828338623,7.380000114440918,6.519999980926514,7.0,7.0,70300
2007-09-25,7.159999847412109,7.199999809265137,6.769999980926514,6.889999866485596,6.889999866485596,11200
2007-09-26,6.920000076293945,7.099999904632568,6.829999923706055,6.940000057220459,6.940000057220459,10500
2007-09-27,6.920000076293945,7.019999980926514,6.78000020980835,6.889999866485596,6.889999866485596,10200
2007-09-28,6.809999942779541,6.880000114440918,6.510000228881836,6.75,6.75,57300
2007-10-01,6.699999809265137,6.829999923706055,6.269999980926514,6.380000114440918,6.380000114440918,63700
2007-10-02,6.420000076293945,6.699999809265137,6.309999942779541,6.5,6.5,53000
2007-10-03,6.519999980926514,6.519999980926514,6.320000171661377,6.329999923706055,6.329999923706055,24700
2007-10-04,6.460000038146973,6.849999904632568,6.309999942779541,6.579999923706055,6.579999923706055,126500
2007-10-05,6.579999923706055,6.889999866485596,6.570000171661377,6.610000133514404,6.610000133514404,41300
2007-10-08,6.550000190734863,6.679999828338623,6.409999847412109,6.440000057220459,6.440000057220459,43400
2007-10-09,6.440000057220459,6.730000019073486,6.369999885559082,6.590000152587891,6.590000152587891,86200
2007-10-10,6.739999771118164,6.860000133514404,6.630000114440918,6.820000171661377,6.820000171661377,53800
2007-10-11,6.679999828338623,6.769999980926514,6.489999771118164,6.550000190734863,6.550000190734863,109200
2007-10-12,6.550000190734863,6.659999847412109,6.5,6.53000020980835,6.53000020980835,50400
2007-10-15,6.510000228881836,6.690000057220459,6.5,6.519999980926514,6.519999980926514,102600
2007-10-16,6.5,6.659999847412109,6.409999847412109,6.639999866485596,6.639999866485596,107700
2007-10-17,6.539999961853027,6.760000228881836,6.53000020980835,6.760000228881836,6.760000228881836,29900
2007-10-18,6.699999809265137,6.920000076293945,6.650000095367432,6.849999904632568,6.849999904632568,132400
2007-10-19,6.900000095367432,7.329999923706055,6.900000095367432,7.099999904632568,7.099999904632568,99400
2007-10-22,7.090000152587891,7.440000057220459,7.090000152587891,7.440000057220459,7.440000057220459,40700
2007-10-23,7.429999828338623,7.860000133514404,7.25,7.610000133514404,7.610000133514404,58000
2007-10-24,8.0,8.25,7.599999904632568,7.650000095367432,7.650000095367432,111700
2007-10-25,7.880000114440918,8.050000190734863,7.650000095367432,7.960000038146973,7.960000038146973,48500
2007-10-26,8.0,8.0,7.28000020980835,7.800000190734863,7.800000190734863,176100
2007-10-29,7.769999980926514,7.900000095367432,7.610000133514404,7.800000190734863,7.800000190734863,38200
2007-10-30,7.710000038146973,8.010000228881836,7.510000228881836,7.800000190734863,7.800000190734863,29800
2007-10-31,7.78000020980835,7.800000190734863,7.539999961853027,7.579999923706055,7.579999923706055,54900
2007-11-01,7.25,7.510000228881836,7.21999979019165,7.400000095367432,7.400000095367432,89000
2007-11-02,7.400000095367432,7.539999961853027,7.400000095367432,7.5,7.5,23000
2007-11-05,7.460000038146973,7.639999866485596,7.349999904632568,7.53000020980835,7.53000020980835,31400
2007-11-06,7.510000228881836,7.539999961853027,7.309999942779541,7.539999961853027,7.539999961853027,22300
2007-11-07,7.539999961853027,7.949999809265137,7.380000114440918,7.400000095367432,7.400000095367432,60800
2007-11-08,7.400000095367432,7.460000038146973,7.210000038146973,7.289999961853027,7.289999961853027,24500
2007-11-09,7.269999980926514,7.570000171661377,7.25,7.570000171661377,7.570000171661377,30700
2007-11-12,7.510000228881836,8.149999618530273,7.510000228881836,7.829999923706055,7.829999923706055,32900
2007-11-13,7.690000057220459,8.229999542236328,7.690000057220459,7.900000095367432,7.900000095367432,17800
2007-11-14,7.949999809265137,7.949999809265137,7.449999809265137,7.5,7.5,25500
2007-11-15,7.599999904632568,7.960000038146973,7.599999904632568,7.769999980926514,7.769999980926514,9100
2007-11-16,7.710000038146973,7.71999979019165,7.599999904632568,7.699999809265137,7.699999809265137,13600
2007-11-19,7.630000114440918,7.630000114440918,7.420000076293945,7.539999961853027,7.539999961853027,24700
2007-11-20,7.5,7.570000171661377,7.159999847412109,7.309999942779541,7.309999942779541,60700
2007-11-21,7.230000019073486,7.369999885559082,7.139999866485596,7.289999961853027,7.289999961853027,13700
2007-11-23,7.400000095367432,7.519999980926514,7.329999923706055,7.380000114440918,7.380000114440918,2200
2007-11-26,7.300000190734863,7.519999980926514,7.300000190734863,7.369999885559082,7.369999885559082,20800
2007-11-27,7.28000020980835,7.420000076293945,7.099999904632568,7.170000076293945,7.170000076293945,21100
2007-11-28,7.389999866485596,7.400000095367432,7.190000057220459,7.230000019073486,7.230000019073486,10400
2007-11-29,7.199999809265137,7.269999980926514,7.170000076293945,7.210000038146973,7.210000038146973,22300
2007-11-30,7.239999771118164,7.400000095367432,7.130000114440918,7.150000095367432,7.150000095367432,11000
2007-12-03,7.090000152587891,7.090000152587891,6.760000228881836,6.900000095367432,6.900000095367432,18100
2007-12-04,7.019999980926514,7.019999980926514,6.769999980926514,6.960000038146973,6.960000038146973,12600
2007-12-05,7.099999904632568,7.099999904632568,6.860000133514404,6.869999885559082,6.869999885559082,7700
2007-12-06,6.920000076293945,6.920000076293945,6.869999885559082,6.900000095367432,6.900000095367432,5800
2007-12-07,7.03000020980835,7.03000020980835,6.800000190734863,7.019999980926514,7.019999980926514,13700
2007-12-10,6.989999771118164,7.019999980926514,6.690000057220459,6.920000076293945,6.920000076293945,19300
2007-12-11,6.699999809265137,6.860000133514404,6.699999809265137,6.730000019073486,6.730000019073486,13600
2007-12-12,7.829999923706055,7.900000095367432,7.25,7.400000095367432,7.400000095367432,27900
2007-12-13,7.409999847412109,7.409999847412109,6.559999942779541,6.960000038146973,6.960000038146973,27400
2007-12-14,6.980000019073486,7.320000171661377,6.880000114440918,6.889999866485596,6.889999866485596,20500
2007-12-17,6.809999942779541,7.159999847412109,6.550000190734863,6.590000152587891,6.590000152587891,31200
2007-12-18,6.630000114440918,6.75,6.449999809265137,6.75,6.75,16600
2007-12-19,6.539999961853027,6.670000076293945,6.539999961853027,6.650000095367432,6.650000095367432,9300
2007-12-20,6.570000171661377,6.71999979019165,6.539999961853027,6.610000133514404,6.610000133514404,9600
2007-12-21,6.659999847412109,6.75,6.550000190734863,6.75,6.75,10600
2007-12-24,6.670000076293945,6.820000171661377,6.449999809265137,6.739999771118164,6.739999771118164,5500
2007-12-26,6.690000057220459,6.849999904632568,6.679999828338623,6.789999961853027,6.789999961853027,19900
2007-12-27,6.869999885559082,6.909999847412109,6.75,6.78000020980835,6.78000020980835,12400
2007-12-28,6.710000038146973,6.989999771118164,6.690000057220459,6.699999809265137,6.699999809265137,11700
2007-12-31,6.679999828338623,6.760000228881836,6.679999828338623,6.71999979019165,6.71999979019165,9500
2008-01-02,6.650000095367432,6.940000057220459,6.610000133514404,6.610000133514404,6.610000133514404,12400
2008-01-03,6.590000152587891,6.650000095367432,6.300000190734863,6.389999866485596,6.389999866485596,51700
2008-01-04,6.25,6.380000114440918,6.050000190734863,6.150000095367432,6.150000095367432,25700
2008-01-07,6.139999866485596,6.269999980926514,5.489999771118164,5.710000038146973,5.710000038146973,30100
2008-01-08,5.670000076293945,6.289999961853027,5.670000076293945,5.909999847412109,5.909999847412109,28100
2008-01-09,5.96999979019165,6.690000057220459,5.949999809265137,6.360000133514404,6.360000133514404,64500
2008-01-10,6.21999979019165,6.559999942779541,6.21999979019165,6.260000228881836,6.260000228881836,20800
2008-01-11,6.320000171661377,6.389999866485596,5.989999771118164,6.019999980926514,6.019999980926514,16300
2008-01-14,6.150000095367432,6.510000228881836,5.960000038146973,6.400000095367432,6.400000095367432,31600
2008-01-15,6.400000095367432,6.400000095367432,6.0,6.03000020980835,6.03000020980835,13300
2008-01-16,6.099999904632568,6.599999904632568,6.099999904632568,6.369999885559082,6.369999885559082,51300
2008-01-17,6.429999828338623,6.710000038146973,6.380000114440918,6.650000095367432,6.650000095367432,29100
2008-01-18,6.639999866485596,6.639999866485596,6.139999866485596,6.559999942779541,6.559999942779541,27700
2008-01-22,6.460000038146973,6.739999771118164,6.0,6.739999771118164,6.739999771118164,17100
2008-01-23,6.510000228881836,7.099999904632568,6.510000228881836,7.099999904632568,7.099999904632568,21900
2008-01-24,6.909999847412109,7.570000171661377,6.909999847412109,7.550000190734863,7.550000190734863,41500
2008-01-25,8.0,8.15999984741211,7.21999979019165,7.840000152587891,7.840000152587891,54500
2008-01-28,7.809999942779541,7.989999771118164,7.239999771118164,7.659999847412109,7.659999847412109,49400
2008-01-29,7.789999961853027,8.149999618530273,7.769999980926514,8.0,8.0,99800
2008-01-30,7.980000019073486,8.479999542236328,7.940000057220459,7.980000019073486,7.980000019073486,34700
2008-01-31,8.479999542236328,8.479999542236328,8.0,8.270000457763672,8.270000457763672,39200
2008-02-01,8.15999984741211,8.260000228881836,7.949999809265137,8.029999732971191,8.029999732971191,48000
2008-02-04,8.020000457763672,8.300000190734863,7.940000057220459,7.980000019073486,7.980000019073486,20400
2008-02-05,7.769999980926514,8.130000114440918,7.769999980926514,7.840000152587891,7.840000152587891,19400
2008-02-06,7.929999828338623,8.149999618530273,7.730000019073486,7.829999923706055,7.829999923706055,13000
2008-02-07,7.920000076293945,8.079999923706055,7.679999828338623,8.0,8.0,32600
2008-02-08,7.989999771118164,8.0,7.909999847412109,7.949999809265137,7.949999809265137,19000
2008-02-11,7.880000114440918,8.029999732971191,7.880000114440918,7.989999771118164,7.989999771118164,9300
2008-02-12,7.940000057220459,8.0,7.789999961853027,7.849999904632568,7.849999904632568,16500
2008-02-13,7.809999942779541,7.949999809265137,7.739999771118164,7.800000190734863,7.800000190734863,69100
2008-02-14,7.659999847412109,7.949999809265137,7.519999980926514,7.800000190734863,7.800000190734863,7700
2008-02-15,7.800000190734863,7.820000171661377,7.71999979019165,7.739999771118164,7.739999771118164,2800
2008-02-19,7.670000076293945,7.789999961853027,7.510000228881836,7.510000228881836,7.510000228881836,10400
2008-02-20,7.53000020980835,7.829999923706055,7.5,7.809999942779541,7.809999942779541,10800
2008-02-21,7.849999904632568,7.920000076293945,7.659999847412109,7.880000114440918,7.880000114440918,7100
2008-02-22,7.829999923706055,8.300000190734863,7.610000133514404,8.100000381469727,8.100000381469727,40500
2008-02-25,7.989999771118164,7.989999771118164,7.679999828338623,7.949999809265137,7.949999809265137,15500
2008-02-26,7.989999771118164,7.989999771118164,7.75,7.769999980926514,7.769999980926514,22000
2008-02-27,7.820000171661377,8.039999961853027,7.599999904632568,7.630000114440918,7.630000114440918,8400
2008-02-28,7.639999866485596,7.699999809265137,7.269999980926514,7.429999828338623,7.429999828338623,15300
2008-02-29,7.389999866485596,7.869999885559082,7.21999979019165,7.869999885559082,7.869999885559082,24500
2008-03-03,7.849999904632568,7.849999904632568,6.949999809265137,7.0,7.0,22800
2008-03-04,7.0,7.090000152587891,6.519999980926514,6.710000038146973,6.710000038146973,40000
2008-03-05,6.820000171661377,7.0,6.650000095367432,6.710000038146973,6.710000038146973,22400
2008-03-06,6.78000020980835,6.920000076293945,6.599999904632568,6.670000076293945,6.670000076293945,10400
2008-03-07,6.71999979019165,7.079999923706055,6.650000095367432,6.78000020980835,6.78000020980835,7700
2008-03-10,6.849999904632568,6.900000095367432,6.329999923706055,6.389999866485596,6.389999866485596,8600
2008-03-11,6.260000228881836,7.210000038146973,6.260000228881836,6.849999904632568,6.849999904632568,12600
2008-03-12,6.940000057220459,6.949999809265137,6.440000057220459,6.699999809265137,6.699999809265137,6900
2008-03-13,6.320000171661377,6.570000171661377,6.230000019073486,6.510000228881836,6.510000228881836,12900
2008-03-14,6.559999942779541,6.579999923706055,6.329999923706055,6.329999923706055,6.329999923706055,4200
2008-03-17,6.5,6.570000171661377,6.260000228881836,6.300000190734863,6.300000190734863,6800
2008-03-18,6.269999980926514,6.400000095367432,5.599999904632568,5.599999904632568,5.599999904632568,12000
2008-03-19,5.760000228881836,6.230000019073486,5.630000114440918,6.210000038146973,6.210000038146973,17800
2008-03-20,6.25,6.5,6.25,6.5,6.5,5700
2008-03-24,6.610000133514404,6.800000190734863,6.480000019073486,6.710000038146973,6.710000038146973,13600
2008-03-25,6.510000228881836,7.360000133514404,5.820000171661377,7.360000133514404,7.360000133514404,57800
2008-03-26,7.230000019073486,7.230000019073486,5.739999771118164,6.829999923706055,6.829999923706055,27100
2008-03-27,6.03000020980835,6.090000152587891,5.21999979019165,5.559999942779541,5.559999942779541,339100
2008-03-28,5.599999904632568,6.0,5.5,5.900000095367432,5.900000095367432,174800
2008-03-31,5.71999979019165,5.71999979019165,5.099999904632568,5.190000057220459,5.190000057220459,462300
2008-04-01,5.309999942779541,5.53000020980835,5.019999980926514,5.480000019073486,5.480000019073486,21200
2008-04-02,5.610000133514404,6.449999809265137,5.349999904632568,6.230000019073486,6.230000019073486,35300
2008-04-03,6.090000152587891,6.090000152587891,5.650000095367432,5.75,5.75,12300
2008-04-04,5.5,5.690000057220459,5.380000114440918,5.53000020980835,5.53000020980835,25900
2008-04-07,5.650000095367432,5.75,5.5,5.699999809265137,5.699999809265137,19000
2008-04-08,5.690000057220459,6.25,5.679999828338623,6.25,6.25,14200
2008-04-09,6.21999979019165,6.21999979019165,5.570000171661377,5.639999866485596,5.639999866485596,15000
2008-04-10,5.440000057220459,5.789999961853027,5.420000076293945,5.539999961853027,5.539999961853027,9600
2008-04-11,5.579999923706055,5.769999980926514,5.46999979019165,5.630000114440918,5.630000114440918,8900
2008-04-14,5.579999923706055,5.75,5.409999847412109,5.75,5.75,16500
2008-04-15,5.630000114440918,6.110000133514404,5.519999980926514,5.980000019073486,5.980000019073486,19400
2008-04-16,6.0,6.010000228881836,5.440000057220459,5.480000019073486,5.480000019073486,45000
2008-04-17,5.579999923706055,5.760000228881836,5.550000190734863,5.550000190734863,5.550000190734863,12700
2008-04-18,5.75,6.090000152587891,5.46999979019165,6.090000152587891,6.090000152587891,12500
2008-04-21,6.150000095367432,6.150000095367432,5.5,5.599999904632568,5.599999904632568,25300
2008-04-22,5.739999771118164,5.789999961853027,5.539999961853027,5.550000190734863,5.550000190734863,16500
2008-04-23,5.550000190734863,5.559999942779541,5.369999885559082,5.440000057220459,5.440000057220459,26800
2008-04-24,5.380000114440918,5.639999866485596,5.369999885559082,5.380000114440918,5.380000114440918,8000
2008-04-25,5.449999809265137,5.789999961853027,5.449999809265137,5.659999847412109,5.659999847412109,9300
2008-04-28,5.75,5.75,5.570000171661377,5.590000152587891,5.590000152587891,5700
2008-04-29,5.670000076293945,5.690000057220459,5.409999847412109,5.659999847412109,5.659999847412109,4300
2008-04-30,5.739999771118164,5.75,5.579999923706055,5.730000019073486,5.730000019073486,4500
2008-05-01,5.690000057220459,5.75,5.650000095367432,5.75,5.75,5400
2008-05-02,5.690000057220459,5.989999771118164,5.690000057220459,5.989999771118164,5.989999771118164,4300
2008-05-05,5.789999961853027,5.840000152587891,5.559999942779541,5.590000152587891,5.590000152587891,5900
2008-05-06,5.650000095367432,5.760000228881836,5.639999866485596,5.760000228881836,5.760000228881836,3800
2008-05-07,5.550000190734863,5.940000057220459,5.5,5.550000190734863,5.550000190734863,9400
2008-05-08,5.590000152587891,5.619999885559082,5.5,5.539999961853027,5.539999961853027,8700
2008-05-09,5.590000152587891,5.610000133514404,5.5,5.519999980926514,5.519999980926514,5900
2008-05-12,5.5,5.590000152587891,5.480000019073486,5.480000019073486,5.480000019073486,5600
2008-05-13,5.409999847412109,5.420000076293945,5.170000076293945,5.28000020980835,5.28000020980835,11300
2008-05-14,5.340000152587891,5.579999923706055,5.340000152587891,5.460000038146973,5.460000038146973,5200
2008-05-15,5.519999980926514,5.590000152587891,5.119999885559082,5.210000038146973,5.210000038146973,32700
2008-05-16,5.300000190734863,5.389999866485596,5.260000228881836,5.369999885559082,5.369999885559082,5100
2008-05-19,5.21999979019165,5.25,5.03000020980835,5.170000076293945,5.170000076293945,13700
2008-05-20,5.110000133514404,5.369999885559082,5.010000228881836,5.03000020980835,5.03000020980835,66900
2008-05-21,5.03000020980835,5.230000019073486,5.03000020980835,5.119999885559082,5.119999885559082,68300
2008-05-22,5.119999885559082,5.320000171661377,5.03000020980835,5.039999961853027,5.039999961853027,47500
2008-05-23,5.21999979019165,5.260000228881836,4.960000038146973,4.96999979019165,4.96999979019165,26200
2008-05-27,5.019999980926514,5.039999961853027,4.960000038146973,4.960000038146973,4.960000038146973,15800
2008-05-28,4.920000076293945,5.010000228881836,4.860000133514404,4.949999809265137,4.949999809265137,21400
2008-05-29,4.849999904632568,4.949999809265137,4.75,4.75,4.75,12500
2008-05-30,4.75,5.0,4.5,4.739999771118164,4.739999771118164,32600
2008-06-02,4.650000095367432,4.699999809265137,4.5,4.5,4.5,18900
2008-06-03,4.53000020980835,4.53000020980835,4.0,4.079999923706055,4.079999923706055,26700
2008-06-04,4.099999904632568,4.199999809265137,3.6600000858306885,3.819999933242798,3.819999933242798,64100
2008-06-05,3.880000114440918,3.990000009536743,3.759999990463257,3.799999952316284,3.799999952316284,30500
2008-06-06,3.799999952316284,3.799999952316284,3.6500000953674316,3.6500000953674316,3.6500000953674316,32500
2008-06-09,3.799999952316284,4.0,3.619999885559082,3.799999952316284,3.799999952316284,67000
2008-06-10,3.5299999713897705,3.759999990463257,3.299999952316284,3.4200000762939453,3.4200000762939453,40200
2008-06-11,3.450000047683716,3.8399999141693115,3.309999942779541,3.4800000190734863,3.4800000190734863,56900
2008-06-12,3.5299999713897705,3.740000009536743,3.369999885559082,3.4200000762939453,3.4200000762939453,33800
2008-06-13,3.4100000858306885,3.5199999809265137,3.4100000858306885,3.4600000381469727,3.4600000381469727,9900
2008-06-16,3.4700000286102295,3.5,2.9000000953674316,2.990000009536743,2.990000009536743,75700
2008-06-17,3.0,3.140000104904175,2.990000009536743,3.0199999809265137,3.0199999809265137,96800
2008-06-18,2.9800000190734863,3.309999942779541,2.9100000858306885,3.0199999809265137,3.0199999809265137,63800
2008-06-19,3.069999933242798,3.5,3.069999933242798,3.450000047683716,3.450000047683716,43800
2008-06-20,3.380000114440918,4.25,3.140000104904175,4.199999809265137,4.199999809265137,61800
2008-06-23,4.159999847412109,4.199999809265137,4.050000190734863,4.130000114440918,4.130000114440918,164600
2008-06-24,4.190000057220459,4.46999979019165,4.070000171661377,4.369999885559082,4.369999885559082,35800
2008-06-25,4.440000057220459,5.010000228881836,4.440000057220459,4.75,4.75,48100
2008-06-26,4.75,5.0,3.930000066757202,4.0,4.0,99400
2008-06-27,4.059999942779541,4.059999942779541,2.9000000953674316,3.1700000762939453,3.1700000762939453,107600
2008-06-30,3.25,3.509999990463257,3.25,3.3499999046325684,3.3499999046325684,26100
2008-07-01,3.2899999618530273,3.569999933242798,3.200000047683716,3.509999990463257,3.509999990463257,17400
2008-07-02,3.369999885559082,3.5299999713897705,3.3399999141693115,3.5,3.5,11400
2008-07-03,3.559999942779541,3.8399999141693115,3.5399999618530273,3.8399999141693115,3.8399999141693115,7500
2008-07-07,3.8499999046325684,4.230000019073486,3.8399999141693115,4.070000171661377,4.070000171661377,24800
2008-07-08,4.139999866485596,4.199999809265137,3.7200000286102295,4.130000114440918,4.130000114440918,13200
2008-07-09,4.150000095367432,4.179999828338623,3.950000047683716,3.9600000381469727,3.9600000381469727,4300
2008-07-10,4.019999980926514,4.099999904632568,3.619999885559082,3.630000114440918,3.630000114440918,8100
2008-07-11,3.8399999141693115,3.9100000858306885,3.609999895095825,3.809999942779541,3.809999942779541,6300
2008-07-14,3.9000000953674316,3.9200000762939453,3.5899999141693115,3.6500000953674316,3.6500000953674316,12300
2008-07-15,3.5999999046325684,3.75,3.5999999046325684,3.630000114440918,3.630000114440918,4900
2008-07-16,3.759999990463257,3.990000009536743,3.759999990463257,3.859999895095825,3.859999895095825,23000
2008-07-17,3.9100000858306885,4.199999809265137,3.7899999618530273,3.8499999046325684,3.8499999046325684,33600
2008-07-18,3.9100000858306885,3.950000047683716,3.799999952316284,3.890000104904175,3.890000104904175,42400
2008-07-21,4.010000228881836,4.170000076293945,3.9100000858306885,4.150000095367432,4.150000095367432,35900
2008-07-22,4.199999809265137,4.730000019073486,4.090000152587891,4.539999961853027,4.539999961853027,34300
2008-07-23,4.519999980926514,4.949999809265137,4.409999847412109,4.800000190734863,4.800000190734863,130600
2008-07-24,4.869999885559082,4.960000038146973,4.550000190734863,4.559999942779541,4.559999942779541,25900
2008-07-25,4.489999771118164,4.619999885559082,4.050000190734863,4.079999923706055,4.079999923706055,92500
2008-07-28,4.099999904632568,4.309999942779541,3.869999885559082,4.070000171661377,4.070000171661377,57300
2008-07-29,4.210000038146973,4.550000190734863,4.210000038146973,4.429999828338623,4.429999828338623,30000
2008-07-30,4.760000228881836,5.179999828338623,4.699999809265137,4.909999847412109,4.909999847412109,75400
2008-07-31,4.769999980926514,5.199999809265137,4.75,5.099999904632568,5.099999904632568,67300
2008-08-01,5.019999980926514,5.179999828338623,5.019999980926514,5.150000095367432,5.150000095367432,16400
2008-08-04,5.150000095367432,5.289999961853027,5.059999942779541,5.170000076293945,5.170000076293945,24300
2008-08-05,5.199999809265137,5.489999771118164,5.099999904632568,5.320000171661377,5.320000171661377,47000
2008-08-06,5.230000019073486,5.599999904632568,5.230000019073486,5.460000038146973,5.460000038146973,118600
2008-08-07,5.320000171661377,5.619999885559082,5.320000171661377,5.409999847412109,5.409999847412109,37600
2008-08-08,5.320000171661377,5.579999923706055,5.320000171661377,5.550000190734863,5.550000190734863,57200
2008-08-11,5.639999866485596,5.639999866485596,5.320000171661377,5.429999828338623,5.429999828338623,75200
2008-08-12,5.289999961853027,5.360000133514404,5.179999828338623,5.260000228881836,5.260000228881836,44800
2008-08-13,5.159999847412109,5.349999904632568,5.159999847412109,5.309999942779541,5.309999942779541,26200
2008-08-14,5.199999809265137,5.329999923706055,5.019999980926514,5.050000190734863,5.050000190734863,42200
2008-08-15,5.130000114440918,5.510000228881836,5.130000114440918,5.28000020980835,5.28000020980835,42500
2008-08-18,5.460000038146973,5.460000038146973,4.96999979019165,5.230000019073486,5.230000019073486,59900
2008-08-19,4.989999771118164,5.110000133514404,4.960000038146973,5.010000228881836,5.010000228881836,8500
2008-08-20,4.96999979019165,4.96999979019165,4.610000133514404,4.630000114440918,4.630000114440918,27500
2008-08-21,4.699999809265137,4.75,4.099999904632568,4.289999961853027,4.289999961853027,52600
2008-08-22,4.25,4.46999979019165,4.25,4.46999979019165,4.46999979019165,56400
2008-08-25,4.349999904632568,4.989999771118164,4.150000095367432,4.610000133514404,4.610000133514404,74400
2008-08-26,4.690000057220459,4.889999866485596,4.550000190734863,4.760000228881836,4.760000228881836,13600
2008-08-27,4.650000095367432,4.650000095367432,4.519999980926514,4.539999961853027,4.539999961853027,20600
2008-08-28,4.670000076293945,4.670000076293945,4.420000076293945,4.5,4.5,45900
2008-08-29,4.480000019073486,4.480000019073486,4.329999923706055,4.420000076293945,4.420000076293945,12000
2008-09-02,4.480000019073486,4.849999904632568,4.349999904632568,4.369999885559082,4.369999885559082,39400
2008-09-03,4.360000133514404,4.480000019073486,4.300000190734863,4.340000152587891,4.340000152587891,10700
2008-09-04,4.28000020980835,4.289999961853027,4.199999809265137,4.260000228881836,4.260000228881836,28700
2008-09-05,4.179999828338623,4.460000038146973,4.110000133514404,4.300000190734863,4.300000190734863,16200
2008-09-08,4.320000171661377,4.53000020980835,4.039999961853027,4.050000190734863,4.050000190734863,18300
2008-09-09,4.110000133514404,4.110000133514404,3.9200000762939453,3.990000009536743,3.990000009536743,20000
2008-09-10,3.940000057220459,4.260000228881836,3.9100000858306885,4.110000133514404,4.110000133514404,22900
2008-09-11,4.070000171661377,4.070000171661377,3.990000009536743,4.010000228881836,4.010000228881836,2800
2008-09-12,4.070000171661377,4.070000171661377,3.9100000858306885,4.070000171661377,4.070000171661377,28100
2008-09-15,3.9000000953674316,4.010000228881836,3.809999942779541,3.8499999046325684,3.8499999046325684,28000
2008-09-16,3.9800000190734863,3.9800000190734863,3.759999990463257,3.8399999141693115,3.8399999141693115,18100
2008-09-17,3.859999895095825,3.950000047683716,3.609999895095825,3.6600000858306885,3.6600000858306885,94300
2008-09-18,3.5899999141693115,3.890000104904175,3.430000066757202,3.4700000286102295,3.4700000286102295,51200
2008-09-19,3.5299999713897705,3.9800000190734863,3.5299999713897705,3.9800000190734863,3.9800000190734863,27100
2008-09-22,3.9800000190734863,3.9800000190734863,3.6500000953674316,3.759999990463257,3.759999990463257,17700
2008-09-23,3.7799999713897705,3.7799999713897705,3.490000009536743,3.5799999237060547,3.5799999237060547,17800
2008-09-24,3.559999942779541,3.700000047683716,3.440000057220459,3.440000057220459,3.440000057220459,13600
2008-09-25,3.4000000953674316,3.4100000858306885,3.240000009536743,3.240000009536743,3.240000009536743,31900
2008-09-26,3.2799999713897705,3.2799999713897705,3.1600000858306885,3.2100000381469727,3.2100000381469727,6100
2008-09-29,3.240000009536743,3.240000009536743,2.700000047683716,2.700000047683716,2.700000047683716,128400
2008-09-30,2.759999990463257,3.0,2.7100000381469727,2.880000114440918,2.880000114440918,32400
2008-10-01,2.990000009536743,3.2200000286102295,2.880000114440918,3.0,3.0,50800
2008-10-02,2.9200000762939453,3.140000104904175,2.8499999046325684,3.0,3.0,24100
2008-10-03,2.9800000190734863,2.9800000190734863,2.5,2.5,2.5,17900
2008-10-06,2.5299999713897705,2.5299999713897705,1.909999966621399,1.940000057220459,1.940000057220459,110500
2008-10-07,2.0,2.390000104904175,1.9500000476837158,2.009999990463257,2.009999990463257,208100
2008-10-08,2.0,3.0899999141693115,1.8700000047683716,2.009999990463257,2.009999990463257,199700
2008-10-09,2.0899999141693115,2.3399999141693115,2.0,2.009999990463257,2.009999990463257,40500
2008-10-10,2.009999990463257,2.130000114440918,2.0,2.009999990463257,2.009999990463257,28100
2008-10-13,2.809999942779541,2.809999942779541,2.069999933242798,2.299999952316284,2.299999952316284,40800
2008-10-14,2.5799999237060547,2.869999885559082,2.049999952316284,2.549999952316284,2.549999952316284,70100
2008-10-15,2.75,2.75,2.0199999809265137,2.0199999809265137,2.0199999809265137,23800
2008-10-16,2.0299999713897705,2.119999885559082,1.899999976158142,1.899999976158142,1.899999976158142,117700
2008-10-17,1.9199999570846558,2.0799999237060547,1.9199999570846558,1.9199999570846558,1.9199999570846558,30100
2008-10-20,1.8799999952316284,2.0399999618530273,1.850000023841858,1.909999966621399,1.909999966621399,16400
2008-10-21,1.7699999809265137,2.0,1.7699999809265137,1.899999976158142,1.899999976158142,38700
2008-10-22,1.940000057220459,1.9600000381469727,1.8200000524520874,1.840000033378601,1.840000033378601,38500
2008-10-23,1.840000033378601,1.9600000381469727,1.75,1.7599999904632568,1.7599999904632568,62600
2008-10-24,1.850000023841858,2.0,1.6799999475479126,1.6799999475479126,1.6799999475479126,38800
2008-10-27,1.809999942779541,1.9500000476837158,1.6699999570846558,1.6699999570846558,1.6699999570846558,18800
2008-10-28,1.7599999904632568,1.9800000190734863,1.7000000476837158,1.75,1.75,51000
2008-10-29,1.809999942779541,1.9199999570846558,1.7200000286102295,1.7200000286102295,1.7200000286102295,93800
2008-10-30,1.7000000476837158,1.9700000286102295,1.7000000476837158,1.8899999856948853,1.8899999856948853,55900
2008-10-31,1.909999966621399,2.0899999141693115,1.8600000143051147,2.0899999141693115,2.0899999141693115,56900
2008-11-03,2.0,2.0899999141693115,1.850000023841858,1.850000023841858,1.850000023841858,17400
2008-11-04,1.850000023841858,2.0899999141693115,1.850000023841858,1.9900000095367432,1.9900000095367432,11400
2008-11-05,1.9900000095367432,1.9900000095367432,1.7599999904632568,1.7599999904632568,1.7599999904632568,42800
2008-11-06,1.75,1.850000023841858,1.75,1.7899999618530273,1.7899999618530273,27300
2008-11-07,1.8799999952316284,1.8799999952316284,1.75,1.75,1.75,37700
2008-11-10,1.840000033378601,1.840000033378601,1.600000023841858,1.6100000143051147,1.6100000143051147,50000
2008-11-11,1.600000023841858,1.7300000190734863,1.600000023841858,1.690000057220459,1.690000057220459,20600
2008-11-12,1.6799999475479126,1.7000000476837158,1.659999966621399,1.690000057220459,1.690000057220459,43900
2008-11-13,1.659999966621399,1.7200000286102295,1.659999966621399,1.659999966621399,1.659999966621399,11600
2008-11-14,1.6399999856948853,1.649999976158142,1.5499999523162842,1.5499999523162842,1.5499999523162842,49200
2008-11-17,1.559999942779541,1.559999942779541,1.4199999570846558,1.4199999570846558,1.4199999570846558,53800
2008-11-18,1.4900000095367432,1.5399999618530273,1.4800000190734863,1.5,1.5,24500
2008-11-19,1.4800000190734863,1.5,1.3600000143051147,1.4299999475479126,1.4299999475479126,48500
2008-11-20,1.4299999475479126,1.5,1.399999976158142,1.399999976158142,1.399999976158142,68600
2008-11-21,1.4900000095367432,1.4900000095367432,1.4600000381469727,1.4700000286102295,1.4700000286102295,17800
2008-11-24,1.440000057220459,1.4600000381469727,1.399999976158142,1.399999976158142,1.399999976158142,19800
2008-11-25,1.4700000286102295,1.4800000190734863,1.440000057220459,1.4600000381469727,1.4600000381469727,35400
2008-11-26,1.4500000476837158,1.7100000381469727,1.4299999475479126,1.4600000381469727,1.4600000381469727,109100
2008-11-28,1.4600000381469727,1.559999942779541,1.440000057220459,1.4900000095367432,1.4900000095367432,423500
2008-12-01,1.5099999904632568,1.7400000095367432,1.5,1.5,1.5,15000
2008-12-02,1.4900000095367432,1.850000023841858,1.4900000095367432,1.7000000476837158,1.7000000476837158,25400
2008-12-03,1.75,2.490000009536743,1.75,2.490000009536743,2.490000009536743,49600
2008-12-04,2.1500000953674316,2.200000047683716,1.7000000476837158,2.0199999809265137,2.0199999809265137,83200
2008-12-05,2.009999990463257,2.009999990463257,1.8600000143051147,2.009999990463257,2.009999990463257,9800
2008-12-08,2.109999895095825,2.2300000190734863,2.069999933242798,2.069999933242798,2.069999933242798,6700
2008-12-09,2.0999999046325684,2.180000066757202,2.009999990463257,2.0999999046325684,2.0999999046325684,4000
2008-12-10,1.9600000381469727,2.1600000858306885,1.9600000381469727,2.0,2.0,10000
2008-12-11,2.0999999046325684,2.140000104904175,1.9700000286102295,2.0299999713897705,2.0299999713897705,2500
2008-12-12,1.9199999570846558,2.0299999713897705,1.9199999570846558,2.009999990463257,2.009999990463257,9100
2008-12-15,2.1700000762939453,2.1700000762939453,2.0,2.0899999141693115,2.0899999141693115,26400
2008-12-16,2.119999885559082,2.119999885559082,2.0,2.0,2.0,29300
2008-12-17,2.0,2.059999942779541,1.9500000476837158,1.9500000476837158,1.9500000476837158,25500
2008-12-18,1.9500000476837158,2.0199999809265137,1.9199999570846558,1.9500000476837158,1.9500000476837158,36800
2008-12-19,2.0399999618530273,2.119999885559082,2.0399999618530273,2.119999885559082,2.119999885559082,18400
2008-12-22,2.0299999713897705,2.109999895095825,1.75,1.7999999523162842,1.7999999523162842,56200
2008-12-23,1.809999942779541,1.8600000143051147,1.75,1.75,1.75,27400
2008-12-24,1.75,1.7999999523162842,1.75,1.7999999523162842,1.7999999523162842,15800
2008-12-26,1.7699999809265137,1.850000023841858,1.75,1.7899999618530273,1.7899999618530273,5800
2008-12-29,1.8799999952316284,1.9299999475479126,1.7400000095367432,1.9299999475479126,1.9299999475479126,17400
2008-12-30,2.0399999618530273,2.059999942779541,1.850000023841858,1.9500000476837158,1.9500000476837158,35000
2008-12-31,2.0,2.009999990463257,2.0,2.0,2.0,9400
2009-01-02,2.0199999809265137,2.0199999809265137,1.899999976158142,1.9800000190734863,1.9800000190734863,35200
2009-01-05,1.940000057220459,2.0199999809265137,1.9199999570846558,1.9199999570846558,1.9199999570846558,2700
2009-01-06,2.059999942779541,2.359999895095825,1.9600000381469727,2.319999933242798,2.319999933242798,28300
2009-01-07,2.490000009536743,2.490000009536743,2.180000066757202,2.180000066757202,2.180000066757202,49000
2009-01-08,2.190000057220459,2.200000047683716,2.0799999237060547,2.0899999141693115,2.0899999141693115,10600
2009-01-09,2.059999942779541,2.299999952316284,2.0199999809265137,2.2699999809265137,2.2699999809265137,14300
2009-01-12,2.2699999809265137,2.2699999809265137,2.0899999141693115,2.190000057220459,2.190000057220459,8800
2009-01-13,2.190000057220459,2.259999990463257,2.140000104904175,2.259999990463257,2.259999990463257,19000
2009-01-14,2.1600000858306885,2.369999885559082,2.1600000858306885,2.369999885559082,2.369999885559082,45900
2009-01-15,2.369999885559082,2.390000104904175,2.2200000286102295,2.380000114440918,2.380000114440918,19800
2009-01-16,2.2799999713897705,2.299999952316284,2.25,2.25,2.25,3800
2009-01-20,2.200000047683716,2.3499999046325684,2.140000104904175,2.180000066757202,2.180000066757202,9300
2009-01-21,2.0399999618530273,2.1700000762939453,2.0399999618530273,2.1700000762939453,2.1700000762939453,1500
2009-01-22,2.0299999713897705,2.0999999046325684,2.0,2.0299999713897705,2.0299999713897705,18500
2009-01-23,1.9500000476837158,2.119999885559082,1.9500000476837158,2.119999885559082,2.119999885559082,11200
2009-01-26,2.1500000953674316,2.1500000953674316,1.909999966621399,1.9299999475479126,1.9299999475479126,21500
2009-01-27,1.9800000190734863,1.9800000190734863,1.899999976158142,1.899999976158142,1.899999976158142,5200
2009-01-28,1.909999966621399,1.9299999475479126,1.909999966621399,1.9199999570846558,1.9199999570846558,2300
2009-01-29,2.009999990463257,2.059999942779541,1.850000023841858,1.8600000143051147,1.8600000143051147,12100
2009-01-30,1.9700000286102295,1.9800000190734863,1.809999942779541,1.8200000524520874,1.8200000524520874,3900
2009-02-02,1.7999999523162842,1.8799999952316284,1.7699999809265137,1.7699999809265137,1.7699999809265137,9000
2009-02-03,1.7000000476837158,1.75,1.600000023841858,1.600000023841858,1.600000023841858,41600
2009-02-04,1.840000033378601,1.850000023841858,1.6200000047683716,1.6200000047683716,1.6200000047683716,93900
2009-02-05,1.6299999952316284,1.7899999618530273,1.600000023841858,1.7799999713897705,1.7799999713897705,41000
2009-02-06,1.649999976158142,2.0,1.6100000143051147,1.8300000429153442,1.8300000429153442,13500
2009-02-09,1.7699999809265137,1.9700000286102295,1.7599999904632568,1.9299999475479126,1.9299999475479126,14600
2009-02-10,2.0,2.0799999237060547,2.0,2.0199999809265137,2.0199999809265137,21800
2009-02-11,2.0799999237060547,2.0999999046325684,1.9900000095367432,2.059999942779541,2.059999942779541,14800
2009-02-12,2.0199999809265137,2.0799999237060547,1.7599999904632568,1.9800000190734863,1.9800000190734863,8900
2009-02-13,1.9900000095367432,2.0899999141693115,1.9900000095367432,2.069999933242798,2.069999933242798,31400
2009-02-17,2.0,2.009999990463257,1.9299999475479126,1.940000057220459,1.940000057220459,46400
2009-02-18,1.9900000095367432,2.049999952316284,1.9500000476837158,2.0,2.0,8500
2009-02-19,1.9900000095367432,2.009999990463257,1.8200000524520874,2.009999990463257,2.009999990463257,10200
2009-02-20,1.9700000286102295,2.0299999713897705,1.9500000476837158,1.9900000095367432,1.9900000095367432,14500
2009-02-23,2.0,2.0199999809265137,1.9900000095367432,2.0199999809265137,2.0199999809265137,7900
2009-02-24,1.9900000095367432,2.009999990463257,1.9700000286102295,1.9900000095367432,1.9900000095367432,15200
2009-02-25,1.9900000095367432,2.049999952316284,1.9299999475479126,1.9500000476837158,1.9500000476837158,308400
2009-02-26,1.9600000381469727,1.9900000095367432,1.9500000476837158,1.9800000190734863,1.9800000190734863,1200
2009-02-27,1.9199999570846558,1.9700000286102295,1.9199999570846558,1.9299999475479126,1.9299999475479126,3100
2009-03-02,1.9500000476837158,1.9800000190734863,1.9199999570846558,1.940000057220459,1.940000057220459,21600
2009-03-03,1.8899999856948853,2.049999952316284,1.7599999904632568,2.049999952316284,2.049999952316284,9600
2009-03-04,1.9500000476837158,1.9900000095367432,1.9500000476837158,1.9500000476837158,1.9500000476837158,700
2009-03-05,2.009999990463257,2.0199999809265137,1.909999966621399,1.9500000476837158,1.9500000476837158,9000
2009-03-06,2.0,2.0,1.899999976158142,1.9500000476837158,1.9500000476837158,35800
2009-03-09,1.9199999570846558,2.0399999618530273,1.9199999570846558,1.9900000095367432,1.9900000095367432,8200
2009-03-10,1.9800000190734863,2.200000047683716,1.9700000286102295,2.0799999237060547,2.0799999237060547,51700
2009-03-11,2.0199999809265137,2.0299999713897705,1.9800000190734863,2.0299999713897705,2.0299999713897705,5000
2009-03-12,2.069999933242798,2.069999933242798,1.9600000381469727,1.9700000286102295,1.9700000286102295,2700
2009-03-13,1.9800000190734863,1.9800000190734863,1.9500000476837158,1.9500000476837158,1.9500000476837158,19300
2009-03-16,1.9700000286102295,1.9800000190734863,1.9500000476837158,1.9600000381469727,1.9600000381469727,9500
2009-03-17,1.9500000476837158,1.9800000190734863,1.9199999570846558,1.9500000476837158,1.9500000476837158,1200
2009-03-18,1.9600000381469727,1.9800000190734863,1.909999966621399,1.9500000476837158,1.9500000476837158,2100
2009-03-19,1.909999966621399,1.909999966621399,1.7999999523162842,1.7999999523162842,1.7999999523162842,15500
2009-03-20,1.909999966621399,2.180000066757202,1.850000023841858,2.180000066757202,2.180000066757202,34400
2009-03-23,2.0799999237060547,2.0799999237060547,1.9500000476837158,1.9700000286102295,1.9700000286102295,6200
2009-03-24,1.9700000286102295,1.9700000286102295,1.9700000286102295,1.9700000286102295,1.9700000286102295,0
2009-03-25,1.9900000095367432,1.9900000095367432,1.9800000190734863,1.9900000095367432,1.9900000095367432,1200
2009-03-26,2.009999990463257,2.0799999237060547,1.9500000476837158,2.0799999237060547,2.0799999237060547,7500
2009-03-27,1.9900000095367432,1.9900000095367432,1.909999966621399,1.9500000476837158,1.9500000476837158,3000
2009-03-30,1.9600000381469727,1.9700000286102295,1.9500000476837158,1.9500000476837158,1.9500000476837158,1300
2009-03-31,1.9500000476837158,1.9700000286102295,1.9500000476837158,1.9600000381469727,1.9600000381469727,800
2009-04-01,1.9600000381469727,1.9600000381469727,1.9500000476837158,1.9500000476837158,1.9500000476837158,1200
2009-04-02,1.9800000190734863,2.009999990463257,1.9800000190734863,2.009999990463257,2.009999990463257,1100
2009-04-03,2.0299999713897705,2.180000066757202,2.0299999713897705,2.180000066757202,2.180000066757202,41800
2009-04-06,2.180000066757202,2.200000047683716,2.1500000953674316,2.1700000762939453,2.1700000762939453,20100
2009-04-07,2.190000057220459,2.190000057220459,1.9500000476837158,2.0199999809265137,2.0199999809265137,16200
2009-04-08,1.9700000286102295,2.009999990463257,1.9600000381469727,2.009999990463257,2.009999990463257,700
2009-04-09,1.9700000286102295,2.009999990463257,1.940000057220459,1.9500000476837158,1.9500000476837158,2600
2009-04-13,2.0,2.009999990463257,1.909999966621399,1.9299999475479126,1.9299999475479126,4200
2009-04-14,1.940000057220459,2.1500000953674316,1.940000057220459,2.0,2.0,4700
2009-04-15,2.049999952316284,2.059999942779541,2.0199999809265137,2.0199999809265137,2.0199999809265137,2700
2009-04-16,2.0999999046325684,2.130000114440918,1.9500000476837158,1.9500000476837158,1.9500000476837158,5500
2009-04-17,2.069999933242798,2.069999933242798,1.9199999570846558,1.9199999570846558,1.9199999570846558,2900
2009-04-20,2.1500000953674316,2.1500000953674316,2.109999895095825,2.109999895095825,2.109999895095825,1700
2009-04-21,2.1500000953674316,2.2100000381469727,2.109999895095825,2.2100000381469727,2.2100000381469727,7400
2009-04-22,2.109999895095825,2.2699999809265137,2.0,2.2699999809265137,2.2699999809265137,15700
2009-04-23,2.2799999713897705,2.2799999713897705,2.2200000286102295,2.25,2.25,5700
2009-04-24,2.2699999809265137,2.2699999809265137,2.25,2.25,2.25,2400
2009-04-27,2.140000104904175,2.180000066757202,2.140000104904175,2.1600000858306885,2.1600000858306885,900
2009-04-28,2.140000104904175,2.140000104904175,2.140000104904175,2.140000104904175,2.140000104904175,100
2009-04-29,2.109999895095825,2.130000114440918,2.0,2.009999990463257,2.009999990463257,4900
2009-04-30,2.140000104904175,2.140000104904175,2.0899999141693115,2.0899999141693115,2.0899999141693115,200
2009-05-01,2.0899999141693115,2.0999999046325684,2.009999990463257,2.0299999713897705,2.0299999713897705,7600
2009-05-04,2.069999933242798,2.3499999046325684,2.0299999713897705,2.259999990463257,2.259999990463257,30300
2009-05-05,2.309999942779541,2.5,2.140000104904175,2.5,2.5,22500
2009-05-06,2.5,3.5299999713897705,2.5,3.5299999713897705,3.5299999713897705,78700
2009-05-07,3.549999952316284,3.990000009536743,2.890000104904175,3.240000009536743,3.240000009536743,75300
2009-05-08,3.4000000953674316,3.4600000381469727,3.180000066757202,3.240000009536743,3.240000009536743,47900
2009-05-11,3.190000057220459,3.6700000762939453,2.7799999713897705,3.25,3.25,34800
2009-05-12,3.450000047683716,3.450000047683716,3.0999999046325684,3.190000057220459,3.190000057220459,2500
2009-05-13,2.7200000286102295,3.1700000762939453,2.7200000286102295,2.7699999809265137,2.7699999809265137,5000
2009-05-14,2.6500000953674316,2.6500000953674316,2.380000114440918,2.4000000953674316,2.4000000953674316,1500
2009-05-15,2.490000009536743,3.200000047683716,2.490000009536743,2.5999999046325684,2.5999999046325684,50000
2009-05-18,2.700000047683716,3.049999952316284,2.700000047683716,2.9700000286102295,2.9700000286102295,9800
2009-05-19,3.0799999237060547,3.0999999046325684,2.990000009536743,3.0999999046325684,3.0999999046325684,17200
2009-05-20,3.069999933242798,3.609999895095825,3.009999990463257,3.359999895095825,3.359999895095825,60800
2009-05-21,3.359999895095825,3.369999885559082,2.7799999713897705,2.7799999713897705,2.7799999713897705,28000
2009-05-22,3.0199999809265137,3.0299999713897705,2.7799999713897705,3.0,3.0,14200
2009-05-26,3.0,3.009999990463257,2.930000066757202,3.009999990463257,3.009999990463257,34700
2009-05-27,2.990000009536743,3.0299999713897705,2.990000009536743,3.009999990463257,3.009999990463257,3100
2009-05-28,3.009999990463257,3.009999990463257,3.009999990463257,3.009999990463257,3.009999990463257,1100
2009-05-29,3.0,3.0899999141693115,3.0,3.0899999141693115,3.0899999141693115,17200
2009-06-01,3.0,3.4600000381469727,3.0,3.4600000381469727,3.4600000381469727,7000
2009-06-02,3.25,3.5,3.25,3.4800000190734863,3.4800000190734863,13900
2009-06-03,3.309999942779541,3.690000057220459,3.2899999618530273,3.5999999046325684,3.5999999046325684,12200
2009-06-04,3.700000047683716,4.0,3.700000047683716,3.990000009536743,3.990000009536743,36300
2009-06-05,4.019999980926514,4.210000038146973,3.9800000190734863,4.150000095367432,4.150000095367432,21200
2009-06-08,4.320000171661377,4.769999980926514,4.269999980926514,4.769999980926514,4.769999980926514,44000
2009-06-09,4.699999809265137,4.699999809265137,4.260000228881836,4.690000057220459,4.690000057220459,41300
2009-06-10,4.639999866485596,4.800000190734863,4.639999866485596,4.699999809265137,4.699999809265137,17800
2009-06-11,4.659999847412109,4.940000057220459,4.570000171661377,4.940000057220459,4.940000057220459,21400
2009-06-12,4.949999809265137,5.0,4.829999923706055,4.909999847412109,4.909999847412109,21400
2009-06-15,4.920000076293945,5.090000152587891,4.889999866485596,4.909999847412109,4.909999847412109,24800
2009-06-16,4.940000057220459,5.110000133514404,4.940000057220459,5.0,5.0,31600
2009-06-17,5.010000228881836,5.230000019073486,4.949999809265137,5.230000019073486,5.230000019073486,20000
2009-06-18,5.329999923706055,5.659999847412109,5.329999923706055,5.5,5.5,32000
2009-06-19,5.400000095367432,5.440000057220459,4.949999809265137,4.980000019073486,4.980000019073486,58100
2009-06-22,5.0,5.139999866485596,4.949999809265137,5.019999980926514,5.019999980926514,21400
2009-06-23,5.03000020980835,5.289999961853027,5.03000020980835,5.139999866485596,5.139999866485596,10200
2009-06-24,5.070000171661377,5.489999771118164,5.070000171661377,5.440000057220459,5.440000057220459,42600
2009-06-25,5.380000114440918,5.619999885559082,5.349999904632568,5.579999923706055,5.579999923706055,37600
2009-06-26,5.659999847412109,5.75,5.659999847412109,5.730000019073486,5.730000019073486,12300
2009-06-29,5.75,5.880000114440918,5.510000228881836,5.880000114440918,5.880000114440918,11000
2009-06-30,5.889999866485596,5.889999866485596,5.46999979019165,5.5,5.5,17800
2009-07-01,5.75,5.769999980926514,5.460000038146973,5.46999979019165,5.46999979019165,12800
2009-07-02,5.389999866485596,5.440000057220459,4.900000095367432,4.900000095367432,4.900000095367432,11100
2009-07-06,4.869999885559082,4.909999847412109,4.179999828338623,4.289999961853027,4.289999961853027,16200
2009-07-07,4.380000114440918,4.650000095367432,3.9000000953674316,3.930000066757202,3.930000066757202,13500
2009-07-08,3.950000047683716,4.309999942779541,3.859999895095825,4.0,4.0,14900
2009-07-09,4.0,4.050000190734863,3.5999999046325684,3.690000057220459,3.690000057220459,9500
2009-07-10,3.4000000953674316,3.5799999237060547,3.25,3.490000009536743,3.490000009536743,12700
2009-07-13,3.5,3.6500000953674316,3.4000000953674316,3.4000000953674316,3.4000000953674316,18200
2009-07-14,3.509999990463257,3.799999952316284,3.509999990463257,3.619999885559082,3.619999885559082,10300
2009-07-15,3.799999952316284,4.050000190734863,3.680000066757202,4.050000190734863,4.050000190734863,28200
2009-07-16,4.340000152587891,4.840000152587891,4.099999904632568,4.840000152587891,4.840000152587891,9500
2009-07-17,4.96999979019165,5.119999885559082,4.559999942779541,4.800000190734863,4.800000190734863,6700
2009-07-20,5.239999771118164,5.449999809265137,4.480000019073486,4.880000114440918,4.880000114440918,26100
2009-07-21,4.849999904632568,5.349999904632568,4.849999904632568,5.139999866485596,5.139999866485596,14300
2009-07-22,4.820000171661377,5.050000190734863,4.590000152587891,5.050000190734863,5.050000190734863,13200
2009-07-23,4.590000152587891,5.300000190734863,4.510000228881836,5.099999904632568,5.099999904632568,4200
2009-07-24,4.860000133514404,5.150000095367432,4.510000228881836,5.150000095367432,5.150000095367432,24400
2009-07-27,5.019999980926514,5.070000171661377,3.9700000286102295,4.570000171661377,4.570000171661377,55700
2009-07-28,4.03000020980835,5.150000095367432,4.03000020980835,4.670000076293945,4.670000076293945,44800
2009-07-29,4.670000076293945,4.840000152587891,4.670000076293945,4.840000152587891,4.840000152587891,5000
2009-07-30,4.829999923706055,5.170000076293945,4.829999923706055,5.110000133514404,5.110000133514404,12000
2009-07-31,4.989999771118164,5.150000095367432,4.659999847412109,4.659999847412109,4.659999847412109,2200
2009-08-03,4.849999904632568,5.070000171661377,4.829999923706055,4.849999904632568,4.849999904632568,8700
2009-08-04,5.0,5.28000020980835,4.78000020980835,4.980000019073486,4.980000019073486,13400
2009-08-05,4.869999885559082,4.989999771118164,4.650000095367432,4.650000095367432,4.650000095367432,18600
2009-08-06,4.75,5.050000190734863,4.539999961853027,5.050000190734863,5.050000190734863,9500
2009-08-07,5.0,5.0,4.78000020980835,5.0,5.0,23600
2009-08-10,4.849999904632568,4.849999904632568,4.510000228881836,4.510000228881836,4.510000228881836,2500
2009-08-11,4.630000114440918,5.0,4.579999923706055,5.0,5.0,6200
2009-08-12,4.690000057220459,4.989999771118164,4.630000114440918,4.989999771118164,4.989999771118164,2300
2009-08-13,4.840000152587891,4.889999866485596,4.610000133514404,4.610000133514404,4.610000133514404,2200
2009-08-14,4.650000095367432,4.880000114440918,4.53000020980835,4.769999980926514,4.769999980926514,4000
2009-08-17,4.739999771118164,4.800000190734863,4.659999847412109,4.699999809265137,4.699999809265137,1100
2009-08-18,4.659999847412109,4.75,4.440000057220459,4.75,4.75,5000
2009-08-19,4.650000095367432,4.860000133514404,4.46999979019165,4.46999979019165,4.46999979019165,4300
2009-08-20,4.400000095367432,4.550000190734863,4.369999885559082,4.369999885559082,4.369999885559082,5800
2009-08-21,4.369999885559082,4.840000152587891,4.139999866485596,4.820000171661377,4.820000171661377,12400
2009-08-24,4.699999809265137,4.789999961853027,4.650000095367432,4.699999809265137,4.699999809265137,5600
2009-08-25,4.340000152587891,4.559999942779541,4.340000152587891,4.46999979019165,4.46999979019165,4100
2009-08-26,4.329999923706055,4.5,4.150000095367432,4.400000095367432,4.400000095367432,15000
2009-08-27,4.489999771118164,4.96999979019165,4.420000076293945,4.96999979019165,4.96999979019165,12900
2009-08-28,4.900000095367432,4.900000095367432,4.710000038146973,4.75,4.75,3200
2009-08-31,4.860000133514404,4.989999771118164,4.739999771118164,4.869999885559082,4.869999885559082,32800
2009-09-01,4.860000133514404,4.860000133514404,4.440000057220459,4.550000190734863,4.550000190734863,7200
2009-09-02,4.409999847412109,4.559999942779541,4.409999847412109,4.489999771118164,4.489999771118164,4400
2009-09-03,4.510000228881836,4.889999866485596,4.449999809265137,4.880000114440918,4.880000114440918,17300
2009-09-04,4.769999980926514,4.849999904632568,4.639999866485596,4.840000152587891,4.840000152587891,21000
2009-09-08,4.78000020980835,4.840000152587891,4.659999847412109,4.690000057220459,4.690000057220459,3900
2009-09-09,4.78000020980835,5.0,4.75,4.769999980926514,4.769999980926514,28800
2009-09-10,4.699999809265137,4.78000020980835,4.519999980926514,4.539999961853027,4.539999961853027,4100
2009-09-11,4.710000038146973,4.909999847412109,4.639999866485596,4.650000095367432,4.650000095367432,16100
2009-09-14,4.650000095367432,4.650000095367432,4.650000095367432,4.650000095367432,4.650000095367432,0
2009-09-15,4.659999847412109,5.0,4.610000133514404,5.0,5.0,5200
2009-09-16,4.630000114440918,4.840000152587891,4.550000190734863,4.789999961853027,4.789999961853027,9300
2009-09-17,4.639999866485596,4.960000038146973,4.619999885559082,4.909999847412109,4.909999847412109,20700
2009-09-18,4.789999961853027,5.239999771118164,4.789999961853027,5.239999771118164,5.239999771118164,35000
2009-09-21,5.099999904632568,5.25,4.880000114440918,4.889999866485596,4.889999866485596,22700
2009-09-22,5.03000020980835,5.380000114440918,4.940000057220459,5.380000114440918,5.380000114440918,30100
2009-09-23,5.159999847412109,5.480000019073486,5.039999961853027,5.389999866485596,5.389999866485596,10400
2009-09-24,5.429999828338623,5.429999828338623,5.079999923706055,5.289999961853027,5.289999961853027,16500
2009-09-25,5.179999828338623,5.179999828338623,4.869999885559082,4.940000057220459,4.940000057220459,19100
2009-09-28,5.070000171661377,5.070000171661377,4.940000057220459,5.010000228881836,5.010000228881836,1200
2009-09-29,5.0,5.019999980926514,4.920000076293945,5.0,5.0,11900
2009-09-30,4.960000038146973,4.989999771118164,4.860000133514404,4.909999847412109,4.909999847412109,8800
2009-10-01,4.860000133514404,5.010000228881836,4.760000228881836,4.760000228881836,4.760000228881836,10000
2009-10-02,4.650000095367432,4.78000020980835,4.349999904632568,4.349999904632568,4.349999904632568,8200
2009-10-05,4.46999979019165,5.119999885559082,4.46999979019165,4.880000114440918,4.880000114440918,46000
2009-10-06,4.710000038146973,4.909999847412109,4.710000038146973,4.900000095367432,4.900000095367432,13000
2009-10-07,4.659999847412109,4.840000152587891,4.599999904632568,4.840000152587891,4.840000152587891,4100
2009-10-08,4.849999904632568,5.0,4.849999904632568,5.0,5.0,7200
2009-10-09,5.0,5.090000152587891,4.880000114440918,5.0,5.0,6300
2009-10-12,5.0,5.070000171661377,4.789999961853027,5.070000171661377,5.070000171661377,3100
2009-10-13,5.050000190734863,5.050000190734863,5.0,5.0,5.0,1800
2009-10-14,5.019999980926514,5.019999980926514,4.849999904632568,4.980000019073486,4.980000019073486,20500
2009-10-15,4.900000095367432,4.980000019073486,4.900000095367432,4.940000057220459,4.940000057220459,3200
2009-10-16,4.900000095367432,4.940000057220459,4.820000171661377,4.820000171661377,4.820000171661377,4900
2009-10-19,4.78000020980835,4.78000020980835,4.769999980926514,4.769999980926514,4.769999980926514,600
2009-10-20,4.78000020980835,4.849999904632568,4.769999980926514,4.800000190734863,4.800000190734863,1700
2009-10-21,4.849999904632568,5.090000152587891,4.849999904632568,4.929999828338623,4.929999828338623,10200
2009-10-22,4.900000095367432,4.929999828338623,4.889999866485596,4.900000095367432,4.900000095367432,2600
2009-10-23,4.739999771118164,4.849999904632568,4.71999979019165,4.78000020980835,4.78000020980835,1900
2009-10-26,4.730000019073486,5.070000171661377,4.699999809265137,5.070000171661377,5.070000171661377,6200
2009-10-27,4.809999942779541,4.96999979019165,4.809999942779541,4.929999828338623,4.929999828338623,5600
2009-10-28,4.929999828338623,4.929999828338623,4.929999828338623,4.929999828338623,4.929999828338623,0
2009-10-29,4.539999961853027,4.559999942779541,4.320000171661377,4.489999771118164,4.489999771118164,9400
2009-10-30,4.5,5.179999828338623,4.46999979019165,5.039999961853027,5.039999961853027,12300
2009-11-02,4.949999809265137,5.150000095367432,4.929999828338623,5.090000152587891,5.090000152587891,12600
2009-11-03,5.010000228881836,5.010000228881836,4.849999904632568,5.0,5.0,2800
2009-11-04,4.920000076293945,4.920000076293945,4.579999923706055,4.730000019073486,4.730000019073486,12900
2009-11-05,4.820000171661377,4.96999979019165,4.590000152587891,4.96999979019165,4.96999979019165,1300
2009-11-06,4.619999885559082,4.849999904632568,4.519999980926514,4.800000190734863,4.800000190734863,4800
2009-11-09,4.539999961853027,4.579999923706055,4.5,4.550000190734863,4.550000190734863,9400
2009-11-10,4.5,4.650000095367432,4.460000038146973,4.639999866485596,4.639999866485596,1900
2009-11-11,4.730000019073486,4.840000152587891,4.699999809265137,4.710000038146973,4.710000038146973,7200
2009-11-12,4.710000038146973,4.710000038146973,4.550000190734863,4.630000114440918,4.630000114440918,1600
2009-11-13,4.579999923706055,4.760000228881836,4.510000228881836,4.760000228881836,4.760000228881836,6200
2009-11-16,4.670000076293945,4.789999961853027,4.510000228881836,4.670000076293945,4.670000076293945,4400
2009-11-17,4.760000228881836,4.940000057220459,4.75,4.940000057220459,4.940000057220459,8400
2009-11-18,4.760000228881836,4.829999923706055,4.730000019073486,4.820000171661377,4.820000171661377,5900
2009-11-19,4.730000019073486,4.849999904632568,4.730000019073486,4.760000228881836,4.760000228881836,9800
2009-11-20,4.610000133514404,4.820000171661377,4.610000133514404,4.800000190734863,4.800000190734863,5200
2009-11-23,4.730000019073486,4.809999942779541,4.730000019073486,4.809999942779541,4.809999942779541,1800
2009-11-24,4.71999979019165,4.849999904632568,4.71999979019165,4.840000152587891,4.840000152587891,5900
2009-11-25,4.699999809265137,4.699999809265137,4.679999828338623,4.699999809265137,4.699999809265137,500
2009-11-27,4.690000057220459,4.690000057220459,3.9800000190734863,4.329999923706055,4.329999923706055,29000
2009-11-30,4.340000152587891,4.389999866485596,4.260000228881836,4.269999980926514,4.269999980926514,10800
2009-12-01,4.269999980926514,4.809999942779541,4.170000076293945,4.449999809265137,4.449999809265137,35800
2009-12-02,4.739999771118164,4.739999771118164,4.380000114440918,4.619999885559082,4.619999885559082,57000
2009-12-03,4.610000133514404,4.650000095367432,4.550000190734863,4.610000133514404,4.610000133514404,1600
2009-12-04,4.599999904632568,4.599999904632568,4.25,4.400000095367432,4.400000095367432,70300
2009-12-07,4.340000152587891,4.889999866485596,4.25,4.650000095367432,4.650000095367432,55200
2009-12-08,4.71999979019165,4.800000190734863,4.579999923706055,4.71999979019165,4.71999979019165,34500
2009-12-09,4.630000114440918,4.760000228881836,4.300000190734863,4.400000095367432,4.400000095367432,55400
2009-12-10,4.539999961853027,4.539999961853027,4.059999942779541,4.199999809265137,4.199999809265137,55400
2009-12-11,4.269999980926514,4.599999904632568,4.070000171661377,4.190000057220459,4.190000057220459,8000
2009-12-14,4.110000133514404,4.199999809265137,4.070000171661377,4.070000171661377,4.070000171661377,9800
2009-12-15,4.119999885559082,4.289999961853027,4.059999942779541,4.21999979019165,4.21999979019165,23600
2009-12-16,4.099999904632568,4.179999828338623,4.050000190734863,4.099999904632568,4.099999904632568,44200
2009-12-17,4.099999904632568,4.099999904632568,3.7300000190734863,3.799999952316284,3.799999952316284,62300
2009-12-18,3.799999952316284,3.9600000381469727,3.799999952316284,3.9600000381469727,3.9600000381469727,42400
2009-12-21,3.9200000762939453,3.990000009536743,3.869999885559082,3.9200000762939453,3.9200000762939453,25600
2009-12-22,3.7200000286102295,3.75,3.119999885559082,3.680000066757202,3.680000066757202,85600
2009-12-23,3.7200000286102295,3.9100000858306885,3.5299999713897705,3.75,3.75,18000
2009-12-24,3.5799999237060547,3.740000009536743,3.5799999237060547,3.740000009536743,3.740000009536743,2100
2009-12-28,3.75,3.9800000190734863,3.7200000286102295,3.9800000190734863,3.9800000190734863,17200
2009-12-29,3.880000114440918,4.150000095367432,3.880000114440918,4.03000020980835,4.03000020980835,7600
2009-12-30,3.880000114440918,4.0,3.700000047683716,3.890000104904175,3.890000104904175,6200
2009-12-31,3.9700000286102295,4.429999828338623,3.940000057220459,4.210000038146973,4.210000038146973,32400
2010-01-04,4.190000057220459,4.75,4.050000190734863,4.75,4.75,19100
2010-01-05,4.659999847412109,4.679999828338623,4.119999885559082,4.199999809265137,4.199999809265137,26100
2010-01-06,4.119999885559082,4.210000038146973,4.070000171661377,4.119999885559082,4.119999885559082,23600
2010-01-07,4.050000190734863,4.050000190734863,4.0,4.0,4.0,5800
2010-01-08,3.9100000858306885,3.950000047683716,3.8299999237060547,3.859999895095825,3.859999895095825,14200
2010-01-11,3.7799999713897705,3.9600000381469727,3.7799999713897705,3.9600000381469727,3.9600000381469727,4400
2010-01-12,3.9800000190734863,4.130000114440918,3.9800000190734863,4.059999942779541,4.059999942779541,8100
2010-01-13,3.930000066757202,4.159999847412109,3.799999952316284,3.880000114440918,3.880000114440918,66700
2010-01-14,3.8499999046325684,3.950000047683716,3.799999952316284,3.9200000762939453,3.9200000762939453,449100
2010-01-15,3.9100000858306885,3.940000057220459,3.859999895095825,3.859999895095825,3.859999895095825,300
2010-01-19,4.039999961853027,4.039999961853027,3.880000114440918,3.9600000381469727,3.9600000381469727,16700
2010-01-20,3.819999933242798,3.9800000190734863,3.819999933242798,3.9600000381469727,3.9600000381469727,2300
2010-01-21,3.940000057220459,3.940000057220459,3.809999942779541,3.819999933242798,3.819999933242798,700
2010-01-22,3.819999933242798,3.9100000858306885,3.799999952316284,3.799999952316284,3.799999952316284,19700
2010-01-25,3.799999952316284,3.950000047683716,3.799999952316284,3.950000047683716,3.950000047683716,11900
2010-01-26,3.819999933242798,3.9600000381469727,3.799999952316284,3.8499999046325684,3.8499999046325684,40300
2010-01-27,3.930000066757202,3.940000057220459,3.640000104904175,3.680000066757202,3.680000066757202,54900
2010-01-28,3.809999942779541,3.940000057220459,3.609999895095825,3.8399999141693115,3.8399999141693115,11900
2010-01-29,3.9200000762939453,3.9200000762939453,3.5999999046325684,3.5999999046325684,3.5999999046325684,13600
2010-02-01,3.5999999046325684,4.079999923706055,3.5799999237060547,4.0,4.0,24000
2010-02-02,3.9200000762939453,4.019999980926514,3.740000009536743,3.869999885559082,3.869999885559082,6100
2010-02-03,3.7799999713897705,3.8299999237060547,3.6600000858306885,3.6700000762939453,3.6700000762939453,7600
2010-02-04,3.890000104904175,3.890000104904175,3.1600000858306885,3.299999952316284,3.299999952316284,46400
2010-02-05,3.390000104904175,3.390000104904175,3.0199999809265137,3.1700000762939453,3.1700000762939453,39500
2010-02-08,3.2200000286102295,3.319999933242798,3.1700000762939453,3.1700000762939453,3.1700000762939453,14300
2010-02-09,3.319999933242798,3.6600000858306885,3.200000047683716,3.630000114440918,3.630000114440918,31800
2010-02-10,3.680000066757202,3.880000114440918,3.6700000762939453,3.880000114440918,3.880000114440918,20200
2010-02-11,3.880000114440918,4.179999828338623,3.880000114440918,4.179999828338623,4.179999828338623,46900
2010-02-12,4.179999828338623,4.179999828338623,4.090000152587891,4.090000152587891,4.090000152587891,3200
2010-02-16,4.019999980926514,4.039999961853027,3.9800000190734863,4.010000228881836,4.010000228881836,600
2010-02-17,4.019999980926514,4.090000152587891,3.759999990463257,3.9800000190734863,3.9800000190734863,22300
2010-02-18,3.880000114440918,3.930000066757202,3.75,3.8399999141693115,3.8399999141693115,8400
2010-02-19,3.759999990463257,4.019999980926514,3.759999990463257,3.9600000381469727,3.9600000381469727,1700
2010-02-22,4.119999885559082,4.210000038146973,3.9100000858306885,4.130000114440918,4.130000114440918,5800
2010-02-23,4.150000095367432,4.150000095367432,3.890000104904175,4.130000114440918,4.130000114440918,8800
2010-02-24,4.050000190734863,4.239999771118164,4.050000190734863,4.239999771118164,4.239999771118164,7400
2010-02-25,4.179999828338623,4.489999771118164,4.179999828338623,4.480000019073486,4.480000019073486,38800
2010-02-26,4.46999979019165,4.75,4.46999979019165,4.590000152587891,4.590000152587891,78600
2010-03-01,4.510000228881836,4.650000095367432,4.21999979019165,4.639999866485596,4.639999866485596,28500
2010-03-02,4.710000038146973,4.880000114440918,4.579999923706055,4.880000114440918,4.880000114440918,13300
2010-03-03,4.809999942779541,4.809999942779541,4.630000114440918,4.659999847412109,4.659999847412109,5000
2010-03-04,4.690000057220459,5.03000020980835,4.610000133514404,4.989999771118164,4.989999771118164,26600
2010-03-05,4.96999979019165,5.289999961853027,4.860000133514404,5.239999771118164,5.239999771118164,29100
2010-03-08,4.829999923706055,5.099999904632568,4.809999942779541,4.849999904632568,4.849999904632568,91900
2010-03-09,4.849999904632568,5.389999866485596,4.849999904632568,5.300000190734863,5.300000190734863,60800
2010-03-10,5.380000114440918,5.71999979019165,5.150000095367432,5.28000020980835,5.28000020980835,75900
2010-03-11,5.139999866485596,5.369999885559082,5.110000133514404,5.190000057220459,5.190000057220459,9800
2010-03-12,5.21999979019165,5.730000019073486,4.889999866485596,5.179999828338623,5.179999828338623,11000
2010-03-15,5.179999828338623,5.650000095367432,4.760000228881836,5.630000114440918,5.630000114440918,62200
2010-03-16,5.619999885559082,5.820000171661377,5.570000171661377,5.699999809265137,5.699999809265137,65600
2010-03-17,5.78000020980835,5.869999885559082,5.510000228881836,5.860000133514404,5.860000133514404,14000
2010-03-18,5.889999866485596,6.019999980926514,5.75,6.019999980926514,6.019999980926514,86500
2010-03-19,6.050000190734863,6.170000076293945,5.46999979019165,5.480000019073486,5.480000019073486,112000
2010-03-22,5.409999847412109,5.739999771118164,5.409999847412109,5.639999866485596,5.639999866485596,12200
2010-03-23,5.559999942779541,5.849999904632568,5.449999809265137,5.619999885559082,5.619999885559082,13900
2010-03-24,5.559999942779541,5.869999885559082,5.349999904632568,5.730000019073486,5.730000019073486,6800
2010-03-25,5.739999771118164,5.96999979019165,5.550000190734863,5.96999979019165,5.96999979019165,6400
2010-03-26,5.96999979019165,6.0,5.75,6.0,6.0,9900
2010-03-29,5.940000057220459,6.150000095367432,5.860000133514404,6.03000020980835,6.03000020980835,12800
2010-03-30,6.050000190734863,6.150000095367432,6.019999980926514,6.150000095367432,6.150000095367432,12800
2010-03-31,6.159999847412109,6.449999809265137,6.010000228881836,6.03000020980835,6.03000020980835,70000
2010-04-01,6.130000114440918,6.190000057220459,5.900000095367432,6.190000057220459,6.190000057220459,13400
2010-04-05,6.28000020980835,6.349999904632568,6.25,6.340000152587891,6.340000152587891,4200
2010-04-06,6.260000228881836,6.340000152587891,6.150000095367432,6.300000190734863,6.300000190734863,17100
2010-04-07,6.25,6.550000190734863,6.190000057220459,6.5,6.5,90200
2010-04-08,6.369999885559082,6.960000038146973,6.369999885559082,6.78000020980835,6.78000020980835,45200
2010-04-09,6.75,6.949999809265137,6.699999809265137,6.909999847412109,6.909999847412109,30800
2010-04-12,6.849999904632568,7.190000057220459,6.849999904632568,7.190000057220459,7.190000057220459,23200
2010-04-13,7.059999942779541,7.130000114440918,6.909999847412109,6.929999828338623,6.929999828338623,7900
2010-04-14,7.179999828338623,7.190000057220459,7.0,7.070000171661377,7.070000171661377,15900
2010-04-15,6.989999771118164,7.130000114440918,6.989999771118164,7.070000171661377,7.070000171661377,66900
2010-04-16,6.96999979019165,7.130000114440918,6.960000038146973,7.090000152587891,7.090000152587891,19600
2010-04-19,6.980000019073486,6.989999771118164,6.690000057220459,6.739999771118164,6.739999771118164,16000
2010-04-20,6.730000019073486,6.929999828338623,6.389999866485596,6.480000019073486,6.480000019073486,25700
2010-04-21,6.539999961853027,6.909999847412109,6.380000114440918,6.889999866485596,6.889999866485596,49400
2010-04-22,6.809999942779541,6.960000038146973,6.489999771118164,6.920000076293945,6.920000076293945,15700
2010-04-23,6.909999847412109,7.0,6.800000190734863,6.96999979019165,6.96999979019165,9400
2010-04-26,6.989999771118164,7.059999942779541,6.920000076293945,6.940000057220459,6.940000057220459,9900
2010-04-27,7.070000171661377,7.070000171661377,6.559999942779541,6.71999979019165,6.71999979019165,17900
2010-04-28,6.840000152587891,7.059999942779541,6.840000152587891,7.059999942779541,7.059999942779541,15800
2010-04-29,7.0,7.179999828338623,6.960000038146973,7.179999828338623,7.179999828338623,367900
2010-04-30,7.409999847412109,8.140000343322754,7.199999809265137,7.400000095367432,7.400000095367432,77400
2010-05-03,7.510000228881836,7.699999809265137,7.420000076293945,7.570000171661377,7.570000171661377,34700
2010-05-04,7.570000171661377,7.710000038146973,7.099999904632568,7.400000095367432,7.400000095367432,51600
2010-05-05,7.440000057220459,7.849999904632568,7.289999961853027,7.570000171661377,7.570000171661377,18200
2010-05-06,7.489999771118164,7.690000057220459,7.179999828338623,7.269999980926514,7.269999980926514,25100
2010-05-07,7.929999828338623,7.929999828338623,7.050000190734863,7.440000057220459,7.440000057220459,18300
2010-05-10,7.699999809265137,7.699999809265137,7.25,7.510000228881836,7.510000228881836,25400
2010-05-11,7.25,7.590000152587891,7.25,7.5,7.5,24500
2010-05-12,8.1899995803833,8.1899995803833,7.71999979019165,7.869999885559082,7.869999885559082,865500
2010-05-13,7.5,7.949999809265137,7.5,7.820000171661377,7.820000171661377,31300
2010-05-14,7.769999980926514,8.0,7.489999771118164,7.75,7.75,30900
2010-05-17,7.949999809265137,7.949999809265137,7.679999828338623,7.71999979019165,7.71999979019165,16800
2010-05-18,7.989999771118164,7.989999771118164,7.389999866485596,7.440000057220459,7.440000057220459,24000
2010-05-19,7.5,7.75,7.340000152587891,7.650000095367432,7.650000095367432,27600
2010-05-20,7.389999866485596,7.5,6.920000076293945,7.0,7.0,67500
2010-05-21,6.75,7.150000095367432,6.659999847412109,6.889999866485596,6.889999866485596,51400
2010-05-24,6.78000020980835,7.059999942779541,6.699999809265137,6.78000020980835,6.78000020980835,15100
2010-05-25,6.5,6.789999961853027,6.449999809265137,6.75,6.75,19800
2010-05-26,7.010000228881836,7.010000228881836,6.480000019073486,6.679999828338623,6.679999828338623,33900
2010-05-27,6.880000114440918,6.920000076293945,6.739999771118164,6.920000076293945,6.920000076293945,57700
2010-05-28,6.949999809265137,7.019999980926514,6.869999885559082,6.880000114440918,6.880000114440918,29900
2010-06-01,6.75,6.949999809265137,6.75,6.75,6.75,6400
2010-06-02,6.849999904632568,6.949999809265137,6.539999961853027,6.769999980926514,6.769999980926514,34700
2010-06-03,6.980000019073486,7.010000228881836,6.860000133514404,6.980000019073486,6.980000019073486,3900
2010-06-04,7.0,7.260000228881836,6.900000095367432,7.0,7.0,79800
2010-06-07,6.989999771118164,7.099999904632568,6.900000095367432,6.909999847412109,6.909999847412109,22800
2010-06-08,7.110000133514404,7.110000133514404,6.460000038146973,6.730000019073486,6.730000019073486,33600
2010-06-09,6.78000020980835,6.840000152587891,6.21999979019165,6.300000190734863,6.300000190734863,23100
2010-06-10,6.489999771118164,6.829999923706055,6.489999771118164,6.820000171661377,6.820000171661377,19300
2010-06-11,6.71999979019165,6.789999961853027,6.650000095367432,6.710000038146973,6.710000038146973,36700
2010-06-14,6.840000152587891,7.03000020980835,6.840000152587891,6.920000076293945,6.920000076293945,14500
2010-06-15,7.0,7.03000020980835,6.679999828338623,7.0,7.0,34000
2010-06-16,7.010000228881836,7.070000171661377,6.920000076293945,7.03000020980835,7.03000020980835,17600
2010-06-17,7.090000152587891,7.320000171661377,7.03000020980835,7.25,7.25,43000
2010-06-18,7.320000171661377,7.340000152587891,7.019999980926514,7.320000171661377,7.320000171661377,29400
2010-06-21,7.400000095367432,7.449999809265137,7.21999979019165,7.25,7.25,17800
2010-06-22,7.25,7.440000057220459,7.210000038146973,7.320000171661377,7.320000171661377,13500
2010-06-23,7.380000114440918,7.380000114440918,7.150000095367432,7.300000190734863,7.300000190734863,41000
2010-06-24,7.210000038146973,7.449999809265137,7.210000038146973,7.449999809265137,7.449999809265137,36400
2010-06-25,7.5,7.5,7.099999904632568,7.329999923706055,7.329999923706055,43500
2010-06-28,7.449999809265137,7.449999809265137,7.039999961853027,7.300000190734863,7.300000190734863,19500
2010-06-29,7.130000114440918,7.329999923706055,6.849999904632568,7.0,7.0,13400
2010-06-30,7.0,7.039999961853027,6.75,6.760000228881836,6.760000228881836,14500
2010-07-01,7.25,7.5,7.139999866485596,7.28000020980835,7.28000020980835,147200
2010-07-02,7.570000171661377,7.840000152587891,7.400000095367432,7.760000228881836,7.760000228881836,95700
2010-07-06,7.800000190734863,7.880000114440918,7.420000076293945,7.630000114440918,7.630000114440918,62100
2010-07-07,7.650000095367432,7.989999771118164,7.550000190734863,7.889999866485596,7.889999866485596,37800
2010-07-08,8.0,8.119999885559082,7.769999980926514,8.0600004196167,8.0600004196167,41500
2010-07-09,8.100000381469727,8.600000381469727,8.100000381469727,8.5600004196167,8.5600004196167,404200
2010-07-12,8.600000381469727,8.779999732971191,8.569999694824219,8.720000267028809,8.720000267028809,127900
2010-07-13,8.779999732971191,8.779999732971191,8.640000343322754,8.75,8.75,66800
2010-07-14,8.75,8.800000190734863,8.75,8.779999732971191,8.779999732971191,21600
2010-07-15,8.779999732971191,8.800000190734863,8.739999771118164,8.800000190734863,8.800000190734863,35700
2010-07-16,8.75,8.84000015258789,8.399999618530273,8.5,8.5,304800
2010-07-19,8.529999732971191,8.619999885559082,8.460000038146973,8.529999732971191,8.529999732971191,41800
2010-07-20,8.359999656677246,8.529999732971191,8.039999961853027,8.529999732971191,8.529999732971191,23800
2010-07-21,8.5,8.5,8.039999961853027,8.279999732971191,8.279999732971191,63600
2010-07-22,8.800000190734863,8.800000190734863,8.109999656677246,8.350000381469727,8.350000381469727,61300
2010-07-23,8.489999771118164,8.59000015258789,8.350000381469727,8.399999618530273,8.399999618530273,30100
2010-07-26,8.460000038146973,9.100000381469727,8.449999809265137,9.0,9.0,243900
2010-07-27,9.270000457763672,9.430000305175781,9.100000381469727,9.15999984741211,9.15999984741211,140200
2010-07-28,9.220000267028809,9.829999923706055,9.220000267028809,9.479999542236328,9.479999542236328,104400
2010-07-29,9.720000267028809,9.890000343322754,9.479999542236328,9.579999923706055,9.579999923706055,158300
2010-07-30,9.680000305175781,9.789999961853027,9.350000381469727,9.390000343322754,9.390000343322754,86300
2010-08-02,9.449999809265137,9.899999618530273,9.119999885559082,9.5,9.5,133800
2010-08-03,9.600000381469727,9.75,8.920000076293945,8.979999542236328,8.979999542236328,201300
2010-08-04,9.210000038146973,9.579999923706055,9.170000076293945,9.539999961853027,9.539999961853027,93500
2010-08-05,9.470000267028809,9.470000267028809,9.09000015258789,9.329999923706055,9.329999923706055,34300
2010-08-06,9.300000190734863,9.539999961853027,9.029999732971191,9.15999984741211,9.15999984741211,43100
2010-08-09,9.289999961853027,9.350000381469727,8.25,8.529999732971191,8.529999732971191,157200
2010-08-10,8.430000305175781,8.4399995803833,8.100000381469727,8.130000114440918,8.130000114440918,56700
2010-08-11,7.929999828338623,7.929999828338623,7.329999923706055,7.639999866485596,7.639999866485596,135600
2010-08-12,7.559999942779541,7.989999771118164,7.409999847412109,7.940000057220459,7.940000057220459,64200
2010-08-13,7.940000057220459,8.25,7.900000095367432,8.0,8.0,101900
2010-08-16,7.849999904632568,8.210000038146973,7.71999979019165,8.0,8.0,149600
2010-08-17,8.119999885559082,8.420000076293945,8.100000381469727,8.390000343322754,8.390000343322754,31100
2010-08-18,8.300000190734863,8.359999656677246,8.069999694824219,8.149999618530273,8.149999618530273,75400
2010-08-19,7.960000038146973,8.069999694824219,7.199999809265137,7.380000114440918,7.380000114440918,282300
2010-08-20,7.320000171661377,7.420000076293945,6.929999828338623,7.21999979019165,7.21999979019165,458700
2010-08-23,7.21999979019165,7.460000038146973,6.940000057220459,7.119999885559082,7.119999885559082,130400
2010-08-24,7.050000190734863,7.199999809265137,6.920000076293945,7.019999980926514,7.019999980926514,53000
2010-08-25,6.929999828338623,7.0,6.619999885559082,6.710000038146973,6.710000038146973,227700
2010-08-26,6.710000038146973,6.960000038146973,6.690000057220459,6.869999885559082,6.869999885559082,32300
2010-08-27,6.980000019073486,7.389999866485596,6.789999961853027,7.349999904632568,7.349999904632568,38100
2010-08-30,7.179999828338623,7.420000076293945,6.940000057220459,7.03000020980835,7.03000020980835,125900
2010-08-31,7.0,7.0,6.650000095367432,6.679999828338623,6.679999828338623,220000
2010-09-01,6.730000019073486,7.269999980926514,6.730000019073486,7.079999923706055,7.079999923706055,30100
2010-09-02,7.099999904632568,7.099999904632568,6.889999866485596,7.03000020980835,7.03000020980835,15700
2010-09-03,7.059999942779541,7.400000095367432,7.059999942779541,7.400000095367432,7.400000095367432,29900
2010-09-07,7.420000076293945,7.679999828338623,7.360000133514404,7.570000171661377,7.570000171661377,41900
2010-09-08,7.659999847412109,7.989999771118164,7.510000228881836,7.710000038146973,7.710000038146973,69500
2010-09-09,7.730000019073486,7.730000019073486,7.349999904632568,7.610000133514404,7.610000133514404,61000
2010-09-10,7.71999979019165,8.0,7.71999979019165,7.880000114440918,7.880000114440918,29200
2010-09-13,8.0,8.170000076293945,7.900000095367432,7.980000019073486,7.980000019073486,29300
2010-09-14,8.010000228881836,8.40999984741211,7.989999771118164,8.119999885559082,8.119999885559082,21900
2010-09-15,8.130000114440918,8.180000305175781,8.0,8.0,8.0,18300
2010-09-16,8.029999732971191,8.119999885559082,7.809999942779541,7.860000133514404,7.860000133514404,78000
2010-09-17,7.980000019073486,8.260000228881836,7.860000133514404,8.09000015258789,8.09000015258789,42400
2010-09-20,8.170000076293945,8.170000076293945,7.739999771118164,7.800000190734863,7.800000190734863,99400
2010-09-21,7.760000228881836,8.039999961853027,7.429999828338623,7.96999979019165,7.96999979019165,52100
2010-09-22,7.880000114440918,8.0,7.820000171661377,7.900000095367432,7.900000095367432,68500
2010-09-23,7.860000133514404,8.069999694824219,7.849999904632568,8.050000190734863,8.050000190734863,23300
2010-09-24,8.100000381469727,8.100000381469727,7.920000076293945,8.0,8.0,28700
2010-09-27,7.980000019073486,8.069999694824219,7.889999866485596,7.920000076293945,7.920000076293945,30300
2010-09-28,7.960000038146973,8.0,7.71999979019165,7.949999809265137,7.949999809265137,25500
2010-09-29,7.949999809265137,7.960000038146973,7.739999771118164,7.75,7.75,66000
2010-09-30,7.75,7.75,7.230000019073486,7.46999979019165,7.46999979019165,145600
2010-10-01,7.539999961853027,7.670000076293945,7.329999923706055,7.659999847412109,7.659999847412109,44000
2010-10-04,7.599999904632568,7.650000095367432,7.210000038146973,7.360000133514404,7.360000133514404,48400
2010-10-05,7.489999771118164,7.639999866485596,7.239999771118164,7.440000057220459,7.440000057220459,85600
2010-10-06,7.460000038146973,7.579999923706055,7.0,7.059999942779541,7.059999942779541,42200
2010-10-07,7.139999866485596,7.590000152587891,7.139999866485596,7.429999828338623,7.429999828338623,31000
2010-10-08,7.400000095367432,7.440000057220459,7.230000019073486,7.340000152587891,7.340000152587891,30800
2010-10-11,7.300000190734863,7.670000076293945,7.099999904632568,7.670000076293945,7.670000076293945,28700
2010-10-12,7.670000076293945,7.670000076293945,7.320000171661377,7.539999961853027,7.539999961853027,19900
2010-10-13,7.599999904632568,7.829999923706055,7.349999904632568,7.800000190734863,7.800000190734863,41400
2010-10-14,7.809999942779541,7.840000152587891,7.380000114440918,7.409999847412109,7.409999847412109,33800
2010-10-15,7.489999771118164,7.599999904632568,7.409999847412109,7.53000020980835,7.53000020980835,68800
2010-10-18,7.489999771118164,7.650000095367432,7.449999809265137,7.480000019073486,7.480000019073486,18800
2010-10-19,7.409999847412109,7.409999847412109,6.949999809265137,6.96999979019165,6.96999979019165,66100
2010-10-20,7.039999961853027,7.070000171661377,6.630000114440918,6.849999904632568,6.849999904632568,243200
2010-10-21,6.909999847412109,7.170000076293945,6.880000114440918,7.039999961853027,7.039999961853027,50300
2010-10-22,7.099999904632568,7.349999904632568,7.079999923706055,7.300000190734863,7.300000190734863,49900
2010-10-25,7.300000190734863,7.489999771118164,7.179999828338623,7.380000114440918,7.380000114440918,98000
2010-10-26,7.039999961853027,7.230000019073486,6.980000019073486,7.139999866485596,7.139999866485596,59000
2010-10-27,7.070000171661377,7.199999809265137,6.989999771118164,7.03000020980835,7.03000020980835,49900
2010-10-28,7.119999885559082,7.139999866485596,7.019999980926514,7.099999904632568,7.099999904632568,29200
2010-10-29,7.110000133514404,7.369999885559082,7.010000228881836,7.320000171661377,7.320000171661377,42600
2010-11-01,7.400000095367432,7.579999923706055,7.269999980926514,7.440000057220459,7.440000057220459,36900
2010-11-02,7.480000019073486,7.71999979019165,7.309999942779541,7.460000038146973,7.460000038146973,52700
2010-11-03,7.510000228881836,7.71999979019165,7.449999809265137,7.570000171661377,7.570000171661377,31200
2010-11-04,7.639999866485596,8.15999984741211,7.639999866485596,8.100000381469727,8.100000381469727,70500
2010-11-05,8.069999694824219,8.270000457763672,8.029999732971191,8.180000305175781,8.180000305175781,28000
2010-11-08,8.199999809265137,8.40999984741211,8.050000190734863,8.359999656677246,8.359999656677246,48100
2010-11-09,8.399999618530273,8.609999656677246,8.199999809265137,8.260000228881836,8.260000228881836,58300
2010-11-10,8.229999542236328,8.229999542236328,7.679999828338623,7.929999828338623,7.929999828338623,63300
2010-11-11,7.820000171661377,7.960000038146973,7.670000076293945,7.820000171661377,7.820000171661377,62600
2010-11-12,7.789999961853027,7.929999828338623,7.679999828338623,7.730000019073486,7.730000019073486,43000
2010-11-15,7.739999771118164,7.920000076293945,7.590000152587891,7.789999961853027,7.789999961853027,32300
2010-11-16,7.690000057220459,7.699999809265137,7.5,7.559999942779541,7.559999942779541,21400
2010-11-17,7.400000095367432,7.610000133514404,7.400000095367432,7.559999942779541,7.559999942779541,44200
2010-11-18,7.639999866485596,7.71999979019165,7.539999961853027,7.590000152587891,7.590000152587891,30500
2010-11-19,7.5,7.650000095367432,7.5,7.599999904632568,7.599999904632568,9800
2010-11-22,7.610000133514404,7.670000076293945,7.510000228881836,7.670000076293945,7.670000076293945,14300
2010-11-23,7.599999904632568,7.78000020980835,7.599999904632568,7.78000020980835,7.78000020980835,8800
2010-11-24,7.820000171661377,8.039999961853027,7.75,8.039999961853027,8.039999961853027,37400
2010-11-26,8.020000457763672,8.149999618530273,7.889999866485596,7.929999828338623,7.929999828338623,12400
2010-11-29,7.889999866485596,8.5,7.849999904632568,8.460000038146973,8.460000038146973,48300
2010-11-30,8.289999961853027,8.569999694824219,8.289999961853027,8.5,8.5,41800
2010-12-01,8.609999656677246,8.899999618530273,8.520000457763672,8.779999732971191,8.779999732971191,101700
2010-12-02,8.84000015258789,9.470000267028809,8.84000015258789,9.350000381469727,9.350000381469727,115400
2010-12-03,9.25,9.329999923706055,9.100000381469727,9.319999694824219,9.319999694824219,62200
2010-12-06,9.350000381469727,9.470000267028809,9.180000305175781,9.350000381469727,9.350000381469727,27600
2010-12-07,9.5,9.5,9.3100004196167,9.319999694824219,9.319999694824219,31100
2010-12-08,9.25,9.470000267028809,9.199999809265137,9.449999809265137,9.449999809265137,31900
2010-12-09,9.5,9.5,9.229999542236328,9.380000114440918,9.380000114440918,10500
2010-12-10,9.4399995803833,9.5,9.350000381469727,9.5,9.5,58900
2010-12-13,9.5,9.5,9.359999656677246,9.399999618530273,9.399999618530273,131800
2010-12-14,9.300000190734863,9.34000015258789,8.899999618530273,9.239999771118164,9.239999771118164,91000
2010-12-15,9.210000038146973,9.239999771118164,8.989999771118164,9.010000228881836,9.010000228881836,22000
2010-12-16,8.920000076293945,9.210000038146973,8.899999618530273,9.149999618530273,9.149999618530273,29500
2010-12-17,9.25,9.350000381469727,9.010000228881836,9.300000190734863,9.300000190734863,23800
2010-12-20,9.380000114440918,9.380000114440918,8.979999542236328,9.34000015258789,9.34000015258789,37000
2010-12-21,9.300000190734863,9.649999618530273,9.260000228881836,9.5600004196167,9.5600004196167,34900
2010-12-22,9.619999885559082,9.75,9.569999694824219,9.699999809265137,9.699999809265137,19900
2010-12-23,9.65999984741211,9.84000015258789,9.65999984741211,9.829999923706055,9.829999923706055,9400
2010-12-27,9.869999885559082,9.880000114440918,9.430000305175781,9.640000343322754,9.640000343322754,33400
2010-12-28,9.640000343322754,9.640000343322754,9.449999809265137,9.640000343322754,9.640000343322754,24700
2010-12-29,9.619999885559082,9.640000343322754,9.050000190734863,9.210000038146973,9.210000038146973,31300
2010-12-30,9.210000038146973,9.609999656677246,9.0,9.470000267028809,9.470000267028809,31300
2010-12-31,9.359999656677246,9.800000190734863,9.350000381469727,9.680000305175781,9.680000305175781,35200
2011-01-03,9.760000228881836,9.899999618530273,9.5600004196167,9.649999618530273,9.649999618530273,33900
2011-01-04,9.729999542236328,9.729999542236328,9.15999984741211,9.329999923706055,9.329999923706055,107100
2011-01-05,9.289999961853027,9.899999618530273,9.289999961853027,9.6899995803833,9.6899995803833,46100
2011-01-06,9.640000343322754,10.0,9.579999923706055,10.0,10.0,38600
2011-01-07,9.979999542236328,9.989999771118164,9.649999618530273,9.65999984741211,9.65999984741211,10700
2011-01-10,9.640000343322754,9.779999732971191,9.520000457763672,9.710000038146973,9.710000038146973,15700
2011-01-11,9.789999961853027,9.930000305175781,9.760000228881836,9.800000190734863,9.800000190734863,17000
2011-01-12,9.829999923706055,9.90999984741211,9.5,9.609999656677246,9.609999656677246,26400
2011-01-13,9.609999656677246,9.6899995803833,9.449999809265137,9.489999771118164,9.489999771118164,23800
2011-01-14,9.399999618530273,9.609999656677246,9.399999618530273,9.5,9.5,10000
2011-01-18,9.430000305175781,9.479999542236328,8.289999961853027,8.9399995803833,8.9399995803833,121400
2011-01-19,8.8100004196167,9.0,8.479999542236328,8.800000190734863,8.800000190734863,78400
2011-01-20,8.649999618530273,8.949999809265137,8.359999656677246,8.470000267028809,8.470000267028809,73700
2011-01-21,8.720000267028809,8.859999656677246,8.430000305175781,8.569999694824219,8.569999694824219,42900
2011-01-24,8.529999732971191,8.760000228881836,8.0,8.680000305175781,8.680000305175781,14200
2011-01-25,8.699999809265137,9.0,8.699999809265137,8.829999923706055,8.829999923706055,21100
2011-01-26,8.819999694824219,9.270000457763672,8.569999694824219,8.869999885559082,8.869999885559082,136600
2011-01-27,8.829999923706055,9.1899995803833,8.739999771118164,9.050000190734863,9.050000190734863,39300
2011-01-28,9.119999885559082,9.119999885559082,8.279999732971191,8.880000114440918,8.880000114440918,21700
2011-01-31,8.970000267028809,8.970000267028809,8.319999694824219,8.970000267028809,8.970000267028809,45200
2011-02-01,8.869999885559082,9.449999809265137,8.680000305175781,9.25,9.25,18900
2011-02-02,9.260000228881836,9.449999809265137,9.039999961853027,9.100000381469727,9.100000381469727,28200
2011-02-03,9.010000228881836,9.100000381469727,8.729999542236328,8.920000076293945,8.920000076293945,38700
2011-02-04,9.039999961853027,9.119999885559082,8.609999656677246,8.720000267028809,8.720000267028809,20500
2011-02-07,8.789999961853027,9.0,8.550000190734863,8.779999732971191,8.779999732971191,19200
2011-02-08,8.65999984741211,8.920000076293945,8.550000190734863,8.819999694824219,8.819999694824219,20400
2011-02-09,8.8100004196167,8.850000381469727,8.6899995803833,8.75,8.75,11100
2011-02-10,8.710000038146973,9.239999771118164,8.710000038146973,9.180000305175781,9.180000305175781,37600
2011-02-11,9.199999809265137,9.430000305175781,9.029999732971191,9.270000457763672,9.270000457763672,22500
2011-02-14,9.1899995803833,9.460000038146973,9.0600004196167,9.300000190734863,9.300000190734863,14800
2011-02-15,9.34000015258789,9.460000038146973,9.270000457763672,9.319999694824219,9.319999694824219,15000
2011-02-16,9.25,9.75,9.25,9.600000381469727,9.600000381469727,21400
2011-02-17,9.550000190734863,9.899999618530273,9.460000038146973,9.899999618530273,9.899999618530273,36000
2011-02-18,9.899999618530273,9.899999618530273,9.649999618530273,9.8100004196167,9.8100004196167,17700
2011-02-22,9.760000228881836,9.819999694824219,8.5600004196167,9.069999694824219,9.069999694824219,47800
2011-02-23,9.029999732971191,9.029999732971191,8.510000228881836,8.789999961853027,8.789999961853027,15700
2011-02-24,8.789999961853027,8.890000343322754,8.569999694824219,8.6899995803833,8.6899995803833,23100
2011-02-25,8.899999618530273,8.920000076293945,8.550000190734863,8.789999961853027,8.789999961853027,50200
2011-02-28,8.670000076293945,9.010000228881836,8.579999923706055,8.699999809265137,8.699999809265137,33000
2011-03-01,8.949999809265137,8.949999809265137,8.6899995803833,8.920000076293945,8.920000076293945,12900
2011-03-02,8.859999656677246,8.920000076293945,8.399999618530273,8.6899995803833,8.6899995803833,36800
2011-03-03,8.789999961853027,9.010000228881836,8.789999961853027,8.880000114440918,8.880000114440918,145300
2011-03-04,8.880000114440918,9.0600004196167,8.880000114440918,9.010000228881836,9.010000228881836,2000
2011-03-07,8.920000076293945,9.010000228881836,8.880000114440918,8.890000343322754,8.890000343322754,5200
2011-03-08,8.890000343322754,9.210000038146973,8.869999885559082,9.109999656677246,9.109999656677246,13400
2011-03-09,8.930000305175781,9.40999984741211,8.920000076293945,9.149999618530273,9.149999618530273,50000
2011-03-10,9.079999923706055,9.149999618530273,8.949999809265137,9.119999885559082,9.119999885559082,5600
2011-03-11,9.050000190734863,9.300000190734863,9.020000457763672,9.069999694824219,9.069999694824219,7600
2011-03-14,8.9399995803833,9.100000381469727,8.75,9.100000381469727,9.100000381469727,11700
2011-03-15,8.789999961853027,9.100000381469727,8.789999961853027,8.979999542236328,8.979999542236328,9500
2011-03-16,9.010000228881836,9.149999618530273,8.880000114440918,9.130000114440918,9.130000114440918,10400
2011-03-17,9.140000343322754,9.149999618530273,8.930000305175781,9.149999618530273,9.149999618530273,21800
2011-03-18,9.25,9.479999542236328,9.09000015258789,9.170000076293945,9.170000076293945,47200
2011-03-21,9.25,9.40999984741211,9.180000305175781,9.369999885559082,9.369999885559082,22800
2011-03-22,8.75,9.399999618530273,8.75,9.199999809265137,9.199999809265137,17800
2011-03-23,9.039999961853027,9.289999961853027,9.039999961853027,9.210000038146973,9.210000038146973,17600
2011-03-24,9.319999694824219,9.319999694824219,9.149999618530273,9.260000228881836,9.260000228881836,5200
2011-03-25,9.279999732971191,9.350000381469727,9.140000343322754,9.329999923706055,9.329999923706055,15400
2011-03-28,9.390000343322754,9.390000343322754,9.020000457763672,9.199999809265137,9.199999809265137,15800
2011-03-29,9.149999618530273,9.270000457763672,9.149999618530273,9.229999542236328,9.229999542236328,2500
2011-03-30,9.25,9.430000305175781,9.069999694824219,9.220000267028809,9.220000267028809,36000
2011-03-31,9.210000038146973,9.3100004196167,9.15999984741211,9.25,9.25,29400
2011-04-01,9.260000228881836,9.449999809265137,9.25,9.369999885559082,9.369999885559082,27700
2011-04-04,9.430000305175781,9.569999694824219,9.25,9.489999771118164,9.489999771118164,36500
2011-04-05,9.270000457763672,9.569999694824219,9.260000228881836,9.479999542236328,9.479999542236328,22600
2011-04-06,9.40999984741211,9.699999809265137,9.40999984741211,9.65999984741211,9.65999984741211,15800
2011-04-07,9.699999809265137,9.829999923706055,9.5,9.800000190734863,9.800000190734863,17600
2011-04-08,9.800000190734863,9.859999656677246,9.609999656677246,9.619999885559082,9.619999885559082,5200
2011-04-11,9.0,9.59000015258789,9.0,9.199999809265137,9.199999809265137,22500
2011-04-12,9.15999984741211,9.260000228881836,9.100000381469727,9.239999771118164,9.239999771118164,21200
2011-04-13,9.25,9.289999961853027,9.050000190734863,9.050000190734863,9.050000190734863,1600
2011-04-14,9.0,9.100000381469727,8.880000114440918,9.100000381469727,9.100000381469727,10200
2011-04-15,9.100000381469727,9.100000381469727,8.949999809265137,9.039999961853027,9.039999961853027,3300
2011-04-18,8.920000076293945,9.239999771118164,8.890000343322754,9.180000305175781,9.180000305175781,5600
2011-04-19,9.170000076293945,9.199999809265137,8.890000343322754,9.199999809265137,9.199999809265137,7900
2011-04-20,9.279999732971191,9.75,9.239999771118164,9.329999923706055,9.329999923706055,36700
2011-04-21,9.399999618530273,9.460000038146973,9.350000381469727,9.460000038146973,9.460000038146973,2300
2011-04-25,9.460000038146973,9.640000343322754,9.210000038146973,9.34000015258789,9.34000015258789,8400
2011-04-26,9.350000381469727,9.600000381469727,9.3100004196167,9.510000228881836,9.510000228881836,17100
2011-04-27,9.300000190734863,9.729999542236328,9.09000015258789,9.59000015258789,9.59000015258789,16000
2011-04-28,9.609999656677246,9.609999656677246,9.470000267028809,9.600000381469727,9.600000381469727,2800
2011-04-29,9.619999885559082,9.710000038146973,9.510000228881836,9.59000015258789,9.59000015258789,11000
2011-05-02,9.59000015258789,9.729999542236328,9.390000343322754,9.600000381469727,9.600000381469727,10000
2011-05-03,9.5,9.600000381469727,8.90999984741211,9.239999771118164,9.239999771118164,32000
2011-05-04,9.1899995803833,9.199999809265137,9.079999923706055,9.100000381469727,9.100000381469727,23600
2011-05-05,9.0600004196167,9.25,9.0,9.25,9.25,94800
2011-05-06,9.25,9.350000381469727,8.960000038146973,9.350000381469727,9.350000381469727,18000
2011-05-09,9.3100004196167,9.489999771118164,9.260000228881836,9.489999771118164,9.489999771118164,13000
2011-05-10,9.460000038146973,9.729999542236328,9.460000038146973,9.720000267028809,9.720000267028809,7200
2011-05-11,9.670000076293945,9.6899995803833,9.390000343322754,9.390000343322754,9.390000343322754,21100
2011-05-12,9.319999694824219,9.510000228881836,9.229999542236328,9.5,9.5,26700
2011-05-13,9.449999809265137,9.489999771118164,9.1899995803833,9.489999771118164,9.489999771118164,13000
2011-05-16,9.449999809265137,9.460000038146973,9.34000015258789,9.399999618530273,9.399999618530273,15800
2011-05-17,9.5,9.5,9.300000190734863,9.34000015258789,9.34000015258789,3000
2011-05-18,9.109999656677246,9.539999961853027,9.0600004196167,9.170000076293945,9.170000076293945,25700
2011-05-19,9.140000343322754,9.239999771118164,9.09000015258789,9.09000015258789,9.09000015258789,8000
2011-05-20,9.0600004196167,9.100000381469727,9.0,9.039999961853027,9.039999961853027,7600
2011-05-23,8.979999542236328,8.979999542236328,8.640000343322754,8.8100004196167,8.8100004196167,8800
2011-05-24,8.829999923706055,9.4399995803833,8.75,9.350000381469727,9.350000381469727,24400
2011-05-25,9.289999961853027,9.300000190734863,9.029999732971191,9.270000457763672,9.270000457763672,10900
2011-05-26,8.770000457763672,9.270000457763672,8.770000457763672,9.25,9.25,4500
2011-05-27,9.239999771118164,9.420000076293945,9.239999771118164,9.3100004196167,9.3100004196167,9200
2011-05-31,9.40999984741211,9.40999984741211,9.050000190734863,9.170000076293945,9.170000076293945,15800
2011-06-01,9.1899995803833,9.239999771118164,8.75,8.930000305175781,8.930000305175781,16000
2011-06-02,8.890000343322754,9.359999656677246,8.789999961853027,9.359999656677246,9.359999656677246,20700
2011-06-03,9.1899995803833,9.4399995803833,9.09000015258789,9.229999542236328,9.229999542236328,39000
2011-06-06,9.1899995803833,9.399999618530273,8.770000457763672,8.930000305175781,8.930000305175781,43200
2011-06-07,8.859999656677246,8.899999618530273,8.789999961853027,8.850000381469727,8.850000381469727,14100
2011-06-08,8.8100004196167,9.020000457763672,8.569999694824219,8.65999984741211,8.65999984741211,23100
2011-06-09,8.710000038146973,8.920000076293945,8.550000190734863,8.6899995803833,8.6899995803833,19800
2011-06-10,8.699999809265137,8.779999732971191,8.260000228881836,8.569999694824219,8.569999694824219,41200
2011-06-13,8.539999961853027,8.75,8.420000076293945,8.529999732971191,8.529999732971191,39700
2011-06-14,8.59000015258789,8.65999984741211,8.3100004196167,8.619999885559082,8.619999885559082,93900
2011-06-15,8.510000228881836,8.710000038146973,8.359999656677246,8.630000114440918,8.630000114440918,43800
2011-06-16,8.619999885559082,8.699999809265137,8.319999694824219,8.5,8.5,34400
2011-06-17,8.550000190734863,8.550000190734863,8.300000190734863,8.369999885559082,8.369999885559082,45300
2011-06-20,8.319999694824219,8.380000114440918,8.010000228881836,8.15999984741211,8.15999984741211,26400
2011-06-21,8.149999618530273,8.460000038146973,8.100000381469727,8.239999771118164,8.239999771118164,56800
2011-06-22,8.25,8.350000381469727,8.149999618530273,8.3100004196167,8.3100004196167,22500
2011-06-23,8.220000267028809,8.380000114440918,8.039999961853027,8.149999618530273,8.149999618530273,39000
2011-06-24,8.109999656677246,8.529999732971191,7.929999828338623,7.989999771118164,7.989999771118164,1258100
2011-06-27,8.029999732971191,8.029999732971191,7.21999979019165,7.559999942779541,7.559999942779541,97000
2011-06-28,7.610000133514404,8.09000015258789,7.300000190734863,7.96999979019165,7.96999979019165,69300
2011-06-29,7.909999847412109,7.96999979019165,7.699999809265137,7.809999942779541,7.809999942779541,64700
2011-06-30,7.849999904632568,7.849999904632568,7.659999847412109,7.75,7.75,61000
2011-07-01,7.760000228881836,7.829999923706055,7.5,7.699999809265137,7.699999809265137,114000
2011-07-05,7.71999979019165,7.75,7.5,7.579999923706055,7.579999923706055,68200
2011-07-06,7.559999942779541,7.699999809265137,7.429999828338623,7.519999980926514,7.519999980926514,59100
2011-07-07,7.539999961853027,7.690000057220459,7.28000020980835,7.559999942779541,7.559999942779541,73700
2011-07-08,7.480000019073486,7.53000020980835,7.0,7.449999809265137,7.449999809265137,27300
2011-07-11,7.349999904632568,7.449999809265137,7.260000228881836,7.349999904632568,7.349999904632568,24200
2011-07-12,7.340000152587891,7.389999866485596,7.139999866485596,7.320000171661377,7.320000171661377,15800
2011-07-13,7.369999885559082,7.369999885559082,7.050000190734863,7.210000038146973,7.210000038146973,30700
2011-07-14,7.289999961853027,7.320000171661377,7.090000152587891,7.099999904632568,7.099999904632568,25800
2011-07-15,7.150000095367432,7.150000095367432,6.900000095367432,6.940000057220459,6.940000057220459,24200
2011-07-18,6.940000057220459,6.989999771118164,6.800000190734863,6.809999942779541,6.809999942779541,21700
2011-07-19,6.840000152587891,6.860000133514404,6.480000019073486,6.570000171661377,6.570000171661377,50500
2011-07-20,6.590000152587891,6.590000152587891,6.099999904632568,6.25,6.25,65100
2011-07-21,6.269999980926514,6.409999847412109,6.099999904632568,6.170000076293945,6.170000076293945,58300
2011-07-22,6.130000114440918,6.130000114440918,5.840000152587891,6.019999980926514,6.019999980926514,59100
2011-07-25,6.059999942779541,6.320000171661377,5.960000038146973,6.119999885559082,6.119999885559082,88200
2011-07-26,6.150000095367432,6.150000095367432,5.960000038146973,6.019999980926514,6.019999980926514,42000
2011-07-27,6.059999942779541,6.28000020980835,5.809999942779541,5.860000133514404,5.860000133514404,107100
2011-07-28,5.869999885559082,6.0,5.730000019073486,5.949999809265137,5.949999809265137,99000
2011-07-29,5.989999771118164,6.010000228881836,5.829999923706055,5.869999885559082,5.869999885559082,73300
2011-08-01,5.900000095367432,6.0,5.650000095367432,5.860000133514404,5.860000133514404,141400
2011-08-02,5.869999885559082,5.869999885559082,5.53000020980835,5.539999961853027,5.539999961853027,36400
2011-08-03,5.539999961853027,5.75,5.5,5.699999809265137,5.699999809265137,50100
2011-08-04,5.639999866485596,5.639999866485596,5.260000228881836,5.260000228881836,5.260000228881836,41600
2011-08-05,5.349999904632568,5.349999904632568,4.900000095367432,5.03000020980835,5.03000020980835,69300
2011-08-08,4.909999847412109,4.949999809265137,4.5,4.5,4.5,79200
2011-08-09,4.619999885559082,4.829999923706055,4.5,4.75,4.75,79100
2011-08-10,4.659999847412109,4.75,4.5,4.5,4.5,77700
2011-08-11,4.510000228881836,4.599999904632568,4.380000114440918,4.539999961853027,4.539999961853027,47800
2011-08-12,4.550000190734863,4.679999828338623,4.380000114440918,4.420000076293945,4.420000076293945,38800
2011-08-15,4.460000038146973,4.480000019073486,4.0,4.130000114440918,4.130000114440918,80200
2011-08-16,4.070000171661377,4.099999904632568,3.8299999237060547,3.990000009536743,3.990000009536743,119700
2011-08-17,4.0,4.110000133514404,3.940000057220459,4.070000171661377,4.070000171661377,361500
2011-08-18,4.0,4.059999942779541,3.809999942779541,3.819999933242798,3.819999933242798,54200
2011-08-19,3.75,3.9800000190734863,3.740000009536743,3.869999885559082,3.869999885559082,95700
2011-08-22,3.950000047683716,4.0,3.7899999618530273,3.8499999046325684,3.8499999046325684,199800
2011-08-23,3.869999885559082,3.9800000190734863,3.819999933242798,3.9600000381469727,3.9600000381469727,111500
2011-08-24,3.940000057220459,4.03000020980835,3.9200000762939453,4.010000228881836,4.010000228881836,75200
2011-08-25,4.03000020980835,4.110000133514404,3.8499999046325684,3.859999895095825,3.859999895095825,162600
2011-08-26,3.9100000858306885,3.9100000858306885,3.6700000762939453,3.880000114440918,3.880000114440918,58000
2011-08-29,3.9200000762939453,4.75,3.9200000762939453,4.71999979019165,4.71999979019165,113800
2011-08-30,4.730000019073486,5.050000190734863,4.610000133514404,4.889999866485596,4.889999866485596,95900
2011-08-31,4.920000076293945,4.920000076293945,4.690000057220459,4.860000133514404,4.860000133514404,110500
2011-09-01,4.829999923706055,4.940000057220459,4.639999866485596,4.670000076293945,4.670000076293945,38300
2011-09-02,4.599999904632568,4.599999904632568,4.079999923706055,4.190000057220459,4.190000057220459,42900
2011-09-06,4.039999961853027,4.409999847412109,4.039999961853027,4.21999979019165,4.21999979019165,33000
2011-09-07,4.309999942779541,4.46999979019165,4.190000057220459,4.389999866485596,4.389999866485596,47200
2011-09-08,4.340000152587891,4.659999847412109,4.340000152587891,4.5,4.5,50800
2011-09-09,4.539999961853027,4.619999885559082,4.489999771118164,4.590000152587891,4.590000152587891,38300
2011-09-12,4.53000020980835,4.630000114440918,4.409999847412109,4.519999980926514,4.519999980926514,30800
2011-09-13,4.619999885559082,4.630000114440918,4.429999828338623,4.53000020980835,4.53000020980835,22300
2011-09-14,4.579999923706055,4.659999847412109,4.559999942779541,4.619999885559082,4.619999885559082,34900
2011-09-15,4.699999809265137,4.949999809265137,4.690000057220459,4.909999847412109,4.909999847412109,27100
2011-09-16,4.949999809265137,5.03000020980835,4.869999885559082,4.929999828338623,4.929999828338623,39000
2011-09-19,4.869999885559082,4.909999847412109,4.650000095367432,4.650000095367432,4.650000095367432,37500
2011-09-20,4.630000114440918,4.760000228881836,4.260000228881836,4.289999961853027,4.289999961853027,31700
2011-09-21,4.289999961853027,4.590000152587891,3.990000009536743,4.059999942779541,4.059999942779541,44400
2011-09-22,3.9100000858306885,4.230000019073486,3.890000104904175,3.9700000286102295,3.9700000286102295,50300
2011-09-23,3.9700000286102295,4.119999885559082,3.890000104904175,4.039999961853027,4.039999961853027,39400
2011-09-26,4.079999923706055,4.159999847412109,3.890000104904175,4.03000020980835,4.03000020980835,33100
2011-09-27,4.130000114440918,4.210000038146973,3.940000057220459,4.130000114440918,4.130000114440918,51300
2011-09-28,4.099999904632568,4.170000076293945,3.869999885559082,3.869999885559082,3.869999885559082,47500
2011-09-29,3.9700000286102295,3.9700000286102295,3.680000066757202,3.8299999237060547,3.8299999237060547,45000
2011-09-30,3.7699999809265137,3.7699999809265137,3.5999999046325684,3.6500000953674316,3.6500000953674316,43900
2011-10-03,3.630000114440918,3.690000057220459,3.369999885559082,3.369999885559082,3.369999885559082,37900
2011-10-04,3.3299999237060547,3.4600000381469727,3.1700000762939453,3.4000000953674316,3.4000000953674316,169400
2011-10-05,3.390000104904175,3.390000104904175,3.2899999618530273,3.3299999237060547,3.3299999237060547,77000
2011-10-06,3.3299999237060547,3.4000000953674316,3.2899999618530273,3.3499999046325684,3.3499999046325684,96100
2011-10-07,3.390000104904175,3.4100000858306885,2.3499999046325684,2.7300000190734863,2.7300000190734863,280300
2011-10-10,2.75,3.0399999618530273,2.75,3.009999990463257,3.009999990463257,149400
2011-10-11,3.0,3.2699999809265137,3.0,3.2699999809265137,3.2699999809265137,88700
2011-10-12,3.299999952316284,3.4100000858306885,3.190000057220459,3.3499999046325684,3.3499999046325684,73800
2011-10-13,3.3299999237060547,3.3499999046325684,3.2300000190734863,3.3499999046325684,3.3499999046325684,44000
2011-10-14,3.3499999046325684,3.390000104904175,3.2200000286102295,3.299999952316284,3.299999952316284,76500
2011-10-17,3.2699999809265137,3.359999895095825,3.0,3.009999990463257,3.009999990463257,42200
2011-10-18,3.059999942779541,3.1600000858306885,3.009999990463257,3.119999885559082,3.119999885559082,68300
2011-10-19,3.0899999141693115,3.0999999046325684,2.9100000858306885,2.9600000381469727,2.9600000381469727,61400
2011-10-20,2.9600000381469727,2.990000009536743,2.869999885559082,2.9200000762939453,2.9200000762939453,42500
2011-10-21,2.9800000190734863,3.1500000953674316,2.9000000953674316,2.9800000190734863,2.9800000190734863,48500
2011-10-24,2.880000114440918,3.049999952316284,2.880000114440918,3.0,3.0,46700
2011-10-25,2.9700000286102295,3.0199999809265137,2.809999942779541,2.859999895095825,2.859999895095825,20800
2011-10-26,2.890000104904175,2.9200000762939453,2.869999885559082,2.9000000953674316,2.9000000953674316,45500
2011-10-27,2.990000009536743,3.4800000190734863,2.9700000286102295,3.4100000858306885,3.4100000858306885,98400
2011-10-28,3.4000000953674316,3.4000000953674316,3.190000057220459,3.299999952316284,3.299999952316284,87900
2011-10-31,3.2200000286102295,3.259999990463257,3.0,3.2100000381469727,3.2100000381469727,78100
2011-11-01,3.059999942779541,3.130000114440918,3.0,3.049999952316284,3.049999952316284,62000
2011-11-02,3.119999885559082,3.119999885559082,3.0,3.009999990463257,3.009999990463257,142000
2011-11-03,3.009999990463257,3.259999990463257,3.0,3.200000047683716,3.200000047683716,136200
2011-11-04,3.1500000953674316,3.2899999618530273,3.130000114440918,3.2699999809265137,3.2699999809265137,75400
2011-11-07,3.240000009536743,3.299999952316284,3.140000104904175,3.2899999618530273,3.2899999618530273,35000
2011-11-08,3.2899999618530273,3.369999885559082,3.1600000858306885,3.369999885559082,3.369999885559082,36600
2011-11-09,3.25,3.359999895095825,3.0999999046325684,3.130000114440918,3.130000114440918,22900
2011-11-10,3.180000066757202,3.4200000762939453,2.9100000858306885,3.1700000762939453,3.1700000762939453,72100
2011-11-11,3.200000047683716,3.4100000858306885,3.1500000953674316,3.3499999046325684,3.3499999046325684,47700
2011-11-14,3.3399999141693115,3.430000066757202,3.1700000762939453,3.2699999809265137,3.2699999809265137,44100
2011-11-15,3.2300000190734863,3.299999952316284,3.200000047683716,3.299999952316284,3.299999952316284,55500
2011-11-16,3.25,3.3299999237060547,3.2100000381469727,3.2100000381469727,3.2100000381469727,130400
2011-11-17,3.2100000381469727,3.319999933242798,3.069999933242798,3.190000057220459,3.190000057220459,25900
2011-11-18,3.2100000381469727,3.380000114440918,3.109999895095825,3.109999895095825,3.109999895095825,34100
2011-11-21,3.049999952316284,3.1700000762939453,3.009999990463257,3.130000114440918,3.130000114440918,21200
2011-11-22,3.0999999046325684,3.1500000953674316,2.950000047683716,2.9600000381469727,2.9600000381469727,111700
2011-11-23,2.940000057220459,3.0999999046325684,2.9000000953674316,2.9000000953674316,2.9000000953674316,55800
2011-11-25,2.880000114440918,2.9600000381469727,2.880000114440918,2.890000104904175,2.890000104904175,17000
2011-11-28,3.069999933242798,3.0899999141693115,2.890000104904175,2.950000047683716,2.950000047683716,75700
2011-11-29,2.9600000381469727,2.990000009536743,2.890000104904175,2.940000057220459,2.940000057220459,28900
2011-11-30,3.109999895095825,3.2300000190734863,3.0399999618530273,3.069999933242798,3.069999933242798,94600
2011-12-01,3.069999933242798,3.069999933242798,2.930000066757202,2.950000047683716,2.950000047683716,17400
2011-12-02,3.0199999809265137,3.0199999809265137,2.940000057220459,2.990000009536743,2.990000009536743,12900
2011-12-05,3.049999952316284,3.119999885559082,3.0199999809265137,3.059999942779541,3.059999942779541,26100
2011-12-06,3.0799999237060547,3.0899999141693115,2.9800000190734863,3.0799999237060547,3.0799999237060547,27100
2011-12-07,3.049999952316284,3.069999933242798,2.9700000286102295,2.990000009536743,2.990000009536743,21800
2011-12-08,3.009999990463257,3.0299999713897705,2.9700000286102295,2.9700000286102295,2.9700000286102295,20100
2011-12-09,3.009999990463257,3.0299999713897705,2.809999942779541,2.9600000381469727,2.9600000381469727,35600
2011-12-12,2.9100000858306885,2.9800000190734863,2.890000104904175,2.9200000762939453,2.9200000762939453,35200
2011-12-13,2.950000047683716,2.9600000381469727,2.8299999237060547,2.8499999046325684,2.8499999046325684,16200
2011-12-14,2.8299999237060547,2.880000114440918,2.75,2.7799999713897705,2.7799999713897705,54800
2011-12-15,2.8399999141693115,2.8399999141693115,2.7100000381469727,2.7799999713897705,2.7799999713897705,78400
2011-12-16,2.809999942779541,2.930000066757202,2.809999942779541,2.9000000953674316,2.9000000953674316,41600
2011-12-19,2.940000057220459,2.9700000286102295,2.869999885559082,2.880000114440918,2.880000114440918,33300
2011-12-20,2.9700000286102295,3.049999952316284,2.940000057220459,3.049999952316284,3.049999952316284,30200
2011-12-21,3.0399999618530273,3.1700000762939453,2.9100000858306885,3.059999942779541,3.059999942779541,14300
2011-12-22,3.1600000858306885,3.1600000858306885,3.0399999618530273,3.049999952316284,3.049999952316284,15200
2011-12-23,3.069999933242798,3.069999933242798,2.9600000381469727,2.9800000190734863,2.9800000190734863,10400
2011-12-27,2.940000057220459,3.069999933242798,2.9000000953674316,2.9800000190734863,2.9800000190734863,22800
2011-12-28,3.059999942779541,3.0899999141693115,2.9200000762939453,2.9600000381469727,2.9600000381469727,16100
2011-12-29,2.9700000286102295,2.990000009536743,2.9000000953674316,2.940000057220459,2.940000057220459,26500
2011-12-30,2.9800000190734863,3.0,2.930000066757202,2.9700000286102295,2.9700000286102295,56300
2012-01-03,3.059999942779541,3.0899999141693115,2.9100000858306885,3.0899999141693115,3.0899999141693115,10600
2012-01-04,3.049999952316284,3.049999952316284,2.950000047683716,2.9800000190734863,2.9800000190734863,37900
2012-01-05,2.9600000381469727,3.009999990463257,2.8399999141693115,3.0,3.0,16900
2012-01-06,3.009999990463257,3.059999942779541,2.9000000953674316,3.009999990463257,3.009999990463257,15100
2012-01-09,3.0299999713897705,3.2200000286102295,3.0299999713897705,3.1700000762939453,3.1700000762939453,24900
2012-01-10,3.2100000381469727,3.2300000190734863,3.1700000762939453,3.2200000286102295,3.2200000286102295,14700
2012-01-11,3.2300000190734863,3.25,3.180000066757202,3.200000047683716,3.200000047683716,11700
2012-01-12,3.240000009536743,3.25,3.180000066757202,3.2200000286102295,3.2200000286102295,14700
2012-01-13,3.180000066757202,3.2100000381469727,3.0799999237060547,3.119999885559082,3.119999885559082,15800
2012-01-17,3.190000057220459,3.3499999046325684,3.1500000953674316,3.299999952316284,3.299999952316284,22900
2012-01-18,3.319999933242798,3.440000057220459,3.25,3.4100000858306885,3.4100000858306885,22400
2012-01-19,3.430000066757202,3.5,3.3399999141693115,3.390000104904175,3.390000104904175,13900
2012-01-20,3.380000114440918,3.569999933242798,3.3299999237060547,3.4100000858306885,3.4100000858306885,23100
2012-01-23,3.490000009536743,3.5999999046325684,3.299999952316284,3.430000066757202,3.430000066757202,30700
2012-01-24,3.4000000953674316,3.5899999141693115,3.2799999713897705,3.5199999809265137,3.5199999809265137,20300
2012-01-25,3.490000009536743,3.509999990463257,3.25,3.4000000953674316,3.4000000953674316,15500
2012-01-26,3.4200000762939453,3.609999895095825,3.380000114440918,3.569999933242798,3.569999933242798,11300
2012-01-27,3.5799999237060547,3.609999895095825,3.4000000953674316,3.609999895095825,3.609999895095825,7800
2012-01-30,3.4700000286102295,3.509999990463257,3.390000104904175,3.440000057220459,3.440000057220459,10500
2012-01-31,3.490000009536743,3.509999990463257,3.2699999809265137,3.299999952316284,3.299999952316284,28900
2012-02-01,3.3399999141693115,3.5999999046325684,3.3299999237060547,3.5799999237060547,3.5799999237060547,32700
2012-02-02,3.299999952316284,3.640000104904175,3.299999952316284,3.5299999713897705,3.5299999713897705,42400
2012-02-03,3.619999885559082,3.6700000762939453,3.440000057220459,3.6700000762939453,3.6700000762939453,37400
2012-02-06,3.609999895095825,3.700000047683716,3.5399999618530273,3.700000047683716,3.700000047683716,14500
2012-02-07,3.640000104904175,3.640000104904175,3.4700000286102295,3.509999990463257,3.509999990463257,14600
2012-02-08,3.5399999618530273,3.609999895095825,3.5,3.5999999046325684,3.5999999046325684,7400
2012-02-09,3.609999895095825,3.6700000762939453,3.5,3.549999952316284,3.549999952316284,15600
2012-02-10,3.5,3.5899999141693115,3.4200000762939453,3.440000057220459,3.440000057220459,8300
2012-02-13,3.5,3.569999933242798,3.5,3.569999933242798,3.569999933242798,16200
2012-02-14,3.5,3.5999999046325684,3.5,3.559999942779541,3.559999942779541,4200
2012-02-15,3.5799999237060547,3.5799999237060547,3.5,3.509999990463257,3.509999990463257,13200
2012-02-16,3.569999933242798,3.5899999141693115,3.5399999618530273,3.5899999141693115,3.5899999141693115,7800
2012-02-17,3.5899999141693115,3.5999999046325684,3.5,3.509999990463257,3.509999990463257,8300
2012-02-21,3.5,3.549999952316284,3.5,3.5,3.5,11800
2012-02-22,3.5,3.559999942779541,3.4200000762939453,3.5,3.5,23800
2012-02-23,3.490000009536743,3.559999942779541,3.430000066757202,3.549999952316284,3.549999952316284,15100
2012-02-24,3.5399999618530273,3.5399999618530273,3.450000047683716,3.4800000190734863,3.4800000190734863,7800
2012-02-27,3.430000066757202,3.4600000381469727,3.4000000953674316,3.4600000381469727,3.4600000381469727,5400
2012-02-28,3.4600000381469727,3.5399999618530273,3.319999933242798,3.3499999046325684,3.3499999046325684,3900
2012-02-29,3.299999952316284,3.3299999237060547,3.2300000190734863,3.25,3.25,45000
2012-03-01,3.25,3.559999942779541,3.240000009536743,3.4800000190734863,3.4800000190734863,15600
2012-03-02,3.4800000190734863,3.4800000190734863,3.25,3.2799999713897705,3.2799999713897705,8700
2012-03-05,3.2799999713897705,3.559999942779541,3.25,3.5,3.5,29100
2012-03-06,3.430000066757202,3.430000066757202,3.25,3.2799999713897705,3.2799999713897705,31600
2012-03-07,3.299999952316284,3.4100000858306885,3.2699999809265137,3.4100000858306885,3.4100000858306885,38200
2012-03-08,3.4000000953674316,3.4100000858306885,3.2699999809265137,3.369999885559082,3.369999885559082,12000
2012-03-09,3.3499999046325684,3.490000009536743,3.259999990463257,3.2899999618530273,3.2899999618530273,15300
2012-03-12,3.2899999618530273,3.319999933242798,3.25,3.25,3.25,20500
2012-03-13,3.2699999809265137,3.4700000286102295,3.25,3.4700000286102295,3.4700000286102295,9000
2012-03-14,3.4000000953674316,3.4000000953674316,3.2699999809265137,3.2699999809265137,3.2699999809265137,24000
2012-03-15,3.259999990463257,3.4200000762939453,3.25,3.319999933242798,3.319999933242798,14600
2012-03-16,3.2799999713897705,3.4100000858306885,3.240000009536743,3.25,3.25,62100
2012-03-19,3.25,3.380000114440918,3.25,3.2799999713897705,3.2799999713897705,8800
2012-03-20,3.240000009536743,3.319999933242798,3.240000009536743,3.25,3.25,10900
2012-03-21,3.259999990463257,3.259999990463257,3.2200000286102295,3.259999990463257,3.259999990463257,21600
2012-03-22,3.25,3.299999952316284,3.2300000190734863,3.259999990463257,3.259999990463257,19200
2012-03-23,3.259999990463257,3.3499999046325684,3.2200000286102295,3.3499999046325684,3.3499999046325684,8000
2012-03-26,3.369999885559082,3.390000104904175,3.25,3.3399999141693115,3.3399999141693115,18900
2012-03-27,3.3399999141693115,3.369999885559082,3.2300000190734863,3.299999952316284,3.299999952316284,9900
2012-03-28,3.2899999618530273,3.2899999618530273,3.2200000286102295,3.25,3.25,10500
2012-03-29,3.299999952316284,3.299999952316284,3.2200000286102295,3.25,3.25,39100
2012-03-30,3.259999990463257,3.3499999046325684,3.200000047683716,3.200000047683716,3.200000047683716,73000
2012-04-02,3.190000057220459,3.259999990463257,3.0,3.2200000286102295,3.2200000286102295,87300
2012-04-03,3.2200000286102295,3.2899999618530273,3.130000114440918,3.2200000286102295,3.2200000286102295,58200
2012-04-04,3.2200000286102295,3.25,3.0199999809265137,3.1500000953674316,3.1500000953674316,34300
2012-04-05,3.1600000858306885,3.2100000381469727,3.0899999141693115,3.1500000953674316,3.1500000953674316,9200
2012-04-09,3.0899999141693115,3.0899999141693115,3.0199999809265137,3.049999952316284,3.049999952316284,14100
2012-04-10,3.059999942779541,3.0999999046325684,3.0,3.0,3.0,22200
2012-04-11,3.059999942779541,3.2200000286102295,3.0299999713897705,3.140000104904175,3.140000104904175,30100
2012-04-12,3.119999885559082,3.2699999809265137,3.0999999046325684,3.2699999809265137,3.2699999809265137,28900
2012-04-13,3.240000009536743,3.2699999809265137,3.1500000953674316,3.1500000953674316,3.1500000953674316,8800
2012-04-16,3.1700000762939453,3.2799999713897705,3.1600000858306885,3.2200000286102295,3.2200000286102295,14800
2012-04-17,3.259999990463257,3.3499999046325684,3.25,3.2699999809265137,3.2699999809265137,11800
2012-04-18,3.240000009536743,3.4600000381469727,3.1500000953674316,3.1500000953674316,3.1500000953674316,22200
2012-04-19,3.1700000762939453,3.190000057220459,3.0899999141693115,3.0899999141693115,3.0899999141693115,24000
2012-04-20,3.1700000762939453,3.490000009536743,3.119999885559082,3.4600000381469727,3.4600000381469727,32100
2012-04-23,3.369999885559082,3.369999885559082,3.2200000286102295,3.259999990463257,3.259999990463257,14900
2012-04-24,3.25,3.369999885559082,3.2100000381469727,3.319999933242798,3.319999933242798,12400
2012-04-25,3.359999895095825,3.359999895095825,3.1700000762939453,3.2100000381469727,3.2100000381469727,36100
2012-04-26,3.5199999809265137,3.5199999809265137,3.2200000286102295,3.2899999618530273,3.2899999618530273,24500
2012-04-27,3.319999933242798,3.3499999046325684,3.190000057220459,3.3399999141693115,3.3399999141693115,30600
2012-04-30,3.319999933242798,3.4000000953674316,3.299999952316284,3.309999942779541,3.309999942779541,18000
2012-05-01,3.299999952316284,3.440000057220459,3.200000047683716,3.2100000381469727,3.2100000381469727,34000
2012-05-02,3.200000047683716,3.2899999618530273,3.1500000953674316,3.2200000286102295,3.2200000286102295,72100
2012-05-03,3.200000047683716,3.200000047683716,3.109999895095825,3.1500000953674316,3.1500000953674316,36000
2012-05-04,3.130000114440918,3.200000047683716,3.009999990463257,3.0299999713897705,3.0299999713897705,31500
2012-05-07,3.049999952316284,3.130000114440918,2.950000047683716,3.0299999713897705,3.0299999713897705,178000
2012-05-08,3.0299999713897705,3.049999952316284,2.9700000286102295,2.990000009536743,2.990000009536743,23300
2012-05-09,2.9700000286102295,3.130000114440918,2.9700000286102295,3.049999952316284,3.049999952316284,27000
2012-05-10,3.0799999237060547,3.2799999713897705,3.0299999713897705,3.2699999809265137,3.2699999809265137,18000
2012-05-11,3.190000057220459,3.2899999618530273,3.0799999237060547,3.25,3.25,22100
2012-05-14,3.200000047683716,3.200000047683716,3.009999990463257,3.049999952316284,3.049999952316284,11000
2012-05-15,3.059999942779541,3.2899999618530273,2.9200000762939453,3.2300000190734863,3.2300000190734863,36000
2012-05-16,3.0999999046325684,3.369999885559082,3.0999999046325684,3.299999952316284,3.299999952316284,21700
2012-05-17,3.2200000286102295,3.319999933242798,3.0999999046325684,3.130000114440918,3.130000114440918,21400
2012-05-18,3.109999895095825,3.4600000381469727,3.109999895095825,3.1600000858306885,3.1600000858306885,18200
2012-05-21,3.2200000286102295,3.3499999046325684,3.2100000381469727,3.299999952316284,3.299999952316284,24200
2012-05-22,3.2899999618530273,3.4200000762939453,3.1500000953674316,3.25,3.25,15000
2012-05-23,3.190000057220459,3.5199999809265137,3.0999999046325684,3.5,3.5,22000
2012-05-24,3.440000057220459,3.440000057220459,3.2899999618530273,3.380000114440918,3.380000114440918,12600
2012-05-25,3.4000000953674316,3.75,3.4000000953674316,3.6700000762939453,3.6700000762939453,31400
2012-05-29,3.549999952316284,3.9000000953674316,3.4100000858306885,3.890000104904175,3.890000104904175,27200
2012-05-30,3.759999990463257,3.9000000953674316,3.759999990463257,3.799999952316284,3.799999952316284,53000
2012-05-31,3.7200000286102295,3.880000114440918,3.5399999618530273,3.7699999809265137,3.7699999809265137,120700
2012-06-01,3.630000114440918,3.6600000858306885,3.4200000762939453,3.5,3.5,20900
2012-06-04,3.509999990463257,3.5399999618530273,3.259999990463257,3.369999885559082,3.369999885559082,55000
2012-06-05,3.3399999141693115,3.490000009536743,3.3299999237060547,3.4600000381469727,3.4600000381469727,16300
2012-06-06,3.490000009536743,3.759999990463257,3.2899999618530273,3.75,3.75,17000
2012-06-07,3.799999952316284,3.8399999141693115,3.309999942779541,3.380000114440918,3.380000114440918,33800
2012-06-08,3.369999885559082,3.4000000953674316,3.2799999713897705,3.309999942779541,3.309999942779541,65300
2012-06-11,3.3499999046325684,3.5,3.2100000381469727,3.240000009536743,3.240000009536743,32900
2012-06-12,3.240000009536743,3.319999933242798,3.119999885559082,3.309999942779541,3.309999942779541,35900
2012-06-13,3.2899999618530273,3.2899999618530273,3.0899999141693115,3.119999885559082,3.119999885559082,29900
2012-06-14,3.109999895095825,3.2100000381469727,3.0999999046325684,3.1600000858306885,3.1600000858306885,40200
2012-06-15,3.1700000762939453,3.309999942779541,3.1700000762939453,3.200000047683716,3.200000047683716,49300
2012-06-18,3.200000047683716,3.2799999713897705,3.1600000858306885,3.2300000190734863,3.2300000190734863,53900
2012-06-19,3.2300000190734863,3.2899999618530273,3.180000066757202,3.259999990463257,3.259999990463257,99200
2012-06-20,3.240000009536743,3.2799999713897705,3.2200000286102295,3.25,3.25,16800
2012-06-21,3.259999990463257,3.299999952316284,3.200000047683716,3.200000047683716,3.200000047683716,51800
2012-06-22,3.2799999713897705,3.4100000858306885,3.180000066757202,3.3499999046325684,3.3499999046325684,934300
2012-06-25,3.319999933242798,3.440000057220459,3.1600000858306885,3.4000000953674316,3.4000000953674316,55000
2012-06-26,3.430000066757202,3.5799999237060547,3.430000066757202,3.509999990463257,3.509999990463257,19400
2012-06-27,3.509999990463257,3.509999990463257,3.3499999046325684,3.430000066757202,3.430000066757202,20400
2012-06-28,3.430000066757202,3.5,3.299999952316284,3.369999885559082,3.369999885559082,37300
2012-06-29,3.4800000190734863,3.9000000953674316,3.450000047683716,3.740000009536743,3.740000009536743,23000
2012-07-02,3.7300000190734863,4.0,3.7300000190734863,3.950000047683716,3.950000047683716,16300
2012-07-03,3.930000066757202,4.039999961853027,3.759999990463257,3.9800000190734863,3.9800000190734863,4500
2012-07-05,4.0,4.230000019073486,3.9000000953674316,3.9700000286102295,3.9700000286102295,36600
2012-07-06,3.9200000762939453,4.179999828338623,3.859999895095825,4.0,4.0,4600
2012-07-09,4.010000228881836,4.300000190734863,3.9200000762939453,4.289999961853027,4.289999961853027,10100
2012-07-10,4.28000020980835,4.289999961853027,4.199999809265137,4.25,4.25,16600
2012-07-11,4.239999771118164,4.360000133514404,4.210000038146973,4.360000133514404,4.360000133514404,16100
2012-07-12,4.349999904632568,4.360000133514404,4.059999942779541,4.150000095367432,4.150000095367432,27700
2012-07-13,4.21999979019165,4.389999866485596,4.190000057220459,4.230000019073486,4.230000019073486,76500
2012-07-16,4.25,4.389999866485596,4.230000019073486,4.380000114440918,4.380000114440918,45500
2012-07-17,4.309999942779541,4.440000057220459,4.199999809265137,4.260000228881836,4.260000228881836,70700
2012-07-18,4.190000057220459,4.369999885559082,4.119999885559082,4.239999771118164,4.239999771118164,34400
2012-07-19,4.25,4.289999961853027,4.170000076293945,4.25,4.25,8700
2012-07-20,4.289999961853027,4.320000171661377,4.199999809265137,4.199999809265137,4.199999809265137,35600
2012-07-23,3.680000066757202,4.400000095367432,3.5,4.170000076293945,4.170000076293945,82400
2012-07-24,4.139999866485596,4.230000019073486,3.9700000286102295,4.179999828338623,4.179999828338623,14000
2012-07-25,4.110000133514404,4.199999809265137,3.799999952316284,3.799999952316284,3.799999952316284,63200
2012-07-26,4.769999980926514,4.96999979019165,4.199999809265137,4.889999866485596,4.889999866485596,159700
2012-07-27,4.909999847412109,5.21999979019165,4.809999942779541,4.900000095367432,4.900000095367432,427900
2012-07-30,5.230000019073486,5.25,4.889999866485596,4.900000095367432,4.900000095367432,187600
2012-07-31,4.880000114440918,5.010000228881836,4.570000171661377,4.96999979019165,4.96999979019165,219100
2012-08-01,5.0,5.110000133514404,4.769999980926514,5.019999980926514,5.019999980926514,218000
2012-08-02,5.0,5.239999771118164,5.0,5.190000057220459,5.190000057220459,61600
2012-08-03,5.25,5.25,5.210000038146973,5.25,5.25,31700
2012-08-06,5.25,5.5,5.230000019073486,5.449999809265137,5.449999809265137,90900
2012-08-07,5.5,5.849999904632568,5.489999771118164,5.699999809265137,5.699999809265137,82200
2012-08-08,5.71999979019165,5.800000190734863,5.670000076293945,5.699999809265137,5.699999809265137,30300
2012-08-09,5.769999980926514,5.769999980926514,5.360000133514404,5.400000095367432,5.400000095367432,46600
2012-08-10,5.400000095367432,5.449999809265137,5.210000038146973,5.329999923706055,5.329999923706055,39200
2012-08-13,5.400000095367432,5.599999904632568,5.360000133514404,5.590000152587891,5.590000152587891,20200
2012-08-14,5.639999866485596,5.670000076293945,5.449999809265137,5.539999961853027,5.539999961853027,56000
2012-08-15,5.579999923706055,5.78000020980835,5.489999771118164,5.78000020980835,5.78000020980835,70200
2012-08-16,5.769999980926514,6.0,5.659999847412109,5.889999866485596,5.889999866485596,99800
2012-08-17,5.889999866485596,5.949999809265137,5.510000228881836,5.869999885559082,5.869999885559082,41400
2012-08-20,6.0,6.0,5.880000114440918,5.949999809265137,5.949999809265137,29800
2012-08-21,6.0,6.0,5.920000076293945,5.960000038146973,5.960000038146973,49200
2012-08-22,6.0,6.0,5.949999809265137,5.980000019073486,5.980000019073486,47700
2012-08-23,6.0,6.0,5.900000095367432,5.949999809265137,5.949999809265137,8800
2012-08-24,5.909999847412109,5.989999771118164,5.869999885559082,5.880000114440918,5.880000114440918,16000
2012-08-27,5.860000133514404,5.880000114440918,5.099999904632568,5.230000019073486,5.230000019073486,94700
2012-08-28,5.070000171661377,5.230000019073486,4.880000114440918,5.079999923706055,5.079999923706055,74300
2012-08-29,5.03000020980835,5.03000020980835,4.820000171661377,4.920000076293945,4.920000076293945,55300
2012-08-30,4.909999847412109,5.03000020980835,4.869999885559082,5.0,5.0,7500
2012-08-31,4.980000019073486,5.019999980926514,4.869999885559082,4.909999847412109,4.909999847412109,26200
2012-09-04,4.900000095367432,5.03000020980835,4.809999942779541,4.860000133514404,4.860000133514404,36700
2012-09-05,4.900000095367432,5.110000133514404,4.889999866485596,5.0,5.0,19300
2012-09-06,5.050000190734863,5.050000190734863,4.849999904632568,4.860000133514404,4.860000133514404,13900
2012-09-07,4.889999866485596,5.0,4.840000152587891,4.849999904632568,4.849999904632568,14300
2012-09-10,4.900000095367432,4.989999771118164,4.800000190734863,4.880000114440918,4.880000114440918,49000
2012-09-11,4.940000057220459,4.96999979019165,4.75,4.889999866485596,4.889999866485596,51100
2012-09-12,4.960000038146973,4.960000038146973,4.849999904632568,4.860000133514404,4.860000133514404,10800
2012-09-13,4.900000095367432,4.949999809265137,4.849999904632568,4.889999866485596,4.889999866485596,9200
2012-09-14,4.909999847412109,4.96999979019165,4.860000133514404,4.909999847412109,4.909999847412109,16200
2012-09-17,4.869999885559082,4.96999979019165,4.849999904632568,4.900000095367432,4.900000095367432,23100
2012-09-18,4.900000095367432,4.920000076293945,4.840000152587891,4.849999904632568,4.849999904632568,24700
2012-09-19,4.889999866485596,4.889999866485596,4.690000057220459,4.800000190734863,4.800000190734863,23600
2012-09-20,4.820000171661377,4.820000171661377,4.559999942779541,4.619999885559082,4.619999885559082,29800
2012-09-21,4.619999885559082,4.690000057220459,4.440000057220459,4.599999904632568,4.599999904632568,76500
2012-09-24,4.630000114440918,4.659999847412109,4.579999923706055,4.610000133514404,4.610000133514404,34000
2012-09-25,4.599999904632568,4.619999885559082,4.46999979019165,4.579999923706055,4.579999923706055,29100
2012-09-26,4.599999904632568,4.659999847412109,4.550000190734863,4.570000171661377,4.570000171661377,30000
2012-09-27,4.599999904632568,4.599999904632568,4.510000228881836,4.599999904632568,4.599999904632568,7500
2012-09-28,4.599999904632568,4.639999866485596,4.5,4.599999904632568,4.599999904632568,9200
2012-10-01,4.570000171661377,4.570000171661377,4.400000095367432,4.449999809265137,4.449999809265137,24600
2012-10-02,4.449999809265137,4.480000019073486,4.449999809265137,4.460000038146973,4.460000038146973,7500
2012-10-03,4.489999771118164,4.570000171661377,4.420000076293945,4.460000038146973,4.460000038146973,5900
2012-10-04,4.480000019073486,4.570000171661377,4.480000019073486,4.5,4.5,7200
2012-10-05,4.510000228881836,4.630000114440918,4.46999979019165,4.579999923706055,4.579999923706055,7300
2012-10-08,4.510000228881836,4.639999866485596,4.400000095367432,4.519999980926514,4.519999980926514,15000
2012-10-09,4.550000190734863,4.550000190734863,4.5,4.519999980926514,4.519999980926514,4400
2012-10-10,4.550000190734863,4.550000190734863,4.25,4.449999809265137,4.449999809265137,17600
2012-10-11,4.5,4.539999961853027,4.429999828338623,4.510000228881836,4.510000228881836,4100
2012-10-12,4.449999809265137,4.539999961853027,4.449999809265137,4.5,4.5,2700
2012-10-15,4.590000152587891,4.590000152587891,4.460000038146973,4.460000038146973,4.460000038146973,3100
2012-10-16,4.5,4.599999904632568,4.46999979019165,4.570000171661377,4.570000171661377,1900
2012-10-17,4.610000133514404,4.610000133514404,4.489999771118164,4.510000228881836,4.510000228881836,12500
2012-10-18,4.5,4.570000171661377,4.5,4.570000171661377,4.570000171661377,600
2012-10-19,4.5,4.539999961853027,4.489999771118164,4.539999961853027,4.539999961853027,3300
2012-10-22,4.5,4.579999923706055,4.5,4.550000190734863,4.550000190734863,18900
2012-10-23,4.5,4.599999904632568,4.5,4.579999923706055,4.579999923706055,4800
2012-10-24,4.559999942779541,4.619999885559082,4.559999942779541,4.619999885559082,4.619999885559082,300
2012-10-25,4.579999923706055,4.599999904632568,4.570000171661377,4.570000171661377,4.570000171661377,3100
2012-10-26,4.489999771118164,4.670000076293945,4.489999771118164,4.550000190734863,4.550000190734863,7400
2012-10-31,4.489999771118164,4.730000019073486,4.489999771118164,4.639999866485596,4.639999866485596,29900
2012-11-01,4.650000095367432,4.75,4.5,4.75,4.75,7200
2012-11-02,4.739999771118164,4.820000171661377,4.5,4.769999980926514,4.769999980926514,24100
2012-11-05,4.75,4.800000190734863,4.710000038146973,4.769999980926514,4.769999980926514,2600
2012-11-06,4.809999942779541,4.809999942779541,4.650000095367432,4.650000095367432,4.650000095367432,20400
2012-11-07,4.510000228881836,4.570000171661377,4.489999771118164,4.53000020980835,4.53000020980835,4000
2012-11-08,4.550000190734863,4.610000133514404,4.550000190734863,4.610000133514404,4.610000133514404,21700
2012-11-09,4.760000228881836,4.889999866485596,4.559999942779541,4.889999866485596,4.889999866485596,19600
2012-11-12,4.869999885559082,4.929999828338623,4.869999885559082,4.920000076293945,4.920000076293945,7900
2012-11-13,4.760000228881836,4.960000038146973,4.75,4.920000076293945,4.920000076293945,6500
2012-11-14,4.940000057220459,4.940000057220459,4.869999885559082,4.880000114440918,4.880000114440918,3200
2012-11-15,4.860000133514404,4.889999866485596,4.809999942779541,4.829999923706055,4.829999923706055,5700
2012-11-16,4.889999866485596,4.889999866485596,4.800000190734863,4.820000171661377,4.820000171661377,10000
2012-11-19,4.869999885559082,4.920000076293945,4.820000171661377,4.900000095367432,4.900000095367432,12700
2012-11-20,4.940000057220459,4.940000057220459,4.820000171661377,4.820000171661377,4.820000171661377,9800
2012-11-21,4.840000152587891,4.900000095367432,4.820000171661377,4.860000133514404,4.860000133514404,7100
2012-11-23,4.860000133514404,4.860000133514404,4.860000133514404,4.860000133514404,4.860000133514404,500
2012-11-26,4.889999866485596,4.980000019073486,4.889999866485596,4.940000057220459,4.940000057220459,4600
2012-11-27,4.980000019073486,4.980000019073486,4.880000114440918,4.920000076293945,4.920000076293945,18500
2012-11-28,4.900000095367432,5.110000133514404,4.900000095367432,5.110000133514404,5.110000133514404,30600
2012-11-29,5.119999885559082,5.199999809265137,4.989999771118164,5.119999885559082,5.119999885559082,17700
2012-11-30,4.96999979019165,5.230000019073486,4.960000038146973,5.130000114440918,5.130000114440918,55600
2012-12-03,5.130000114440918,5.25,5.130000114440918,5.230000019073486,5.230000019073486,53300
2012-12-04,5.079999923706055,5.21999979019165,4.980000019073486,5.210000038146973,5.210000038146973,7400
2012-12-05,5.21999979019165,5.25,5.050000190734863,5.119999885559082,5.119999885559082,15100
2012-12-06,5.119999885559082,5.269999980926514,5.119999885559082,5.190000057220459,5.190000057220459,18100
2012-12-07,5.230000019073486,5.400000095367432,5.21999979019165,5.389999866485596,5.389999866485596,7100
2012-12-10,5.429999828338623,5.5,5.0,5.429999828338623,5.429999828338623,20500
2012-12-11,5.400000095367432,5.5,5.400000095367432,5.420000076293945,5.420000076293945,24700
2012-12-12,5.5,5.5,5.25,5.25,5.25,41200
2012-12-13,5.289999961853027,5.289999961853027,5.059999942779541,5.099999904632568,5.099999904632568,11500
2012-12-14,5.0,5.099999904632568,5.0,5.010000228881836,5.010000228881836,5800
2012-12-17,5.070000171661377,5.110000133514404,4.960000038146973,5.019999980926514,5.019999980926514,3900
2012-12-18,4.96999979019165,5.409999847412109,4.900000095367432,5.360000133514404,5.360000133514404,10800
2012-12-19,5.360000133514404,5.570000171661377,5.300000190734863,5.340000152587891,5.340000152587891,10200
2012-12-20,5.309999942779541,5.570000171661377,5.260000228881836,5.329999923706055,5.329999923706055,15800
2012-12-21,5.46999979019165,5.880000114440918,4.96999979019165,5.869999885559082,5.869999885559082,50600
2012-12-24,5.710000038146973,5.710000038146973,5.329999923706055,5.460000038146973,5.460000038146973,23600
2012-12-26,5.409999847412109,5.460000038146973,5.090000152587891,5.460000038146973,5.460000038146973,19700
2012-12-27,5.429999828338623,5.460000038146973,5.110000133514404,5.440000057220459,5.440000057220459,27500
2012-12-28,5.230000019073486,5.440000057220459,5.130000114440918,5.360000133514404,5.360000133514404,26300
2012-12-31,5.320000171661377,5.570000171661377,5.320000171661377,5.53000020980835,5.53000020980835,21900
2013-01-02,5.829999923706055,5.989999771118164,5.389999866485596,5.53000020980835,5.53000020980835,36800
2013-01-03,5.570000171661377,5.789999961853027,5.440000057220459,5.699999809265137,5.699999809265137,21700
2013-01-04,5.53000020980835,5.809999942779541,5.420000076293945,5.659999847412109,5.659999847412109,15800
2013-01-07,5.699999809265137,5.699999809265137,5.389999866485596,5.550000190734863,5.550000190734863,19600
2013-01-08,5.590000152587891,5.809999942779541,5.320000171661377,5.650000095367432,5.650000095367432,20800
2013-01-09,5.650000095367432,5.78000020980835,5.440000057220459,5.690000057220459,5.690000057220459,28600
2013-01-10,5.71999979019165,5.75,5.550000190734863,5.610000133514404,5.610000133514404,18300
2013-01-11,5.599999904632568,5.650000095367432,5.519999980926514,5.650000095367432,5.650000095367432,3600
2013-01-14,5.650000095367432,5.699999809265137,5.550000190734863,5.599999904632568,5.599999904632568,5500
2013-01-15,5.53000020980835,5.71999979019165,5.349999904632568,5.610000133514404,5.610000133514404,9000
2013-01-16,5.619999885559082,5.679999828338623,5.550000190734863,5.550000190734863,5.550000190734863,4500
2013-01-17,5.510000228881836,5.789999961853027,5.510000228881836,5.579999923706055,5.579999923706055,6400
2013-01-18,5.550000190734863,5.710000038146973,5.510000228881836,5.559999942779541,5.559999942779541,4000
2013-01-22,5.539999961853027,5.699999809265137,5.480000019073486,5.690000057220459,5.690000057220459,7200
2013-01-23,5.699999809265137,5.789999961853027,5.630000114440918,5.639999866485596,5.639999866485596,6000
2013-01-24,5.639999866485596,5.920000076293945,5.639999866485596,5.820000171661377,5.820000171661377,13000
2013-01-25,5.849999904632568,6.230000019073486,5.840000152587891,6.230000019073486,6.230000019073486,28600
2013-01-28,6.28000020980835,6.46999979019165,6.230000019073486,6.409999847412109,6.409999847412109,45200
2013-01-29,6.409999847412109,6.420000076293945,5.920000076293945,6.28000020980835,6.28000020980835,12200
2013-01-30,6.449999809265137,6.449999809265137,6.03000020980835,6.429999828338623,6.429999828338623,19100
2013-01-31,5.050000190734863,6.550000190734863,5.0,6.309999942779541,6.309999942779541,56100
2013-02-01,6.340000152587891,6.340000152587891,5.849999904632568,6.130000114440918,6.130000114440918,17800
2013-02-04,6.010000228881836,6.099999904632568,5.650000095367432,5.650000095367432,5.650000095367432,40000
2013-02-05,5.769999980926514,5.920000076293945,5.699999809265137,5.789999961853027,5.789999961853027,24300
2013-02-06,5.860000133514404,5.949999809265137,5.619999885559082,5.889999866485596,5.889999866485596,17300
2013-02-07,5.760000228881836,5.860000133514404,5.610000133514404,5.659999847412109,5.659999847412109,24500
2013-02-08,5.75,5.929999828338623,5.75,5.760000228881836,5.760000228881836,8800
2013-02-11,5.960000038146973,5.960000038146973,5.650000095367432,5.789999961853027,5.789999961853027,5400
2013-02-12,5.920000076293945,5.920000076293945,5.71999979019165,5.75,5.75,5700
2013-02-13,5.650000095367432,5.940000057220459,5.5,5.829999923706055,5.829999923706055,12700
2013-02-14,5.730000019073486,5.909999847412109,5.690000057220459,5.710000038146973,5.710000038146973,3100
2013-02-15,5.679999828338623,5.78000020980835,5.679999828338623,5.679999828338623,5.679999828338623,2600
2013-02-19,5.639999866485596,5.639999866485596,5.5,5.599999904632568,5.599999904632568,4100
2013-02-20,5.650000095367432,5.699999809265137,5.519999980926514,5.519999980926514,5.519999980926514,2300
2013-02-21,5.519999980926514,5.550000190734863,5.349999904632568,5.550000190734863,5.550000190734863,39900
2013-02-22,5.539999961853027,5.650000095367432,5.53000020980835,5.650000095367432,5.650000095367432,4800
2013-02-25,5.679999828338623,5.739999771118164,5.360000133514404,5.570000171661377,5.570000171661377,5200
2013-02-26,5.53000020980835,5.880000114440918,5.480000019073486,5.71999979019165,5.71999979019165,22700
2013-02-27,5.730000019073486,6.0,5.730000019073486,5.800000190734863,5.800000190734863,10000
2013-02-28,5.949999809265137,5.960000038146973,5.809999942779541,5.889999866485596,5.889999866485596,2800
2013-03-01,5.880000114440918,6.099999904632568,5.730000019073486,6.03000020980835,6.03000020980835,11700
2013-03-04,6.079999923706055,6.079999923706055,5.739999771118164,6.0,6.0,12100
2013-03-05,6.449999809265137,6.449999809265137,5.820000171661377,6.099999904632568,6.099999904632568,4900
2013-03-06,6.050000190734863,6.199999809265137,5.900000095367432,6.070000171661377,6.070000171661377,10700
2013-03-07,6.110000133514404,6.150000095367432,5.869999885559082,6.110000133514404,6.110000133514404,6100
2013-03-08,6.139999866485596,6.429999828338623,6.139999866485596,6.420000076293945,6.420000076293945,13600
2013-03-11,6.239999771118164,6.550000190734863,6.150000095367432,6.300000190734863,6.300000190734863,40700
2013-03-12,6.260000228881836,6.340000152587891,6.199999809265137,6.21999979019165,6.21999979019165,7800
2013-03-13,6.300000190734863,6.300000190734863,5.840000152587891,6.21999979019165,6.21999979019165,13000
2013-03-14,6.159999847412109,6.170000076293945,5.820000171661377,5.96999979019165,5.96999979019165,4100
2013-03-15,5.980000019073486,5.989999771118164,5.300000190734863,5.730000019073486,5.730000019073486,80100
2013-03-18,5.650000095367432,5.650000095367432,5.25,5.429999828338623,5.429999828338623,27300
2013-03-19,5.369999885559082,5.570000171661377,5.369999885559082,5.400000095367432,5.400000095367432,4900
2013-03-20,5.480000019073486,5.610000133514404,5.480000019073486,5.599999904632568,5.599999904632568,2300
2013-03-21,5.460000038146973,5.559999942779541,5.460000038146973,5.550000190734863,5.550000190734863,5300
2013-03-22,5.760000228881836,5.840000152587891,5.599999904632568,5.710000038146973,5.710000038146973,9400
2013-03-25,5.769999980926514,5.789999961853027,5.699999809265137,5.739999771118164,5.739999771118164,32100
2013-03-26,5.78000020980835,5.849999904632568,5.769999980926514,5.820000171661377,5.820000171661377,12200
2013-03-27,5.789999961853027,5.949999809265137,5.789999961853027,5.920000076293945,5.920000076293945,20800
2013-03-28,5.960000038146973,6.159999847412109,5.949999809265137,6.039999961853027,6.039999961853027,6700
2013-04-01,6.110000133514404,6.170000076293945,5.900000095367432,6.059999942779541,6.059999942779541,22900
2013-04-02,5.980000019073486,6.130000114440918,5.980000019073486,6.059999942779541,6.059999942779541,14900
2013-04-03,6.0,6.0,5.909999847412109,5.909999847412109,5.909999847412109,10700
2013-04-04,5.96999979019165,6.119999885559082,5.809999942779541,5.96999979019165,5.96999979019165,16600
2013-04-05,6.0,6.159999847412109,5.909999847412109,6.150000095367432,6.150000095367432,14700
2013-04-08,6.199999809265137,6.199999809265137,6.119999885559082,6.119999885559082,6.119999885559082,3800
2013-04-09,6.190000057220459,6.190000057220459,6.0,6.090000152587891,6.090000152587891,6200
2013-04-10,6.099999904632568,6.150000095367432,5.929999828338623,6.119999885559082,6.119999885559082,5300
2013-04-11,6.119999885559082,6.130000114440918,5.860000133514404,5.900000095367432,5.900000095367432,6700
2013-04-12,5.809999942779541,5.849999904632568,5.650000095367432,5.800000190734863,5.800000190734863,12200
2013-04-15,5.699999809265137,5.849999904632568,5.519999980926514,5.849999904632568,5.849999904632568,12200
2013-04-16,5.849999904632568,5.909999847412109,5.679999828338623,5.730000019073486,5.730000019073486,9200
2013-04-17,5.690000057220459,5.75,5.5,5.539999961853027,5.539999961853027,17900
2013-04-18,5.460000038146973,5.570000171661377,5.460000038146973,5.5,5.5,14200
2013-04-19,5.550000190734863,5.590000152587891,5.46999979019165,5.489999771118164,5.489999771118164,7300
2013-04-22,5.460000038146973,5.510000228881836,5.460000038146973,5.5,5.5,14300
2013-04-23,5.5,5.550000190734863,5.489999771118164,5.519999980926514,5.519999980926514,27000
2013-04-24,5.53000020980835,5.650000095367432,5.480000019073486,5.650000095367432,5.650000095367432,4800
2013-04-25,5.610000133514404,5.809999942779541,5.489999771118164,5.690000057220459,5.690000057220459,41300
2013-04-26,5.630000114440918,5.630000114440918,5.400000095367432,5.46999979019165,5.46999979019165,31900
2013-04-29,5.409999847412109,5.519999980926514,5.409999847412109,5.460000038146973,5.460000038146973,26900
2013-04-30,5.599999904632568,5.599999904632568,5.400000095367432,5.440000057220459,5.440000057220459,9500
2013-05-01,5.519999980926514,5.789999961853027,5.409999847412109,5.409999847412109,5.409999847412109,3300
2013-05-02,5.460000038146973,5.610000133514404,5.269999980926514,5.269999980926514,5.269999980926514,8500
2013-05-03,5.420000076293945,5.46999979019165,5.269999980926514,5.429999828338623,5.429999828338623,4800
2013-05-06,5.400000095367432,5.480000019073486,5.320000171661377,5.440000057220459,5.440000057220459,79200
2013-05-07,5.510000228881836,5.510000228881836,5.429999828338623,5.46999979019165,5.46999979019165,1400
2013-05-08,5.429999828338623,5.429999828338623,5.320000171661377,5.349999904632568,5.349999904632568,7800
2013-05-09,5.300000190734863,5.300000190734863,4.949999809265137,5.0,5.0,265200
2013-05-10,4.940000057220459,4.940000057220459,4.849999904632568,4.889999866485596,4.889999866485596,38100
2013-05-13,4.96999979019165,5.420000076293945,4.929999828338623,4.989999771118164,4.989999771118164,33200
2013-05-14,5.03000020980835,5.130000114440918,5.0,5.059999942779541,5.059999942779541,15300
2013-05-15,5.090000152587891,5.389999866485596,5.0,5.050000190734863,5.050000190734863,1121200
2013-05-16,5.050000190734863,5.260000228881836,5.050000190734863,5.25,5.25,12000
2013-05-17,5.25,5.25,5.099999904632568,5.110000133514404,5.110000133514404,5600
2013-05-20,5.119999885559082,5.360000133514404,5.119999885559082,5.25,5.25,14200
2013-05-21,5.260000228881836,5.349999904632568,5.25,5.25,5.25,5000
2013-05-22,5.429999828338623,5.429999828338623,5.289999961853027,5.340000152587891,5.340000152587891,34200
2013-05-23,5.289999961853027,5.360000133514404,5.289999961853027,5.289999961853027,5.289999961853027,10900
2013-05-24,5.340000152587891,5.46999979019165,5.340000152587891,5.429999828338623,5.429999828338623,24100
2013-05-28,5.5,5.650000095367432,5.480000019073486,5.590000152587891,5.590000152587891,66200
2013-05-29,5.590000152587891,5.599999904632568,5.53000020980835,5.539999961853027,5.539999961853027,40000
2013-05-30,5.590000152587891,5.800000190734863,5.579999923706055,5.670000076293945,5.670000076293945,64500
2013-05-31,5.639999866485596,5.730000019073486,5.550000190734863,5.639999866485596,5.639999866485596,41300
2013-06-03,5.699999809265137,5.989999771118164,5.650000095367432,5.989999771118164,5.989999771118164,182700
2013-06-04,6.03000020980835,6.25,6.0,6.139999866485596,6.139999866485596,39700
2013-06-05,6.159999847412109,6.300000190734863,5.949999809265137,5.989999771118164,5.989999771118164,42100
2013-06-06,6.019999980926514,6.050000190734863,5.949999809265137,5.949999809265137,5.949999809265137,25400
2013-06-07,5.929999828338623,6.050000190734863,5.909999847412109,6.0,6.0,6500
2013-06-10,5.980000019073486,6.050000190734863,5.909999847412109,6.010000228881836,6.010000228881836,33600
2013-06-11,5.920000076293945,6.050000190734863,5.909999847412109,5.920000076293945,5.920000076293945,7500
2013-06-12,6.0,6.03000020980835,5.769999980926514,5.769999980926514,5.769999980926514,17200
2013-06-13,5.829999923706055,6.010000228881836,5.789999961853027,5.96999979019165,5.96999979019165,17100
2013-06-14,6.019999980926514,6.050000190734863,5.789999961853027,5.980000019073486,5.980000019073486,44400
2013-06-17,5.980000019073486,6.150000095367432,5.96999979019165,6.070000171661377,6.070000171661377,124700
2013-06-18,6.099999904632568,6.119999885559082,6.070000171661377,6.090000152587891,6.090000152587891,40200
2013-06-19,6.099999904632568,6.099999904632568,6.050000190734863,6.099999904632568,6.099999904632568,21200
2013-06-20,6.099999904632568,6.150000095367432,6.050000190734863,6.070000171661377,6.070000171661377,22700
2013-06-21,6.110000133514404,6.110000133514404,5.929999828338623,6.059999942779541,6.059999942779541,39300
2013-06-24,6.059999942779541,6.059999942779541,5.989999771118164,6.019999980926514,6.019999980926514,32900
2013-06-25,6.050000190734863,6.150000095367432,6.010000228881836,6.110000133514404,6.110000133514404,13400
2013-06-26,6.099999904632568,6.190000057220459,6.099999904632568,6.150000095367432,6.150000095367432,28800
2013-06-27,6.139999866485596,6.199999809265137,6.070000171661377,6.170000076293945,6.170000076293945,30600
2013-06-28,6.159999847412109,6.25,6.079999923706055,6.239999771118164,6.239999771118164,48500
2013-07-01,6.199999809265137,6.25,5.960000038146973,6.099999904632568,6.099999904632568,64400
2013-07-02,6.019999980926514,6.199999809265137,5.989999771118164,6.150000095367432,6.150000095367432,31400
2013-07-03,6.150000095367432,6.210000038146973,6.099999904632568,6.199999809265137,6.199999809265137,14800
2013-07-05,6.210000038146973,6.480000019073486,6.199999809265137,6.400000095367432,6.400000095367432,72400
2013-07-08,6.409999847412109,6.449999809265137,6.360000133514404,6.409999847412109,6.409999847412109,67400
2013-07-09,6.409999847412109,6.449999809265137,6.329999923706055,6.409999847412109,6.409999847412109,31800
2013-07-10,6.449999809265137,6.820000171661377,6.409999847412109,6.739999771118164,6.739999771118164,67300
2013-07-11,6.769999980926514,7.070000171661377,6.769999980926514,6.929999828338623,6.929999828338623,54400
2013-07-12,6.96999979019165,7.130000114440918,6.96999979019165,6.989999771118164,6.989999771118164,43900
2013-07-15,7.050000190734863,7.5,7.050000190734863,7.389999866485596,7.389999866485596,64100
2013-07-16,7.309999942779541,7.389999866485596,6.559999942779541,6.789999961853027,6.789999961853027,126300
2013-07-17,6.789999961853027,7.099999904632568,6.789999961853027,6.849999904632568,6.849999904632568,18500
2013-07-18,6.880000114440918,6.949999809265137,6.679999828338623,6.900000095367432,6.900000095367432,33200
2013-07-19,6.840000152587891,6.940000057220459,6.650000095367432,6.820000171661377,6.820000171661377,18300
2013-07-22,6.679999828338623,6.829999923706055,6.269999980926514,6.679999828338623,6.679999828338623,127500
2013-07-23,6.650000095367432,6.650000095367432,6.070000171661377,6.349999904632568,6.349999904632568,21500
2013-07-24,6.349999904632568,6.380000114440918,5.840000152587891,6.239999771118164,6.239999771118164,59900
2013-07-25,6.400000095367432,6.550000190734863,6.340000152587891,6.5,6.5,40100
2013-07-26,6.570000171661377,6.630000114440918,6.300000190734863,6.599999904632568,6.599999904632568,24900
2013-07-29,6.449999809265137,6.610000133514404,6.309999942779541,6.599999904632568,6.599999904632568,40700
2013-07-30,6.550000190734863,6.639999866485596,6.53000020980835,6.599999904632568,6.599999904632568,28800
2013-07-31,6.579999923706055,6.630000114440918,6.400000095367432,6.409999847412109,6.409999847412109,17100
2013-08-01,6.449999809265137,6.639999866485596,6.199999809265137,6.53000020980835,6.53000020980835,66300
2013-08-02,6.460000038146973,6.489999771118164,6.239999771118164,6.320000171661377,6.320000171661377,8600
2013-08-05,6.320000171661377,6.360000133514404,6.039999961853027,6.150000095367432,6.150000095367432,19100
2013-08-06,6.110000133514404,6.449999809265137,6.059999942779541,6.449999809265137,6.449999809265137,16700
2013-08-07,6.400000095367432,6.400000095367432,6.070000171661377,6.239999771118164,6.239999771118164,12300
2013-08-08,6.190000057220459,6.190000057220459,6.059999942779541,6.090000152587891,6.090000152587891,5800
2013-08-09,6.050000190734863,6.179999828338623,6.050000190734863,6.150000095367432,6.150000095367432,12700
2013-08-12,6.010000228881836,6.150000095367432,6.010000228881836,6.059999942779541,6.059999942779541,19900
2013-08-13,6.059999942779541,6.059999942779541,5.949999809265137,5.960000038146973,5.960000038146973,16100
2013-08-14,5.840000152587891,5.96999979019165,5.5,5.849999904632568,5.849999904632568,28100
2013-08-15,5.699999809265137,5.840000152587891,5.679999828338623,5.800000190734863,5.800000190734863,14500
2013-08-16,5.789999961853027,5.809999942779541,5.599999904632568,5.71999979019165,5.71999979019165,7900
2013-08-19,5.71999979019165,5.840000152587891,5.71999979019165,5.739999771118164,5.739999771118164,13500
2013-08-20,5.760000228881836,5.840000152587891,5.739999771118164,5.760000228881836,5.760000228881836,8900
2013-08-21,5.760000228881836,5.900000095367432,5.760000228881836,5.789999961853027,5.789999961853027,5100
2013-08-22,5.849999904632568,6.010000228881836,5.75,5.849999904632568,5.849999904632568,15700
2013-08-23,5.889999866485596,5.949999809265137,5.789999961853027,5.849999904632568,5.849999904632568,6600
2013-08-26,5.840000152587891,5.840000152587891,5.730000019073486,5.829999923706055,5.829999923706055,16000
2013-08-27,5.690000057220459,5.820000171661377,5.690000057220459,5.760000228881836,5.760000228881836,9700
2013-08-28,5.730000019073486,5.75,5.579999923706055,5.590000152587891,5.590000152587891,13400
2013-08-29,5.599999904632568,5.71999979019165,5.590000152587891,5.630000114440918,5.630000114440918,5200
2013-08-30,5.659999847412109,5.659999847412109,5.130000114440918,5.349999904632568,5.349999904632568,72600
2013-09-03,5.460000038146973,5.659999847412109,5.449999809265137,5.510000228881836,5.510000228881836,42600
2013-09-04,5.550000190734863,5.78000020980835,5.480000019073486,5.550000190734863,5.550000190734863,14600
2013-09-05,5.579999923706055,5.579999923706055,5.360000133514404,5.429999828338623,5.429999828338623,18300
2013-09-06,5.420000076293945,5.429999828338623,5.300000190734863,5.380000114440918,5.380000114440918,23300
2013-09-09,5.420000076293945,5.519999980926514,5.420000076293945,5.510000228881836,5.510000228881836,14800
2013-09-10,5.550000190734863,5.690000057220459,5.5,5.690000057220459,5.690000057220459,22500
2013-09-11,5.699999809265137,5.869999885559082,5.619999885559082,5.699999809265137,5.699999809265137,10000
2013-09-12,5.699999809265137,5.75,5.599999904632568,5.599999904632568,5.599999904632568,5100
2013-09-13,5.71999979019165,5.71999979019165,5.480000019073486,5.480000019073486,5.480000019073486,5800
2013-09-16,6.0,6.099999904632568,5.849999904632568,6.03000020980835,6.03000020980835,54400
2013-09-17,6.059999942779541,6.099999904632568,5.949999809265137,5.949999809265137,5.949999809265137,28700
2013-09-18,6.010000228881836,6.099999904632568,5.869999885559082,6.03000020980835,6.03000020980835,24400
2013-09-19,5.989999771118164,6.099999904632568,5.929999828338623,6.019999980926514,6.019999980926514,21800
2013-09-20,6.070000171661377,6.400000095367432,6.019999980926514,6.340000152587891,6.340000152587891,21200
2013-09-23,6.340000152587891,6.340000152587891,5.929999828338623,5.929999828338623,5.929999828338623,30300
2013-09-24,5.940000057220459,6.050000190734863,5.860000133514404,6.03000020980835,6.03000020980835,24900
2013-09-25,6.099999904632568,6.150000095367432,5.889999866485596,5.949999809265137,5.949999809265137,65200
2013-09-26,5.880000114440918,6.610000133514404,5.880000114440918,6.369999885559082,6.369999885559082,46200
2013-09-27,6.389999866485596,6.389999866485596,6.139999866485596,6.28000020980835,6.28000020980835,10700
2013-09-30,6.210000038146973,6.360000133514404,6.190000057220459,6.340000152587891,6.340000152587891,17200
2013-10-01,6.269999980926514,6.599999904632568,6.25,6.420000076293945,6.420000076293945,39300
2013-10-02,6.320000171661377,6.71999979019165,6.320000171661377,6.71999979019165,6.71999979019165,47100
2013-10-03,6.639999866485596,6.71999979019165,6.480000019073486,6.639999866485596,6.639999866485596,24700
2013-10-04,6.360000133514404,6.75,6.360000133514404,6.699999809265137,6.699999809265137,9300
2013-10-07,6.559999942779541,6.789999961853027,6.360000133514404,6.429999828338623,6.429999828338623,20800
2013-10-08,6.5,6.619999885559082,6.159999847412109,6.21999979019165,6.21999979019165,26200
2013-10-09,6.21999979019165,6.389999866485596,6.130000114440918,6.300000190734863,6.300000190734863,28700
2013-10-10,6.46999979019165,6.590000152587891,6.260000228881836,6.429999828338623,6.429999828338623,20500
2013-10-11,6.46999979019165,6.599999904632568,6.230000019073486,6.510000228881836,6.510000228881836,13900
2013-10-14,6.420000076293945,6.510000228881836,6.210000038146973,6.440000057220459,6.440000057220459,28900
2013-10-15,6.429999828338623,6.599999904632568,6.309999942779541,6.380000114440918,6.380000114440918,9400
2013-10-16,6.130000114440918,6.28000020980835,6.099999904632568,6.269999980926514,6.269999980926514,39900
2013-10-17,6.130000114440918,6.369999885559082,6.119999885559082,6.369999885559082,6.369999885559082,30700
2013-10-18,6.409999847412109,6.610000133514404,6.389999866485596,6.590000152587891,6.590000152587891,28100
2013-10-21,6.110000133514404,6.519999980926514,6.110000133514404,6.320000171661377,6.320000171661377,46200
2013-10-22,6.289999961853027,6.369999885559082,6.21999979019165,6.300000190734863,6.300000190734863,8000
2013-10-23,6.28000020980835,6.349999904632568,6.159999847412109,6.28000020980835,6.28000020980835,22600
2013-10-24,6.389999866485596,6.5,6.389999866485596,6.5,6.5,8900
2013-10-25,6.480000019073486,6.5,6.360000133514404,6.400000095367432,6.400000095367432,11400
2013-10-28,6.349999904632568,6.539999961853027,6.349999904632568,6.519999980926514,6.519999980926514,18200
2013-10-29,6.480000019073486,6.550000190734863,6.349999904632568,6.53000020980835,6.53000020980835,12900
2013-10-30,6.579999923706055,6.590000152587891,6.400000095367432,6.5,6.5,13100
2013-10-31,6.519999980926514,6.559999942779541,6.400000095367432,6.53000020980835,6.53000020980835,7600
2013-11-01,6.449999809265137,6.579999923706055,6.400000095367432,6.440000057220459,6.440000057220459,7500
2013-11-04,6.440000057220459,6.619999885559082,6.380000114440918,6.489999771118164,6.489999771118164,24900
2013-11-05,6.550000190734863,6.550000190734863,6.349999904632568,6.369999885559082,6.369999885559082,3700
2013-11-06,6.380000114440918,6.550000190734863,6.380000114440918,6.429999828338623,6.429999828338623,20800
2013-11-07,6.449999809265137,6.460000038146973,6.210000038146973,6.420000076293945,6.420000076293945,19300
2013-11-08,6.349999904632568,6.449999809265137,6.320000171661377,6.329999923706055,6.329999923706055,7900
2013-11-11,6.380000114440918,6.480000019073486,6.360000133514404,6.360000133514404,6.360000133514404,7600
2013-11-12,6.349999904632568,6.519999980926514,6.349999904632568,6.46999979019165,6.46999979019165,8200
2013-11-13,6.389999866485596,6.670000076293945,6.389999866485596,6.639999866485596,6.639999866485596,18100
2013-11-14,6.670000076293945,6.699999809265137,6.46999979019165,6.679999828338623,6.679999828338623,27200
2013-11-15,6.619999885559082,7.300000190734863,6.590000152587891,7.289999961853027,7.289999961853027,87200
2013-11-18,7.230000019073486,7.28000020980835,7.0,7.199999809265137,7.199999809265137,45800
2013-11-19,7.199999809265137,7.25,7.019999980926514,7.119999885559082,7.119999885559082,19800
2013-11-20,7.079999923706055,7.210000038146973,7.070000171661377,7.170000076293945,7.170000076293945,7300
2013-11-21,7.170000076293945,7.670000076293945,7.170000076293945,7.599999904632568,7.599999904632568,61200
2013-11-22,7.590000152587891,7.800000190734863,7.5,7.670000076293945,7.670000076293945,16900
2013-11-25,7.650000095367432,8.039999961853027,7.650000095367432,8.010000228881836,8.010000228881836,31000
2013-11-26,8.0600004196167,8.140000343322754,7.920000076293945,8.130000114440918,8.130000114440918,35200
2013-11-27,8.149999618530273,8.199999809265137,8.020000457763672,8.15999984741211,8.15999984741211,12600
2013-11-29,8.130000114440918,8.300000190734863,8.130000114440918,8.220000267028809,8.220000267028809,11300
2013-12-02,8.170000076293945,8.289999961853027,8.029999732971191,8.289999961853027,8.289999961853027,12100
2013-12-03,8.210000038146973,8.210000038146973,8.119999885559082,8.15999984741211,8.15999984741211,7600
2013-12-04,8.0600004196167,8.140000343322754,7.760000228881836,7.860000133514404,7.860000133514404,24700
2013-12-05,7.800000190734863,7.949999809265137,7.519999980926514,7.690000057220459,7.690000057220459,37500
2013-12-06,7.769999980926514,7.889999866485596,7.71999979019165,7.889999866485596,7.889999866485596,34900
2013-12-09,7.900000095367432,7.980000019073486,7.840000152587891,7.909999847412109,7.909999847412109,18900
2013-12-10,7.949999809265137,7.949999809265137,7.71999979019165,7.789999961853027,7.789999961853027,2200
2013-12-11,7.760000228881836,7.760000228881836,7.659999847412109,7.659999847412109,7.659999847412109,2600
2013-12-12,7.699999809265137,7.75,7.380000114440918,7.699999809265137,7.699999809265137,35400
2013-12-13,7.449999809265137,7.900000095367432,7.449999809265137,7.900000095367432,7.900000095367432,2800
2013-12-16,7.829999923706055,7.829999923706055,7.21999979019165,7.659999847412109,7.659999847412109,31300
2013-12-17,7.599999904632568,7.619999885559082,7.449999809265137,7.619999885559082,7.619999885559082,25000
2013-12-18,7.559999942779541,7.800000190734863,7.210000038146973,7.800000190734863,7.800000190734863,19200
2013-12-19,7.699999809265137,7.860000133514404,7.699999809265137,7.860000133514404,7.860000133514404,16600
2013-12-20,7.75,7.800000190734863,7.519999980926514,7.550000190734863,7.550000190734863,19800
2013-12-23,7.519999980926514,7.860000133514404,7.46999979019165,7.860000133514404,7.860000133514404,31300
2013-12-24,7.860000133514404,7.860000133514404,7.650000095367432,7.849999904632568,7.849999904632568,2000
2013-12-26,7.860000133514404,8.069999694824219,7.860000133514404,8.0,8.0,20700
2013-12-27,8.0,8.210000038146973,7.940000057220459,8.210000038146973,8.210000038146973,17200
2013-12-30,8.180000305175781,8.300000190734863,8.09000015258789,8.220000267028809,8.220000267028809,22600
2013-12-31,8.300000190734863,8.300000190734863,8.199999809265137,8.210000038146973,8.210000038146973,14100
2014-01-02,8.199999809265137,8.210000038146973,7.900000095367432,7.960000038146973,7.960000038146973,35800
2014-01-03,7.929999828338623,8.210000038146973,7.849999904632568,8.149999618530273,8.149999618530273,55500
2014-01-06,8.229999542236328,8.260000228881836,8.0600004196167,8.15999984741211,8.15999984741211,13800
2014-01-07,8.300000190734863,8.300000190734863,8.050000190734863,8.069999694824219,8.069999694824219,16600
2014-01-08,8.029999732971191,8.279999732971191,8.029999732971191,8.119999885559082,8.119999885559082,3500
2014-01-09,8.119999885559082,8.229999542236328,8.039999961853027,8.220000267028809,8.220000267028809,16200
2014-01-10,8.220000267028809,8.25,8.119999885559082,8.130000114440918,8.130000114440918,15500
2014-01-13,8.100000381469727,8.100000381469727,7.849999904632568,7.849999904632568,7.849999904632568,41900
2014-01-14,8.569999694824219,9.479999542236328,8.359999656677246,9.170000076293945,9.170000076293945,110000
2014-01-15,9.25,9.25,8.850000381469727,8.880000114440918,8.880000114440918,28200
2014-01-16,8.869999885559082,9.109999656677246,8.75,9.0600004196167,9.0600004196167,18000
2014-01-17,9.100000381469727,9.100000381469727,8.970000267028809,8.970000267028809,8.970000267028809,5700
2014-01-21,9.010000228881836,9.100000381469727,8.850000381469727,8.989999771118164,8.989999771118164,25700
2014-01-22,9.050000190734863,9.199999809265137,9.020000457763672,9.1899995803833,9.1899995803833,14600
2014-01-23,9.100000381469727,9.300000190734863,8.59000015258789,9.170000076293945,9.170000076293945,30200
2014-01-24,9.149999618530273,9.149999618530273,8.609999656677246,8.90999984741211,8.90999984741211,28600
2014-01-27,8.949999809265137,9.069999694824219,8.649999618530273,8.680000305175781,8.680000305175781,18800
2014-01-28,8.800000190734863,9.069999694824219,8.079999923706055,8.770000457763672,8.770000457763672,15700
2014-01-29,8.800000190734863,9.020000457763672,8.779999732971191,8.930000305175781,8.930000305175781,25500
2014-01-30,9.210000038146973,9.210000038146973,8.710000038146973,8.890000343322754,8.890000343322754,20900
2014-01-31,8.720000267028809,8.829999923706055,8.720000267028809,8.760000228881836,8.760000228881836,8200
2014-02-03,8.760000228881836,9.0,8.760000228881836,8.84000015258789,8.84000015258789,21000
2014-02-04,8.800000190734863,9.180000305175781,8.59000015258789,8.979999542236328,8.979999542236328,27300
2014-02-05,8.880000114440918,8.899999618530273,8.649999618530273,8.779999732971191,8.779999732971191,27000
2014-02-06,8.8100004196167,8.949999809265137,8.800000190734863,8.8100004196167,8.8100004196167,8000
2014-02-07,8.920000076293945,9.130000114440918,8.920000076293945,8.960000038146973,8.960000038146973,6900
2014-02-10,9.079999923706055,9.079999923706055,8.90999984741211,8.90999984741211,8.90999984741211,49800
2014-02-11,8.90999984741211,9.15999984741211,8.90999984741211,9.149999618530273,9.149999618530273,15200
2014-02-12,9.149999618530273,9.199999809265137,8.949999809265137,9.180000305175781,9.180000305175781,30800
2014-02-13,9.1899995803833,9.680000305175781,9.15999984741211,9.609999656677246,9.609999656677246,52400
2014-02-14,9.630000114440918,9.779999732971191,9.539999961853027,9.75,9.75,33400
2014-02-18,9.899999618530273,9.989999771118164,9.779999732971191,9.930000305175781,9.930000305175781,65400
2014-02-19,9.989999771118164,10.0,9.859999656677246,9.970000267028809,9.970000267028809,33300
2014-02-20,9.960000038146973,10.100000381469727,9.960000038146973,9.989999771118164,9.989999771118164,63100
2014-02-21,9.979999542236328,10.199999809265137,9.850000381469727,10.130000114440918,10.130000114440918,28500
2014-02-24,10.239999771118164,10.239999771118164,10.149999618530273,10.220000267028809,10.220000267028809,33100
2014-02-25,10.229999542236328,10.229999542236328,9.359999656677246,9.649999618530273,9.649999618530273,43300
2014-02-26,9.600000381469727,9.859999656677246,9.59000015258789,9.739999771118164,9.739999771118164,19600
2014-02-27,9.729999542236328,10.449999809265137,9.699999809265137,9.720000267028809,9.720000267028809,22100
2014-02-28,9.699999809265137,10.029999732971191,9.699999809265137,9.960000038146973,9.960000038146973,31600
2014-03-03,9.8100004196167,10.199999809265137,9.8100004196167,10.109999656677246,10.109999656677246,43100
2014-03-04,10.130000114440918,10.369999885559082,10.130000114440918,10.350000381469727,10.350000381469727,61200
2014-03-05,10.4399995803833,10.930000305175781,10.399999618530273,10.84000015258789,10.84000015258789,176200
2014-03-06,10.9399995803833,11.600000381469727,10.899999618530273,11.399999618530273,11.399999618530273,229300
2014-03-07,11.220000267028809,11.600000381469727,11.199999809265137,11.489999771118164,11.489999771118164,106900
2014-03-10,11.59000015258789,12.289999961853027,11.5600004196167,12.25,12.25,227400
2014-03-11,12.25,12.25,11.449999809265137,11.529999732971191,11.529999732971191,55300
2014-03-12,11.579999923706055,11.609999656677246,10.289999961853027,10.569999694824219,10.569999694824219,175200
2014-03-13,10.390000343322754,11.109999656677246,10.319999694824219,11.010000228881836,11.010000228881836,64700
2014-03-14,10.9399995803833,11.260000228881836,10.420000076293945,11.1899995803833,11.1899995803833,59800
2014-03-17,11.199999809265137,11.399999618530273,10.529999732971191,11.220000267028809,11.220000267028809,67900
2014-03-18,11.289999961853027,11.40999984741211,11.020000457763672,11.220000267028809,11.220000267028809,60100
2014-03-19,11.300000190734863,11.40999984741211,11.1899995803833,11.350000381469727,11.350000381469727,34400
2014-03-20,11.369999885559082,11.449999809265137,11.15999984741211,11.25,11.25,19300
2014-03-21,11.239999771118164,11.449999809265137,11.15999984741211,11.329999923706055,11.329999923706055,127600
2014-03-24,11.4399995803833,11.970000267028809,11.109999656677246,11.520000457763672,11.520000457763672,71200
2014-03-25,11.630000114440918,11.65999984741211,11.140000343322754,11.210000038146973,11.210000038146973,29200
2014-03-26,11.140000343322754,11.329999923706055,10.819999694824219,11.010000228881836,11.010000228881836,39700
2014-03-27,11.050000190734863,11.239999771118164,10.180000305175781,10.180000305175781,10.180000305175781,22600
2014-03-28,10.180000305175781,10.319999694824219,10.039999961853027,10.300000190734863,10.300000190734863,77200
2014-03-31,10.25,10.609999656677246,10.100000381469727,10.100000381469727,10.100000381469727,81200
2014-04-01,10.100000381469727,10.319999694824219,10.010000228881836,10.25,10.25,41000
2014-04-02,10.350000381469727,10.350000381469727,10.010000228881836,10.0600004196167,10.0600004196167,22800
2014-04-03,10.130000114440918,10.130000114440918,9.369999885559082,9.670000076293945,9.670000076293945,71900
2014-04-04,9.619999885559082,9.6899995803833,9.029999732971191,9.430000305175781,9.430000305175781,65700
2014-04-07,9.359999656677246,9.5,9.180000305175781,9.350000381469727,9.350000381469727,63600
2014-04-08,9.40999984741211,9.890000343322754,9.40999984741211,9.760000228881836,9.760000228881836,36500
2014-04-09,9.819999694824219,9.859999656677246,9.539999961853027,9.779999732971191,9.779999732971191,19600
2014-04-10,9.710000038146973,9.819999694824219,9.710000038146973,9.75,9.75,18100
2014-04-11,9.729999542236328,9.819999694824219,9.220000267028809,9.239999771118164,9.239999771118164,30200
2014-04-14,9.199999809265137,9.699999809265137,9.199999809265137,9.539999961853027,9.539999961853027,69500
2014-04-15,9.630000114440918,10.010000228881836,9.539999961853027,9.779999732971191,9.779999732971191,58700
2014-04-16,9.770000457763672,9.979999542236328,9.5,9.699999809265137,9.699999809265137,167000
2014-04-17,9.649999618530273,9.819999694824219,9.399999618530273,9.789999961853027,9.789999961853027,36700
2014-04-21,9.819999694824219,10.579999923706055,9.789999961853027,10.4399995803833,10.4399995803833,28900
2014-04-22,10.489999771118164,10.850000381469727,10.40999984741211,10.65999984741211,10.65999984741211,31200
2014-04-23,10.699999809265137,11.0,10.569999694824219,10.859999656677246,10.859999656677246,40200
2014-04-24,10.899999618530273,10.960000038146973,10.600000381469727,10.779999732971191,10.779999732971191,16700
2014-04-25,10.630000114440918,10.630000114440918,10.119999885559082,10.239999771118164,10.239999771118164,18000
2014-04-28,10.239999771118164,10.5600004196167,9.829999923706055,9.970000267028809,9.970000267028809,18400
2014-04-29,9.970000267028809,10.119999885559082,9.920000076293945,9.930000305175781,9.930000305175781,26700
2014-04-30,9.6899995803833,10.430000305175781,9.390000343322754,10.25,10.25,35600
2014-05-01,10.449999809265137,10.449999809265137,10.039999961853027,10.130000114440918,10.130000114440918,12200
2014-05-02,10.010000228881836,10.25,10.0,10.079999923706055,10.079999923706055,12500
2014-05-05,10.0,10.0,9.5600004196167,9.899999618530273,9.899999618530273,37200
2014-05-06,9.850000381469727,10.0,9.739999771118164,9.739999771118164,9.739999771118164,10500
2014-05-07,8.960000038146973,9.789999961853027,8.880000114440918,9.6899995803833,9.6899995803833,30500
2014-05-08,9.479999542236328,10.069999694824219,9.470000267028809,9.84000015258789,9.84000015258789,57000
2014-05-09,9.229999542236328,9.859999656677246,9.09000015258789,9.600000381469727,9.600000381469727,8300
2014-05-12,9.619999885559082,9.979999542236328,9.59000015258789,9.75,9.75,44700
2014-05-13,9.869999885559082,9.869999885559082,9.460000038146973,9.699999809265137,9.699999809265137,6400
2014-05-14,9.550000190734863,9.949999809265137,9.40999984741211,9.539999961853027,9.539999961853027,34100
2014-05-15,9.670000076293945,9.859999656677246,9.350000381469727,9.760000228881836,9.760000228881836,48400
2014-05-16,9.720000267028809,9.800000190734863,9.5600004196167,9.65999984741211,9.65999984741211,7900
2014-05-19,9.539999961853027,9.880000114440918,9.539999961853027,9.829999923706055,9.829999923706055,11400
2014-05-20,9.789999961853027,9.90999984741211,9.649999618530273,9.829999923706055,9.829999923706055,14200
2014-05-21,9.960000038146973,10.989999771118164,9.960000038146973,10.84000015258789,10.84000015258789,88500
2014-05-22,10.880000114440918,11.149999618530273,10.619999885559082,11.0,11.0,40400
2014-05-23,11.0,11.010000228881836,10.880000114440918,10.989999771118164,10.989999771118164,43100
2014-05-27,11.100000381469727,11.100000381469727,10.84000015258789,10.979999542236328,10.979999542236328,27100
2014-05-28,11.029999732971191,11.029999732971191,10.880000114440918,10.920000076293945,10.920000076293945,4400
2014-05-29,10.8100004196167,10.869999885559082,10.470000267028809,10.479999542236328,10.479999542236328,21800
2014-05-30,10.539999961853027,11.100000381469727,10.399999618530273,10.640000343322754,10.640000343322754,152000
2014-06-02,10.800000190734863,11.1899995803833,10.630000114440918,11.100000381469727,11.100000381469727,81600
2014-06-03,11.0,11.449999809265137,11.0,11.289999961853027,11.289999961853027,36100
2014-06-04,10.710000038146973,11.350000381469727,10.649999618530273,11.229999542236328,11.229999542236328,26400
2014-06-05,11.229999542236328,11.390000343322754,10.720000267028809,11.109999656677246,11.109999656677246,42200
2014-06-06,11.050000190734863,11.550000190734863,11.039999961853027,11.390000343322754,11.390000343322754,12200
2014-06-09,11.390000343322754,12.130000114440918,11.319999694824219,11.970000267028809,11.970000267028809,20000
2014-06-10,11.899999618530273,11.899999618530273,11.510000228881836,11.710000038146973,11.710000038146973,10500
2014-06-11,11.84000015258789,11.890000343322754,11.59000015258789,11.779999732971191,11.779999732971191,21700
2014-06-12,11.819999694824219,12.220000267028809,11.819999694824219,12.029999732971191,12.029999732971191,22900
2014-06-13,12.010000228881836,12.25,11.739999771118164,11.760000228881836,11.760000228881836,14300
2014-06-16,11.800000190734863,11.949999809265137,11.59000015258789,11.770000457763672,11.770000457763672,17400
2014-06-17,11.720000267028809,11.789999961853027,11.300000190734863,11.430000305175781,11.430000305175781,20500
2014-06-18,11.430000305175781,11.6899995803833,11.399999618530273,11.680000305175781,11.680000305175781,16100
2014-06-19,11.789999961853027,12.510000228881836,11.479999542236328,12.319999694824219,12.319999694824219,83600
2014-06-20,12.359999656677246,12.600000381469727,12.260000228881836,12.59000015258789,12.59000015258789,62200
2014-06-23,12.600000381469727,12.699999809265137,12.359999656677246,12.699999809265137,12.699999809265137,76500
2014-06-24,12.699999809265137,12.699999809265137,12.5600004196167,12.649999618530273,12.649999618530273,66000
2014-06-25,12.5600004196167,12.699999809265137,12.5,12.619999885559082,12.619999885559082,49700
2014-06-26,12.84000015258789,12.960000038146973,12.59000015258789,12.739999771118164,12.739999771118164,39200
2014-06-27,12.949999809265137,12.949999809265137,12.710000038146973,12.800000190734863,12.800000190734863,37700
2014-06-30,12.779999732971191,12.960000038146973,12.779999732971191,12.880000114440918,12.880000114440918,26900
2014-07-01,12.960000038146973,13.039999961853027,12.859999656677246,12.9399995803833,12.9399995803833,56800
2014-07-02,12.9399995803833,13.100000381469727,12.9399995803833,13.050000190734863,13.050000190734863,35900
2014-07-03,13.180000305175781,13.279999732971191,13.0600004196167,13.180000305175781,13.180000305175781,21600
2014-07-07,13.199999809265137,13.220000267028809,13.09000015258789,13.1899995803833,13.1899995803833,22800
2014-07-08,13.199999809265137,13.199999809265137,13.079999923706055,13.130000114440918,13.130000114440918,16300
2014-07-09,13.180000305175781,13.289999961853027,13.140000343322754,13.170000076293945,13.170000076293945,10200
2014-07-10,13.079999923706055,13.289999961853027,13.079999923706055,13.100000381469727,13.100000381469727,14400
2014-07-11,13.180000305175781,13.1899995803833,13.079999923706055,13.09000015258789,13.09000015258789,15300
2014-07-14,13.050000190734863,13.1899995803833,12.949999809265137,12.989999771118164,12.989999771118164,50400
2014-07-15,13.0600004196167,13.199999809265137,12.75,13.0,13.0,38900
2014-07-16,12.960000038146973,13.0600004196167,12.930000305175781,13.0,13.0,14900
2014-07-17,13.0,13.039999961853027,12.739999771118164,12.84000015258789,12.84000015258789,10700
2014-07-18,12.779999732971191,12.859999656677246,12.5,12.75,12.75,22500
2014-07-21,12.779999732971191,12.979999542236328,11.84000015258789,12.920000076293945,12.920000076293945,16700
2014-07-22,12.949999809265137,13.020000457763672,12.699999809265137,12.84000015258789,12.84000015258789,13300
2014-07-23,12.920000076293945,13.220000267028809,12.6899995803833,13.09000015258789,13.09000015258789,85900
2014-07-24,13.140000343322754,13.9399995803833,13.050000190734863,13.789999961853027,13.789999961853027,237300
2014-07-25,13.899999618530273,13.899999618530273,12.59000015258789,13.569999694824219,13.569999694824219,20900
2014-07-28,13.890000343322754,13.890000343322754,12.779999732971191,13.489999771118164,13.489999771118164,50300
2014-07-29,13.359999656677246,13.430000305175781,12.510000228881836,12.520000457763672,12.520000457763672,38900
2014-07-30,12.600000381469727,12.640000343322754,12.0,12.109999656677246,12.109999656677246,52000
2014-07-31,12.149999618530273,12.789999961853027,11.819999694824219,11.890000343322754,11.890000343322754,52100
2014-08-01,11.850000381469727,11.880000114440918,11.449999809265137,11.5,11.5,48600
2014-08-04,11.5,11.850000381469727,11.5,11.680000305175781,11.680000305175781,40100
2014-08-05,11.720000267028809,11.829999923706055,11.5,11.630000114440918,11.630000114440918,22500
2014-08-06,11.600000381469727,11.800000190734863,11.289999961853027,11.430000305175781,11.430000305175781,29200
2014-08-07,11.430000305175781,11.4399995803833,11.050000190734863,11.260000228881836,11.260000228881836,78600
2014-08-08,11.34000015258789,11.630000114440918,11.180000305175781,11.619999885559082,11.619999885559082,19300
2014-08-11,11.619999885559082,11.720000267028809,11.5,11.65999984741211,11.65999984741211,58600
2014-08-12,11.550000190734863,12.130000114440918,11.529999732971191,12.050000190734863,12.050000190734863,69300
2014-08-13,12.180000305175781,12.180000305175781,11.930000305175781,11.979999542236328,11.979999542236328,27200
2014-08-14,12.079999923706055,12.720000267028809,12.039999961853027,12.520000457763672,12.520000457763672,56300
2014-08-15,12.699999809265137,12.789999961853027,12.5,12.699999809265137,12.699999809265137,51400
2014-08-18,13.34000015258789,13.34000015258789,12.710000038146973,12.920000076293945,12.920000076293945,47300
2014-08-19,13.0600004196167,13.0600004196167,12.770000457763672,12.949999809265137,12.949999809265137,40100
2014-08-20,12.960000038146973,13.460000038146973,12.9399995803833,13.460000038146973,13.460000038146973,50900
2014-08-21,13.479999542236328,13.979999542236328,13.399999618530273,13.569999694824219,13.569999694824219,98500
2014-08-22,13.680000305175781,13.6899995803833,13.5,13.680000305175781,13.680000305175781,23200
2014-08-25,13.779999732971191,14.0,13.699999809265137,13.9399995803833,13.9399995803833,80500
2014-08-26,14.0,14.0,13.819999694824219,13.869999885559082,13.869999885559082,36800
2014-08-27,13.970000267028809,14.239999771118164,13.770000457763672,14.170000076293945,14.170000076293945,67900
2014-08-28,14.109999656677246,14.229999542236328,13.859999656677246,14.069999694824219,14.069999694824219,27200
2014-08-29,13.949999809265137,14.229999542236328,13.859999656677246,13.899999618530273,13.899999618530273,14900
2014-09-02,13.850000381469727,13.850000381469727,12.710000038146973,12.789999961853027,12.789999961853027,129300
2014-09-03,12.729999542236328,13.029999732971191,12.5,12.640000343322754,12.640000343322754,49000
2014-09-04,12.779999732971191,13.119999885559082,12.520000457763672,12.550000190734863,12.550000190734863,97700
2014-09-05,12.520000457763672,12.949999809265137,12.520000457763672,12.949999809265137,12.949999809265137,51900
2014-09-08,13.119999885559082,13.989999771118164,13.010000228881836,13.880000114440918,13.880000114440918,130300
2014-09-09,13.949999809265137,14.699999809265137,13.9399995803833,14.380000114440918,14.380000114440918,94900
2014-09-10,14.569999694824219,14.899999618530273,14.569999694824219,14.729999542236328,14.729999542236328,93500
2014-09-11,14.8100004196167,14.8100004196167,14.350000381469727,14.399999618530273,14.399999618530273,65500
2014-09-12,15.199999809265137,15.770000457763672,15.100000381469727,15.479999542236328,15.479999542236328,299100
2014-09-15,16.0,16.239999771118164,15.710000038146973,15.869999885559082,15.869999885559082,238400
2014-09-16,16.0,16.100000381469727,15.75,16.06999969482422,16.06999969482422,167300
2014-09-17,15.930000305175781,16.700000762939453,15.84000015258789,16.3700008392334,16.3700008392334,212600
2014-09-18,16.5,17.09000015258789,16.350000381469727,16.610000610351562,16.610000610351562,146700
2014-09-19,16.670000076293945,17.030000686645508,16.559999465942383,16.770000457763672,16.770000457763672,157500
2014-09-22,16.93000030517578,17.229999542236328,16.799999237060547,16.8700008392334,16.8700008392334,146300
2014-09-23,16.860000610351562,17.06999969482422,16.84000015258789,16.860000610351562,16.860000610351562,88400
2014-09-24,16.969999313354492,16.989999771118164,16.6299991607666,16.709999084472656,16.709999084472656,86400
2014-09-25,16.719999313354492,16.899999618530273,16.469999313354492,16.799999237060547,16.799999237060547,88200
2014-09-26,16.899999618530273,17.889999389648438,16.780000686645508,17.360000610351562,17.360000610351562,264700
2014-09-29,17.84000015258789,18.780000686645508,17.540000915527344,18.049999237060547,18.049999237060547,320900
2014-09-30,18.25,19.299999237060547,18.209999084472656,18.59000015258789,18.59000015258789,279900
2014-10-01,19.020000457763672,19.15999984741211,18.110000610351562,18.43000030517578,18.43000030517578,233100
2014-10-02,18.43000030517578,18.440000534057617,16.770000457763672,17.770000457763672,17.770000457763672,248400
2014-10-03,18.059999465942383,18.59000015258789,17.790000915527344,18.479999542236328,18.479999542236328,155100
2014-10-06,18.520000457763672,18.84000015258789,18.18000030517578,18.290000915527344,18.290000915527344,100300
2014-10-07,18.290000915527344,18.479999542236328,18.059999465942383,18.389999389648438,18.389999389648438,172700
2014-10-08,18.459999084472656,18.530000686645508,16.5,17.899999618530273,17.899999618530273,220900
2014-10-09,18.010000228881836,18.350000381469727,17.600000381469727,17.780000686645508,17.780000686645508,122800
2014-10-10,17.530000686645508,18.399999618530273,17.209999084472656,17.979999542236328,17.979999542236328,199700
2014-10-13,17.670000076293945,17.920000076293945,16.760000228881836,17.3700008392334,17.3700008392334,170800
2014-10-14,17.299999237060547,17.739999771118164,16.989999771118164,17.100000381469727,17.100000381469727,78600
2014-10-15,17.0,17.450000762939453,16.139999389648438,16.459999084472656,16.459999084472656,96300
2014-10-16,15.649999618530273,16.989999771118164,15.630000114440918,16.780000686645508,16.780000686645508,179400
2014-10-17,17.280000686645508,17.729999542236328,17.1200008392334,17.360000610351562,17.360000610351562,110000
2014-10-20,17.010000228881836,17.979999542236328,16.799999237060547,17.450000762939453,17.450000762939453,161900
2014-10-21,18.06999969482422,19.25,17.5,18.899999618530273,18.899999618530273,296000
2014-10-22,18.5,21.020000457763672,18.209999084472656,20.729999542236328,20.729999542236328,490800
2014-10-23,21.5,22.09000015258789,20.84000015258789,21.420000076293945,21.420000076293945,406300
2014-10-24,21.899999618530273,22.850000381469727,21.760000228881836,22.290000915527344,22.290000915527344,308500
2014-10-27,22.25,22.280000686645508,19.1299991607666,20.649999618530273,20.649999618530273,460300
2014-10-28,21.1299991607666,21.8799991607666,20.059999465942383,21.739999771118164,21.739999771118164,207500
2014-10-29,22.139999389648438,22.239999771118164,21.360000610351562,21.639999389648438,21.639999389648438,142800
2014-10-30,21.420000076293945,21.670000076293945,20.969999313354492,21.049999237060547,21.049999237060547,78300
2014-10-31,21.0,21.770000457763672,19.700000762939453,20.739999771118164,20.739999771118164,270700
2014-11-03,20.389999389648438,21.0,19.59000015258789,20.920000076293945,20.920000076293945,268100
2014-11-04,21.0,21.059999465942383,20.739999771118164,20.809999465942383,20.809999465942383,86200
2014-11-05,21.0,22.18000030517578,20.780000686645508,20.920000076293945,20.920000076293945,177900
2014-11-06,20.899999618530273,21.15999984741211,20.450000762939453,21.139999389648438,21.139999389648438,97200
2014-11-07,21.229999542236328,21.59000015258789,20.790000915527344,21.440000534057617,21.440000534057617,86700
2014-11-10,21.219999313354492,22.75,21.030000686645508,22.31999969482422,22.31999969482422,206300
2014-11-11,22.68000030517578,23.3700008392334,22.200000762939453,23.030000686645508,23.030000686645508,202700
2014-11-12,23.360000610351562,23.56999969482422,21.829999923706055,22.790000915527344,22.790000915527344,197900
2014-11-13,22.389999389648438,22.899999618530273,21.93000030517578,22.170000076293945,22.170000076293945,126000
2014-11-14,22.0,22.06999969482422,19.700000762939453,22.0,22.0,330400
2014-11-17,21.959999084472656,23.010000228881836,21.809999465942383,22.889999389648438,22.889999389648438,207200
2014-11-18,22.790000915527344,22.790000915527344,21.829999923706055,22.510000228881836,22.510000228881836,182400
2014-11-19,22.809999465942383,23.719999313354492,22.229999542236328,23.420000076293945,23.420000076293945,177100
2014-11-20,23.5,25.239999771118164,23.31999969482422,24.65999984741211,24.65999984741211,1803700
2014-11-21,25.25,25.25,24.40999984741211,24.479999542236328,24.479999542236328,458600
2014-11-24,24.600000381469727,25.5,24.549999237060547,25.079999923706055,25.079999923706055,359100
2014-11-25,25.420000076293945,25.93000030517578,25.25,25.770000457763672,25.770000457763672,254800
2014-11-26,25.540000915527344,27.209999084472656,25.540000915527344,27.1299991607666,27.1299991607666,261500
2014-11-28,27.15999984741211,27.790000915527344,26.280000686645508,26.280000686645508,26.280000686645508,220800
2014-12-01,26.56999969482422,26.649999618530273,24.469999313354492,26.0,26.0,479200
2014-12-02,25.8700008392334,26.989999771118164,25.75,26.760000228881836,26.760000228881836,211800
2014-12-03,26.790000915527344,27.229999542236328,26.040000915527344,26.290000915527344,26.290000915527344,165000
2014-12-04,26.530000686645508,27.0,26.09000015258789,26.520000457763672,26.520000457763672,123400
2014-12-05,26.920000076293945,27.520000457763672,26.18000030517578,26.309999465942383,26.309999465942383,198400
2014-12-08,26.030000686645508,26.239999771118164,24.829999923706055,25.280000686645508,25.280000686645508,265300
2014-12-09,24.540000915527344,25.75,22.760000228881836,25.260000228881836,25.260000228881836,295800
2014-12-10,25.6299991607666,25.899999618530273,24.3700008392334,24.459999084472656,24.459999084472656,146400
2014-12-11,27.09000015258789,29.100000381469727,27.09000015258789,28.040000915527344,28.040000915527344,469800
2014-12-12,28.350000381469727,28.850000381469727,27.5,27.889999389648438,27.889999389648438,187800
2014-12-15,27.84000015258789,28.790000915527344,26.3799991607666,26.709999084472656,26.709999084472656,222400
2014-12-16,26.360000610351562,27.649999618530273,26.309999465942383,27.06999969482422,27.06999969482422,97700
2014-12-17,27.030000686645508,28.010000228881836,26.149999618530273,26.780000686645508,26.780000686645508,120200
2014-12-18,27.079999923706055,27.889999389648438,26.809999465942383,27.0,27.0,125700
2014-12-19,27.049999237060547,27.149999618530273,26.1200008392334,26.200000762939453,26.200000762939453,207500
2014-12-22,26.25,27.0,26.190000534057617,26.6299991607666,26.6299991607666,131700
2014-12-23,26.68000030517578,26.700000762939453,25.899999618530273,26.1299991607666,26.1299991607666,119500
2014-12-24,26.309999465942383,26.31999969482422,25.649999618530273,26.18000030517578,26.18000030517578,111500
2014-12-26,26.200000762939453,26.940000534057617,26.200000762939453,26.65999984741211,26.65999984741211,84800
2014-12-29,26.549999237060547,26.90999984741211,26.420000076293945,26.610000610351562,26.610000610351562,139300
2014-12-30,26.3799991607666,27.350000381469727,26.350000381469727,26.959999084472656,26.959999084472656,141100
2014-12-31,27.200000762939453,27.350000381469727,26.8799991607666,27.110000610351562,27.110000610351562,79700
2015-01-02,27.15999984741211,27.799999237060547,26.540000915527344,27.799999237060547,27.799999237060547,139800
2015-01-05,27.799999237060547,29.469999313354492,27.43000030517578,28.739999771118164,28.739999771118164,284400
2015-01-06,28.739999771118164,29.5,26.649999618530273,26.68000030517578,26.68000030517578,268500
2015-01-07,26.81999969482422,28.1299991607666,26.799999237060547,28.049999237060547,28.049999237060547,218100
2015-01-08,28.290000915527344,28.860000610351562,27.690000534057617,27.899999618530273,27.899999618530273,164000
2015-01-09,28.010000228881836,28.450000762939453,27.899999618530273,28.309999465942383,28.309999465942383,86600
2015-01-12,28.360000610351562,28.719999313354492,28.1200008392334,28.610000610351562,28.610000610351562,160700
2015-01-13,28.610000610351562,28.719999313354492,26.559999465942383,27.309999465942383,27.309999465942383,208600
2015-01-14,27.209999084472656,28.0,26.65999984741211,27.68000030517578,27.68000030517578,113400
2015-01-15,27.690000534057617,27.739999771118164,27.049999237060547,27.25,27.25,82400
2015-01-16,27.209999084472656,28.040000915527344,27.09000015258789,27.770000457763672,27.770000457763672,129100
2015-01-20,28.010000228881836,28.25,25.18000030517578,26.059999465942383,26.059999465942383,331400
2015-01-21,26.40999984741211,26.520000457763672,24.549999237060547,24.760000228881836,24.760000228881836,240100
2015-01-22,24.0,26.350000381469727,22.690000534057617,24.850000381469727,24.850000381469727,780800
2015-01-23,25.34000015258789,28.610000610351562,25.049999237060547,28.170000076293945,28.170000076293945,587200
2015-01-26,27.6200008392334,29.399999618530273,27.6200008392334,28.959999084472656,28.959999084472656,194500
2015-01-27,28.850000381469727,30.5,28.25,29.760000228881836,29.760000228881836,326200
2015-01-28,30.020000457763672,30.489999771118164,28.969999313354492,29.260000228881836,29.260000228881836,383600
2015-01-29,29.209999084472656,29.420000076293945,27.200000762939453,28.600000381469727,28.600000381469727,283500
2015-01-30,28.8799991607666,29.520000457763672,27.700000762939453,28.299999237060547,28.299999237060547,211400
2015-02-02,28.489999771118164,29.5,27.799999237060547,28.729999542236328,28.729999542236328,148200
2015-02-03,28.690000534057617,29.280000686645508,28.0,29.020000457763672,29.020000457763672,164000
2015-02-04,28.719999313354492,30.700000762939453,28.65999984741211,29.81999969482422,29.81999969482422,436900
2015-02-05,29.81999969482422,30.579999923706055,28.8700008392334,29.040000915527344,29.040000915527344,153200
2015-02-06,29.219999313354492,29.3700008392334,27.670000076293945,27.770000457763672,27.770000457763672,190000
2015-02-09,27.540000915527344,27.770000457763672,26.34000015258789,27.389999389648438,27.389999389648438,213200
2015-02-10,27.489999771118164,28.0,27.209999084472656,27.790000915527344,27.790000915527344,122000
2015-02-11,27.690000534057617,28.809999465942383,27.520000457763672,28.329999923706055,28.329999923706055,187800
2015-02-12,28.479999542236328,29.860000610351562,28.34000015258789,29.770000457763672,29.770000457763672,183400
2015-02-13,29.969999313354492,29.969999313354492,29.1299991607666,29.639999389648438,29.639999389648438,127300
2015-02-17,29.520000457763672,29.829999923706055,29.020000457763672,29.420000076293945,29.420000076293945,114000
2015-02-18,29.450000762939453,29.549999237060547,28.899999618530273,29.100000381469727,29.100000381469727,99800
2015-02-19,29.1200008392334,30.68000030517578,29.079999923706055,30.200000762939453,30.200000762939453,151200
2015-02-20,30.200000762939453,30.399999618530273,29.59000015258789,29.649999618530273,29.649999618530273,140400
2015-02-23,29.600000381469727,30.350000381469727,29.209999084472656,30.0,30.0,130400
2015-02-24,30.139999389648438,31.639999389648438,29.959999084472656,31.170000076293945,31.170000076293945,285300
2015-02-25,31.170000076293945,33.4900016784668,31.0,31.829999923706055,31.829999923706055,352200
2015-02-26,31.989999771118164,32.349998474121094,31.43000030517578,31.739999771118164,31.739999771118164,198100
2015-02-27,31.559999465942383,32.439998626708984,31.010000228881836,31.850000381469727,31.850000381469727,208300
2015-03-02,31.889999389648438,32.11000061035156,30.510000228881836,30.729999542236328,30.729999542236328,165800
2015-03-03,30.5,31.09000015258789,29.559999465942383,30.790000915527344,30.790000915527344,190700
2015-03-04,30.6299991607666,30.920000076293945,29.829999923706055,30.520000457763672,30.520000457763672,106800
2015-03-05,30.59000015258789,31.670000076293945,30.3700008392334,31.079999923706055,31.079999923706055,107700
2015-03-06,31.149999618530273,31.989999771118164,31.149999618530273,31.579999923706055,31.579999923706055,194500
2015-03-09,31.709999084472656,31.920000076293945,30.690000534057617,31.530000686645508,31.530000686645508,212100
2015-03-10,31.309999465942383,31.559999465942383,30.6200008392334,30.90999984741211,30.90999984741211,84200
2015-03-11,32.5,35.939998626708984,32.29999923706055,35.650001525878906,35.650001525878906,1139500
2015-03-12,35.650001525878906,36.70000076293945,35.04999923706055,36.59000015258789,36.59000015258789,404700
2015-03-13,36.599998474121094,36.68000030517578,35.189998626708984,36.54999923706055,36.54999923706055,346800
2015-03-16,36.790000915527344,36.81999969482422,33.779998779296875,34.709999084472656,34.709999084472656,405400
2015-03-17,34.849998474121094,35.189998626708984,34.25,34.869998931884766,34.869998931884766,194200
2015-03-18,34.939998626708984,35.650001525878906,34.45000076293945,34.599998474121094,34.599998474121094,226400
2015-03-19,34.779998779296875,35.290000915527344,34.619998931884766,34.72999954223633,34.72999954223633,162800
2015-03-20,34.86000061035156,35.33000183105469,34.84000015258789,35.02000045776367,35.02000045776367,124800
2015-03-23,35.7599983215332,35.90999984741211,34.08000183105469,34.150001525878906,34.150001525878906,190300
2015-03-24,34.099998474121094,35.25,34.060001373291016,34.65999984741211,34.65999984741211,177400
2015-03-25,34.689998626708984,34.70000076293945,32.689998626708984,32.88999938964844,32.88999938964844,178200
2015-03-26,32.099998474121094,33.31999969482422,30.850000381469727,32.630001068115234,32.630001068115234,231500
2015-03-27,32.7599983215332,33.630001068115234,32.630001068115234,32.959999084472656,32.959999084472656,112200
2015-03-30,33.06999969482422,33.560001373291016,32.27000045776367,32.880001068115234,32.880001068115234,219900
2015-03-31,32.56999969482422,33.529998779296875,32.31999969482422,33.15999984741211,33.15999984741211,130400
2015-04-01,32.9900016784668,34.279998779296875,32.5,33.15999984741211,33.15999984741211,151300
2015-04-02,33.20000076293945,33.5,32.349998474121094,32.630001068115234,32.630001068115234,118800
2015-04-06,32.36000061035156,32.91999816894531,31.75,31.899999618530273,31.899999618530273,164600
2015-04-07,32.060001373291016,32.34000015258789,31.489999771118164,31.700000762939453,31.700000762939453,141300
2015-04-08,31.239999771118164,32.54999923706055,31.049999237060547,32.310001373291016,32.310001373291016,171900
2015-04-09,32.310001373291016,32.7599983215332,31.65999984741211,32.04999923706055,32.04999923706055,130400
2015-04-10,32.22999954223633,33.06999969482422,32.06999969482422,32.75,32.75,173900
2015-04-13,32.84000015258789,34.349998474121094,32.79999923706055,33.439998626708984,33.439998626708984,195200
2015-04-14,33.33000183105469,33.7599983215332,32.09000015258789,32.16999816894531,32.16999816894531,211800
2015-04-15,32.150001525878906,33.540000915527344,32.150001525878906,32.869998931884766,32.869998931884766,149900
2015-04-16,32.66999816894531,32.779998779296875,32.16999816894531,32.4900016784668,32.4900016784668,120000
2015-04-17,32.31999969482422,33.08000183105469,32.0099983215332,32.279998779296875,32.279998779296875,223400
2015-04-20,32.40999984741211,33.790000915527344,32.369998931884766,33.4900016784668,33.4900016784668,151300
2015-04-21,33.7599983215332,34.90999984741211,33.560001373291016,34.36000061035156,34.36000061035156,282500
2015-04-22,34.56999969482422,34.68000030517578,33.380001068115234,34.349998474121094,34.349998474121094,269700
2015-04-23,34.380001068115234,35.849998474121094,34.099998474121094,35.59000015258789,35.59000015258789,240200
2015-04-24,35.0,35.0,30.170000076293945,33.150001525878906,33.150001525878906,1447100
2015-04-27,34.65999984741211,34.880001068115234,33.189998626708984,33.22999954223633,33.22999954223633,511900
2015-04-28,33.310001373291016,33.97999954223633,32.220001220703125,32.38999938964844,32.38999938964844,325400
2015-04-29,32.2400016784668,32.720001220703125,31.549999237060547,31.700000762939453,31.700000762939453,271400
2015-04-30,31.649999618530273,31.920000076293945,30.3700008392334,30.469999313354492,30.469999313354492,340700
2015-05-01,30.540000915527344,31.799999237060547,30.510000228881836,31.520000457763672,31.520000457763672,183700
2015-05-04,31.739999771118164,32.0,30.280000686645508,30.829999923706055,30.829999923706055,542100
2015-05-05,30.6200008392334,31.079999923706055,29.389999389648438,29.770000457763672,29.770000457763672,271000
2015-05-06,29.790000915527344,30.020000457763672,28.799999237060547,29.34000015258789,29.34000015258789,248300
2015-05-07,28.709999084472656,30.8799991607666,28.6200008392334,30.18000030517578,30.18000030517578,358200
2015-05-08,30.09000015258789,31.850000381469727,30.09000015258789,31.239999771118164,31.239999771118164,233900
2015-05-11,31.1200008392334,32.970001220703125,31.1200008392334,32.33000183105469,32.33000183105469,249800
2015-05-12,32.130001068115234,32.209999084472656,29.59000015258789,29.969999313354492,29.969999313354492,817600
2015-05-13,29.950000762939453,30.0,28.309999465942383,28.989999771118164,28.989999771118164,540300
2015-05-14,28.889999389648438,29.5,28.34000015258789,29.260000228881836,29.260000228881836,318400
2015-05-15,29.079999923706055,29.3700008392334,28.75,29.309999465942383,29.309999465942383,193600
2015-05-18,29.25,30.25,28.829999923706055,30.15999984741211,30.15999984741211,188800
2015-05-19,30.25,30.440000534057617,29.75,30.149999618530273,30.149999618530273,162400
2015-05-20,30.059999465942383,30.809999465942383,29.65999984741211,30.459999084472656,30.459999084472656,208100
2015-05-21,30.3700008392334,31.0,30.06999969482422,30.780000686645508,30.780000686645508,140400
2015-05-22,30.719999313354492,31.040000915527344,30.049999237060547,30.469999313354492,30.469999313354492,227400
2015-05-26,30.190000534057617,30.8799991607666,29.889999389648438,30.6200008392334,30.6200008392334,165000
2015-05-27,30.6200008392334,31.440000534057617,30.510000228881836,31.110000610351562,31.110000610351562,168100
2015-05-28,31.1200008392334,32.18000030517578,30.799999237060547,31.8700008392334,31.8700008392334,237300
2015-05-29,31.940000534057617,31.940000534057617,30.190000534057617,30.90999984741211,30.90999984741211,567300
2015-06-01,30.90999984741211,30.90999984741211,28.530000686645508,29.06999969482422,29.06999969482422,484900
2015-06-02,28.850000381469727,29.799999237060547,28.34000015258789,29.489999771118164,29.489999771118164,237100
2015-06-03,29.600000381469727,30.579999923706055,29.309999465942383,30.290000915527344,30.290000915527344,220500
2015-06-04,30.149999618530273,30.459999084472656,29.670000076293945,29.920000076293945,29.920000076293945,133600
2015-06-05,29.829999923706055,31.420000076293945,29.829999923706055,31.209999084472656,31.209999084472656,192900
2015-06-08,31.200000762939453,31.200000762939453,30.09000015258789,30.510000228881836,30.510000228881836,123800
2015-06-09,30.3700008392334,30.579999923706055,29.280000686645508,29.5,29.5,154800
2015-06-10,29.610000610351562,30.350000381469727,29.420000076293945,29.829999923706055,29.829999923706055,176200
2015-06-11,30.049999237060547,30.549999237060547,29.75,30.31999969482422,30.31999969482422,129600
2015-06-12,30.100000381469727,30.389999389648438,29.5,29.739999771118164,29.739999771118164,150800
2015-06-15,29.6299991607666,30.270000457763672,29.110000610351562,30.170000076293945,30.170000076293945,183800
2015-06-16,30.200000762939453,30.350000381469727,29.18000030517578,29.450000762939453,29.450000762939453,146400
2015-06-17,29.489999771118164,29.549999237060547,27.520000457763672,27.690000534057617,27.690000534057617,365200
2015-06-18,27.729999542236328,28.170000076293945,26.6200008392334,26.8700008392334,26.8700008392334,328500
2015-06-19,27.0,28.100000381469727,26.979999542236328,27.25,27.25,377300
2015-06-22,27.399999618530273,28.06999969482422,27.31999969482422,27.979999542236328,27.979999542236328,204400
2015-06-23,28.190000534057617,28.239999771118164,27.559999465942383,28.15999984741211,28.15999984741211,175800
2015-06-24,28.329999923706055,28.6299991607666,26.239999771118164,26.309999465942383,26.309999465942383,362300
2015-06-25,26.309999465942383,26.68000030517578,25.56999969482422,25.670000076293945,25.670000076293945,316200
2015-06-26,25.600000381469727,25.899999618530273,24.59000015258789,25.469999313354492,25.469999313354492,2024900
2015-06-29,24.959999084472656,25.440000534057617,24.639999389648438,24.729999542236328,24.729999542236328,232800
2015-06-30,24.850000381469727,25.290000915527344,24.65999984741211,25.059999465942383,25.059999465942383,169600
2015-07-01,25.299999237060547,25.770000457763672,24.56999969482422,24.81999969482422,24.81999969482422,181100
2015-07-02,24.729999542236328,24.860000610351562,23.520000457763672,23.81999969482422,23.81999969482422,280800
2015-07-06,23.6299991607666,24.3799991607666,23.079999923706055,24.270000457763672,24.270000457763672,233100
2015-07-07,24.209999084472656,24.40999984741211,23.329999923706055,24.270000457763672,24.270000457763672,210400
2015-07-08,24.020000457763672,24.100000381469727,23.299999237060547,23.770000457763672,23.770000457763672,201200
2015-07-09,24.059999465942383,24.829999923706055,24.0,24.489999771118164,24.489999771118164,193000
2015-07-10,24.809999465942383,25.920000076293945,24.149999618530273,25.770000457763672,25.770000457763672,290500
2015-07-13,25.850000381469727,27.270000457763672,25.510000228881836,26.760000228881836,26.760000228881836,357500
2015-07-14,26.739999771118164,26.940000534057617,26.299999237060547,26.40999984741211,26.40999984741211,275300
2015-07-15,26.459999084472656,26.75,25.739999771118164,25.809999465942383,25.809999465942383,210000
2015-07-16,25.790000915527344,26.299999237060547,25.729999542236328,25.899999618530273,25.899999618530273,175000
2015-07-17,25.8700008392334,26.229999542236328,25.75,25.84000015258789,25.84000015258789,134400
2015-07-20,25.920000076293945,25.920000076293945,25.06999969482422,25.479999542236328,25.479999542236328,172600
2015-07-21,25.350000381469727,26.40999984741211,25.309999465942383,26.260000228881836,26.260000228881836,188600
2015-07-22,26.0,26.329999923706055,25.1200008392334,25.270000457763672,25.270000457763672,264300
2015-07-23,25.610000610351562,26.420000076293945,23.1299991607666,23.200000762939453,23.200000762939453,372000
2015-07-24,23.149999618530273,23.200000762939453,21.979999542236328,22.06999969482422,22.06999969482422,326200
2015-07-27,21.739999771118164,22.3799991607666,21.260000228881836,22.309999465942383,22.309999465942383,384700
2015-07-28,22.399999618530273,23.389999389648438,21.760000228881836,22.920000076293945,22.920000076293945,267000
2015-07-29,22.950000762939453,24.219999313354492,21.3799991607666,23.889999389648438,23.889999389648438,270800
2015-07-30,23.850000381469727,23.93000030517578,23.280000686645508,23.799999237060547,23.799999237060547,208100
2015-07-31,23.860000610351562,24.139999389648438,23.420000076293945,23.610000610351562,23.610000610351562,259000
2015-08-03,23.549999237060547,24.3799991607666,23.360000610351562,23.920000076293945,23.920000076293945,186500
2015-08-04,23.829999923706055,24.510000228881836,23.690000534057617,24.399999618530273,24.399999618530273,239600
2015-08-05,24.559999465942383,24.84000015258789,23.81999969482422,24.020000457763672,24.020000457763672,174400
2015-08-06,24.200000762939453,24.979999542236328,23.889999389648438,24.81999969482422,24.81999969482422,255300
2015-08-07,24.81999969482422,24.81999969482422,23.68000030517578,24.139999389648438,24.139999389648438,241700
2015-08-10,24.209999084472656,25.809999465942383,23.8799991607666,25.760000228881836,25.760000228881836,296300
2015-08-11,25.329999923706055,25.799999237060547,24.639999389648438,24.84000015258789,24.84000015258789,197100
2015-08-12,24.760000228881836,25.540000915527344,24.329999923706055,25.270000457763672,25.270000457763672,204100
2015-08-13,25.389999389648438,25.690000534057617,24.31999969482422,24.5,24.5,198600
2015-08-14,24.459999084472656,25.84000015258789,24.34000015258789,25.719999313354492,25.719999313354492,149300
2015-08-17,25.610000610351562,25.959999084472656,25.09000015258789,25.770000457763672,25.770000457763672,99500
2015-08-18,25.6200008392334,25.84000015258789,25.190000534057617,25.260000228881836,25.260000228881836,106400
2015-08-19,25.06999969482422,25.350000381469727,24.5,24.739999771118164,24.739999771118164,269300
2015-08-20,24.540000915527344,24.670000076293945,23.510000228881836,23.579999923706055,23.579999923706055,160500
2015-08-21,23.15999984741211,23.399999618530273,22.3700008392334,22.530000686645508,22.530000686645508,205100
2015-08-24,21.200000762939453,22.420000076293945,20.260000228881836,21.510000228881836,21.510000228881836,203200
2015-08-25,22.299999237060547,22.459999084472656,21.31999969482422,21.549999237060547,21.549999237060547,191400
2015-08-26,22.059999465942383,22.530000686645508,21.06999969482422,22.459999084472656,22.459999084472656,218600
2015-08-27,22.739999771118164,23.34000015258789,22.239999771118164,23.34000015258789,23.34000015258789,143700
2015-08-28,23.18000030517578,23.790000915527344,23.020000457763672,23.510000228881836,23.510000228881836,135200
2015-08-31,23.229999542236328,24.040000915527344,23.06999969482422,23.59000015258789,23.59000015258789,102700
2015-09-01,22.959999084472656,23.479999542236328,22.260000228881836,22.420000076293945,22.420000076293945,150400
2015-09-02,22.860000610351562,22.90999984741211,22.309999465942383,22.780000686645508,22.780000686645508,111700
2015-09-03,22.780000686645508,23.049999237060547,22.260000228881836,22.690000534057617,22.690000534057617,90400
2015-09-04,22.420000076293945,22.950000762939453,22.389999389648438,22.59000015258789,22.59000015258789,50000
2015-09-08,23.170000076293945,23.209999084472656,22.479999542236328,22.579999923706055,22.579999923706055,165600
2015-09-09,22.75,22.75,22.0,22.239999771118164,22.239999771118164,227900
2015-09-10,22.209999084472656,22.860000610351562,22.209999084472656,22.600000381469727,22.600000381469727,143900
2015-09-11,22.510000228881836,23.209999084472656,22.40999984741211,22.81999969482422,22.81999969482422,147000
2015-09-14,23.0,23.0,21.5,21.739999771118164,21.739999771118164,135300
2015-09-15,21.8700008392334,22.600000381469727,21.780000686645508,22.25,22.25,224400
2015-09-16,22.190000534057617,23.5,22.0,23.079999923706055,23.079999923706055,318300
2015-09-17,23.1299991607666,23.989999771118164,22.969999313354492,23.790000915527344,23.790000915527344,266400
2015-09-18,23.31999969482422,23.8799991607666,22.700000762939453,22.84000015258789,22.84000015258789,181300
2015-09-21,22.8700008392334,22.8700008392334,21.790000915527344,22.299999237060547,22.299999237060547,183200
2015-09-22,22.0,22.350000381469727,21.299999237060547,21.520000457763672,21.520000457763672,111300
2015-09-23,21.549999237060547,21.549999237060547,20.719999313354492,20.90999984741211,20.90999984741211,103800
2015-09-24,20.649999618530273,20.770000457763672,18.979999542236328,19.100000381469727,19.100000381469727,241100
2015-09-25,19.299999237060547,19.729999542236328,18.790000915527344,19.280000686645508,19.280000686645508,163300
2015-09-28,19.020000457763672,19.25,18.1200008392334,18.329999923706055,18.329999923706055,204500
2015-09-29,18.450000762939453,18.600000381469727,17.440000534057617,17.799999237060547,17.799999237060547,304200
2015-09-30,18.100000381469727,18.670000076293945,17.950000762939453,17.969999313354492,17.969999313354492,162600
2015-10-01,17.90999984741211,18.56999969482422,17.719999313354492,18.440000534057617,18.440000534057617,141400
2015-10-02,18.190000534057617,18.760000228881836,17.709999084472656,18.709999084472656,18.709999084472656,176600
2015-10-05,18.860000610351562,19.600000381469727,18.670000076293945,19.450000762939453,19.450000762939453,130900
2015-10-06,19.3700008392334,19.6200008392334,19.09000015258789,19.510000228881836,19.510000228881836,130800
2015-10-07,19.709999084472656,21.469999313354492,19.649999618530273,21.34000015258789,21.34000015258789,317300
2015-10-08,21.34000015258789,22.0,21.200000762939453,21.84000015258789,21.84000015258789,183400
2015-10-09,22.030000686645508,22.65999984741211,22.030000686645508,22.389999389648438,22.389999389648438,154400
2015-10-12,22.43000030517578,22.43000030517578,20.790000915527344,20.940000534057617,20.940000534057617,102200
2015-10-13,20.75,21.329999923706055,20.299999237060547,20.43000030517578,20.43000030517578,186100
2015-10-14,20.459999084472656,20.8700008392334,20.31999969482422,20.610000610351562,20.610000610351562,95800
2015-10-15,20.610000610351562,21.15999984741211,19.940000534057617,19.989999771118164,19.989999771118164,293200
2015-10-16,20.600000381469727,23.3799991607666,20.440000534057617,22.520000457763672,22.520000457763672,512800
2015-10-19,22.239999771118164,22.280000686645508,20.229999542236328,20.59000015258789,20.59000015258789,274000
2015-10-20,20.59000015258789,21.579999923706055,20.329999923706055,21.56999969482422,21.56999969482422,171400
2015-10-21,21.700000762939453,21.8799991607666,20.780000686645508,20.799999237060547,20.799999237060547,200800
2015-10-22,21.030000686645508,21.149999618530273,20.229999542236328,20.700000762939453,20.700000762939453,127700
2015-10-23,20.950000762939453,21.190000534057617,20.5,21.030000686645508,21.030000686645508,95700
2015-10-26,20.850000381469727,21.030000686645508,19.969999313354492,20.170000076293945,20.170000076293945,86300
2015-10-27,19.979999542236328,20.0,18.549999237060547,18.790000915527344,18.790000915527344,303200
2015-10-28,18.950000762939453,19.530000686645508,18.700000762939453,19.34000015258789,19.34000015258789,254600
2015-10-29,19.15999984741211,19.56999969482422,18.670000076293945,19.1200008392334,19.1200008392334,151200
2015-10-30,19.1200008392334,19.59000015258789,18.950000762939453,19.299999237060547,19.299999237060547,85700
2015-11-02,19.219999313354492,20.530000686645508,19.219999313354492,20.09000015258789,20.09000015258789,171300
2015-11-03,20.149999618530273,20.299999237060547,19.270000457763672,19.8700008392334,19.8700008392334,212000
2015-11-04,20.079999923706055,20.079999923706055,19.290000915527344,19.920000076293945,19.920000076293945,127600
2015-11-05,19.950000762939453,20.670000076293945,19.709999084472656,20.639999389648438,20.639999389648438,182100
2015-11-06,20.639999389648438,21.979999542236328,20.420000076293945,21.8799991607666,21.8799991607666,162100
2015-11-09,21.799999237060547,21.799999237060547,20.290000915527344,20.489999771118164,20.489999771118164,116300
2015-11-10,20.34000015258789,20.579999923706055,19.68000030517578,20.290000915527344,20.290000915527344,100200
2015-11-11,20.290000915527344,21.170000076293945,19.93000030517578,20.950000762939453,20.950000762939453,187800
2015-11-12,20.6299991607666,20.729999542236328,19.59000015258789,19.850000381469727,19.850000381469727,140000
2015-11-13,19.719999313354492,19.90999984741211,19.31999969482422,19.56999969482422,19.56999969482422,218300
2015-11-16,19.530000686645508,19.649999618530273,18.639999389648438,19.139999389648438,19.139999389648438,153200
2015-11-17,19.200000762939453,20.139999389648438,18.84000015258789,19.5,19.5,111600
2015-11-18,19.65999984741211,20.389999389648438,19.200000762939453,20.219999313354492,20.219999313354492,153900
2015-11-19,20.229999542236328,21.15999984741211,18.8799991607666,21.100000381469727,21.100000381469727,218800
2015-11-20,21.239999771118164,21.350000381469727,20.34000015258789,20.6200008392334,20.6200008392334,115600
2015-11-23,20.68000030517578,21.049999237060547,20.450000762939453,20.770000457763672,20.770000457763672,161300
2015-11-24,20.469999313354492,20.690000534057617,19.68000030517578,20.350000381469727,20.350000381469727,109800
2015-11-25,20.40999984741211,20.65999984741211,19.709999084472656,20.459999084472656,20.459999084472656,170700
2015-11-27,20.459999084472656,21.34000015258789,20.3799991607666,21.18000030517578,21.18000030517578,45800
2015-11-30,21.190000534057617,21.489999771118164,20.729999542236328,21.010000228881836,21.010000228881836,122500
2015-12-01,20.709999084472656,21.639999389648438,20.709999084472656,21.399999618530273,21.399999618530273,206800
2015-12-02,21.3700008392334,21.3700008392334,20.309999465942383,20.440000534057617,20.440000534057617,91200
2015-12-03,20.540000915527344,20.579999923706055,19.299999237060547,19.329999923706055,19.329999923706055,89600
2015-12-04,19.3700008392334,19.790000915527344,18.8700008392334,19.399999618530273,19.399999618530273,169000
2015-12-07,19.280000686645508,19.700000762939453,18.700000762939453,18.889999389648438,18.889999389648438,249700
2015-12-08,18.510000228881836,18.6200008392334,17.719999313354492,17.790000915527344,17.790000915527344,244700
2015-12-09,17.809999465942383,18.280000686645508,17.690000534057617,18.049999237060547,18.049999237060547,173800
2015-12-10,17.709999084472656,19.030000686645508,17.709999084472656,18.979999542236328,18.979999542236328,228100
2015-12-11,18.649999618530273,18.90999984741211,18.200000762939453,18.420000076293945,18.420000076293945,169000
2015-12-14,18.389999389648438,18.610000610351562,18.209999084472656,18.489999771118164,18.489999771118164,204500
2015-12-15,18.440000534057617,18.739999771118164,17.6299991607666,18.09000015258789,18.09000015258789,251700
2015-12-16,18.09000015258789,18.290000915527344,17.40999984741211,18.15999984741211,18.15999984741211,172200
2015-12-17,18.420000076293945,19.65999984741211,18.420000076293945,18.959999084472656,18.959999084472656,174900
2015-12-18,18.65999984741211,18.68000030517578,17.209999084472656,17.5,17.5,352800
2015-12-21,17.5,17.850000381469727,17.100000381469727,17.15999984741211,17.15999984741211,169500
2015-12-22,17.149999618530273,17.65999984741211,16.84000015258789,17.56999969482422,17.56999969482422,107600
2015-12-23,17.739999771118164,18.040000915527344,17.489999771118164,17.950000762939453,17.950000762939453,72500
2015-12-24,17.899999618530273,18.450000762939453,17.729999542236328,18.360000610351562,18.360000610351562,43500
2015-12-28,18.25,18.34000015258789,17.350000381469727,18.219999313354492,18.219999313354492,182900
2015-12-29,18.15999984741211,18.6299991607666,17.389999389648438,18.260000228881836,18.260000228881836,267600
2015-12-30,18.219999313354492,18.56999969482422,17.700000762939453,18.389999389648438,18.389999389648438,194700
2015-12-31,18.260000228881836,19.09000015258789,17.850000381469727,18.889999389648438,18.889999389648438,162500
2016-01-04,18.440000534057617,18.719999313354492,17.479999542236328,18.299999237060547,18.299999237060547,176500
2016-01-05,18.31999969482422,18.360000610351562,17.700000762939453,18.139999389648438,18.139999389648438,135600
2016-01-06,17.799999237060547,18.06999969482422,17.790000915527344,17.90999984741211,17.90999984741211,167800
2016-01-07,17.530000686645508,18.020000457763672,17.229999542236328,17.399999618530273,17.399999618530273,207700
2016-01-08,17.6299991607666,17.6299991607666,16.360000610351562,16.389999389648438,16.389999389648438,298400
2016-01-11,16.440000534057617,16.760000228881836,15.800000190734863,16.239999771118164,16.239999771118164,128300
2016-01-12,16.489999771118164,16.709999084472656,15.649999618530273,16.170000076293945,16.170000076293945,165900
2016-01-13,16.200000762939453,16.260000228881836,14.649999618530273,14.819999694824219,14.819999694824219,302000
2016-01-14,14.970000267028809,15.739999771118164,14.140000343322754,15.3100004196167,15.3100004196167,177600
2016-01-15,14.800000190734863,15.5,14.34000015258789,15.25,15.25,159300
2016-01-19,15.229999542236328,15.479999542236328,14.279999732971191,14.619999885559082,14.619999885559082,194400
2016-01-20,14.020000457763672,15.15999984741211,13.600000381469727,14.90999984741211,14.90999984741211,127700
2016-01-21,14.829999923706055,15.9399995803833,14.789999961853027,15.699999809265137,15.699999809265137,168800
2016-01-22,16.149999618530273,16.600000381469727,15.770000457763672,16.020000457763672,16.020000457763672,151700
2016-01-25,15.90999984741211,16.420000076293945,15.8100004196167,16.049999237060547,16.049999237060547,158700
2016-01-26,16.309999465942383,18.1200008392334,16.020000457763672,17.739999771118164,17.739999771118164,373900
2016-01-27,17.68000030517578,18.8700008392334,17.520000457763672,17.84000015258789,17.84000015258789,371500
2016-01-28,18.020000457763672,18.239999771118164,17.809999465942383,17.969999313354492,17.969999313354492,310500
2016-01-29,18.059999465942383,19.56999969482422,17.010000228881836,19.530000686645508,19.530000686645508,213300
2016-02-01,19.219999313354492,19.969999313354492,18.56999969482422,19.8700008392334,19.8700008392334,339200
2016-02-02,19.530000686645508,19.68000030517578,18.850000381469727,19.110000610351562,19.110000610351562,291000
2016-02-03,19.43000030517578,20.049999237060547,18.670000076293945,20.0,20.0,163900
2016-02-04,19.93000030517578,21.1299991607666,19.93000030517578,20.81999969482422,20.81999969482422,281700
2016-02-05,20.75,21.5,20.020000457763672,21.049999237060547,21.049999237060547,382100
2016-02-08,20.84000015258789,21.479999542236328,20.600000381469727,21.239999771118164,21.239999771118164,283400
2016-02-09,20.979999542236328,22.079999923706055,19.93000030517578,21.8700008392334,21.8700008392334,141000
2016-02-10,22.06999969482422,22.229999542236328,21.15999984741211,21.43000030517578,21.43000030517578,193500
2016-02-11,20.899999618530273,21.6200008392334,20.059999465942383,21.40999984741211,21.40999984741211,187400
2016-02-12,21.690000534057617,22.5,21.530000686645508,22.020000457763672,22.020000457763672,184100
2016-02-16,22.459999084472656,22.549999237060547,21.219999313354492,22.280000686645508,22.280000686645508,204200
2016-02-17,22.389999389648438,22.989999771118164,22.079999923706055,22.43000030517578,22.43000030517578,138200
2016-02-18,22.610000610351562,22.75,21.5,21.8799991607666,21.8799991607666,168000
2016-02-19,21.709999084472656,22.219999313354492,20.690000534057617,22.06999969482422,22.06999969482422,213300
2016-02-22,22.270000457763672,22.940000534057617,22.0,22.3700008392334,22.3700008392334,151400
2016-02-23,22.260000228881836,22.350000381469727,21.6299991607666,21.65999984741211,21.65999984741211,192000
2016-02-24,21.350000381469727,22.34000015258789,20.600000381469727,22.059999465942383,22.059999465942383,233100
2016-02-25,22.110000610351562,22.110000610351562,20.829999923706055,21.68000030517578,21.68000030517578,171900
2016-02-26,21.790000915527344,22.690000534057617,21.3799991607666,22.18000030517578,22.18000030517578,88500
2016-02-29,22.1200008392334,22.389999389648438,21.010000228881836,22.15999984741211,22.15999984741211,283700
2016-03-01,22.360000610351562,22.670000076293945,21.850000381469727,22.3700008392334,22.3700008392334,285100
2016-03-02,22.3799991607666,22.3799991607666,21.59000015258789,22.06999969482422,22.06999969482422,142400
2016-03-03,21.979999542236328,22.110000610351562,21.34000015258789,21.479999542236328,21.479999542236328,170400
2016-03-04,21.469999313354492,22.149999618530273,21.3799991607666,21.8700008392334,21.8700008392334,165200
2016-03-07,21.770000457763672,22.239999771118164,21.520000457763672,21.899999618530273,21.899999618530273,135200
2016-03-08,21.780000686645508,21.780000686645508,20.1200008392334,20.200000762939453,20.200000762939453,202800
2016-03-09,20.280000686645508,20.979999542236328,20.040000915527344,20.940000534057617,20.940000534057617,120600
2016-03-10,20.969999313354492,21.239999771118164,19.81999969482422,20.799999237060547,20.799999237060547,119700
2016-03-11,21.09000015258789,21.700000762939453,20.940000534057617,21.68000030517578,21.68000030517578,70900
2016-03-14,20.93000030517578,21.190000534057617,19.549999237060547,19.770000457763672,19.770000457763672,220300
2016-03-15,19.670000076293945,19.709999084472656,19.18000030517578,19.6299991607666,19.6299991607666,98800
2016-03-16,19.520000457763672,20.56999969482422,19.15999984741211,20.18000030517578,20.18000030517578,131200
2016-03-17,20.0,21.15999984741211,19.760000228881836,20.920000076293945,20.920000076293945,159900
2016-03-18,21.139999389648438,22.0,20.719999313354492,21.600000381469727,21.600000381469727,182700
2016-03-21,21.68000030517578,22.280000686645508,20.8799991607666,21.760000228881836,21.760000228881836,120500
2016-03-22,21.469999313354492,21.8700008392334,21.469999313354492,21.799999237060547,21.799999237060547,79500
2016-03-23,22.209999084472656,23.420000076293945,21.65999984741211,23.190000534057617,23.190000534057617,209000
2016-03-24,23.43000030517578,23.65999984741211,22.670000076293945,23.65999984741211,23.65999984741211,113300
2016-03-28,23.75,24.0,22.709999084472656,23.3799991607666,23.3799991607666,299300
2016-03-29,23.420000076293945,25.75,23.110000610351562,25.729999542236328,25.729999542236328,299100
2016-03-30,25.729999542236328,25.770000457763672,24.450000762939453,24.68000030517578,24.68000030517578,172300
2016-03-31,24.610000610351562,24.959999084472656,23.270000457763672,24.190000534057617,24.190000534057617,126500
2016-04-01,24.0,24.100000381469727,23.450000762939453,23.829999923706055,23.829999923706055,60300
2016-04-04,23.920000076293945,24.229999542236328,23.239999771118164,23.290000915527344,23.290000915527344,63700
2016-04-05,23.049999237060547,23.43000030517578,22.799999237060547,22.959999084472656,22.959999084472656,98400
2016-04-06,23.040000915527344,23.100000381469727,21.8700008392334,23.100000381469727,23.100000381469727,92600
2016-04-07,23.030000686645508,23.030000686645508,22.049999237060547,22.260000228881836,22.260000228881836,70800
2016-04-08,22.40999984741211,22.829999923706055,22.15999984741211,22.40999984741211,22.40999984741211,111800
2016-04-11,22.510000228881836,22.56999969482422,21.450000762939453,21.5,21.5,88300
2016-04-12,21.579999923706055,21.950000762939453,21.25,21.899999618530273,21.899999618530273,96600
2016-04-13,22.079999923706055,23.549999237060547,21.979999542236328,23.06999969482422,23.06999969482422,153300
2016-04-14,23.020000457763672,23.049999237060547,22.450000762939453,22.649999618530273,22.649999618530273,53700
2016-04-15,22.579999923706055,22.969999313354492,22.1299991607666,22.56999969482422,22.56999969482422,73100
2016-04-18,22.399999618530273,22.989999771118164,22.25,22.739999771118164,22.739999771118164,128200
2016-04-19,22.889999389648438,23.75,22.75,23.420000076293945,23.420000076293945,123300
2016-04-20,23.3799991607666,24.309999465942383,23.219999313354492,23.540000915527344,23.540000915527344,76100
2016-04-21,23.309999465942383,23.489999771118164,22.25,22.5,22.5,171200
2016-04-22,22.479999542236328,23.309999465942383,22.479999542236328,22.65999984741211,22.65999984741211,143600
2016-04-25,22.459999084472656,22.8700008392334,21.780000686645508,22.100000381469727,22.100000381469727,128600
2016-04-26,22.1200008392334,23.81999969482422,21.950000762939453,23.65999984741211,23.65999984741211,172700
2016-04-27,23.68000030517578,25.219999313354492,23.65999984741211,24.809999465942383,24.809999465942383,219600
2016-04-28,24.739999771118164,24.739999771118164,21.670000076293945,21.690000534057617,21.690000534057617,282700
2016-04-29,21.649999618530273,21.829999923706055,19.540000915527344,19.90999984741211,19.90999984741211,433600
2016-05-02,20.040000915527344,20.31999969482422,19.209999084472656,20.309999465942383,20.309999465942383,175100
2016-05-03,20.09000015258789,20.600000381469727,19.770000457763672,20.329999923706055,20.329999923706055,142600
2016-05-04,20.15999984741211,20.809999465942383,20.1200008392334,20.229999542236328,20.229999542236328,125800
2016-05-05,20.329999923706055,20.43000030517578,19.889999389648438,20.219999313354492,20.219999313354492,169200
2016-05-06,20.170000076293945,20.530000686645508,20.0,20.31999969482422,20.31999969482422,56600
2016-05-09,20.81999969482422,20.81999969482422,20.09000015258789,20.399999618530273,20.399999618530273,119100
2016-05-10,20.559999465942383,20.809999465942383,20.209999084472656,20.520000457763672,20.520000457763672,63300
2016-05-11,20.40999984741211,20.780000686645508,20.139999389648438,20.3799991607666,20.3799991607666,117900
2016-05-12,20.770000457763672,20.770000457763672,19.799999237060547,20.020000457763672,20.020000457763672,62300
2016-05-13,19.8799991607666,20.450000762939453,19.700000762939453,19.780000686645508,19.780000686645508,82900
2016-05-16,19.809999465942383,20.510000228881836,19.219999313354492,19.450000762939453,19.450000762939453,130800
2016-05-17,19.399999618530273,20.489999771118164,19.149999618530273,19.670000076293945,19.670000076293945,172000
2016-05-18,19.559999465942383,19.899999618530273,18.81999969482422,18.940000534057617,18.940000534057617,176100
2016-05-19,18.799999237060547,19.6299991607666,18.549999237060547,19.3700008392334,19.3700008392334,100100
2016-05-20,19.510000228881836,20.219999313354492,19.510000228881836,19.84000015258789,19.84000015258789,58900
2016-05-23,19.850000381469727,20.0,19.34000015258789,19.360000610351562,19.360000610351562,54900
2016-05-24,19.540000915527344,20.079999923706055,19.06999969482422,19.75,19.75,150000
2016-05-25,19.850000381469727,20.670000076293945,19.540000915527344,20.600000381469727,20.600000381469727,231000
2016-05-26,20.670000076293945,20.950000762939453,20.360000610351562,20.809999465942383,20.809999465942383,103200
2016-05-27,20.850000381469727,21.270000457763672,20.610000610351562,21.209999084472656,21.209999084472656,63800
2016-05-31,21.25,21.729999542236328,20.989999771118164,21.34000015258789,21.34000015258789,204900
2016-06-01,21.170000076293945,22.25,20.739999771118164,22.190000534057617,22.190000534057617,130600
2016-06-02,22.100000381469727,22.260000228881836,20.920000076293945,21.350000381469727,21.350000381469727,108500
2016-06-03,21.450000762939453,22.1299991607666,20.850000381469727,21.920000076293945,21.920000076293945,115700
2016-06-06,21.920000076293945,22.760000228881836,21.920000076293945,22.670000076293945,22.670000076293945,105900
2016-06-07,22.739999771118164,23.299999237060547,22.290000915527344,23.030000686645508,23.030000686645508,106100
2016-06-08,23.040000915527344,23.469999313354492,22.530000686645508,23.31999969482422,23.31999969482422,78400
2016-06-09,23.31999969482422,23.31999969482422,22.459999084472656,23.010000228881836,23.010000228881836,97000
2016-06-10,22.75,23.18000030517578,21.959999084472656,22.559999465942383,22.559999465942383,95900
2016-06-13,22.3700008392334,22.770000457763672,22.010000228881836,22.530000686645508,22.530000686645508,96600
2016-06-14,22.459999084472656,22.65999984741211,21.809999465942383,22.18000030517578,22.18000030517578,114700
2016-06-15,22.239999771118164,23.18000030517578,21.979999542236328,22.450000762939453,22.450000762939453,71600
2016-06-16,22.200000762939453,22.940000534057617,21.850000381469727,22.780000686645508,22.780000686645508,50100
2016-06-17,22.75,23.100000381469727,22.59000015258789,22.700000762939453,22.700000762939453,100400
2016-06-20,23.09000015258789,23.93000030517578,23.049999237060547,23.209999084472656,23.209999084472656,201600
2016-06-21,23.059999465942383,23.059999465942383,21.889999389648438,21.969999313354492,21.969999313354492,182400
2016-06-22,20.010000228881836,20.25,17.809999465942383,18.34000015258789,18.34000015258789,1105000
2016-06-23,18.520000457763672,19.09000015258789,18.170000076293945,18.360000610351562,18.360000610351562,249300
2016-06-24,17.5,18.459999084472656,17.5,18.010000228881836,18.010000228881836,518900
2016-06-27,17.81999969482422,18.0,16.809999465942383,16.81999969482422,16.81999969482422,175900
2016-06-28,17.030000686645508,17.1299991607666,16.309999465942383,16.690000534057617,16.690000534057617,290300
2016-06-29,17.010000228881836,17.899999618530273,16.65999984741211,17.799999237060547,17.799999237060547,179200
2016-06-30,17.889999389648438,18.299999237060547,17.149999618530273,18.06999969482422,18.06999969482422,157600
2016-07-01,18.06999969482422,18.68000030517578,18.049999237060547,18.360000610351562,18.360000610351562,114000
2016-07-05,18.290000915527344,18.34000015258789,17.5,17.84000015258789,17.84000015258789,79900
2016-07-06,17.729999542236328,18.100000381469727,16.5,18.040000915527344,18.040000915527344,62800
2016-07-07,18.010000228881836,18.25,17.690000534057617,18.040000915527344,18.040000915527344,129000
2016-07-08,18.18000030517578,19.260000228881836,18.06999969482422,19.15999984741211,19.15999984741211,140700
2016-07-11,19.200000762939453,19.719999313354492,19.079999923706055,19.56999969482422,19.56999969482422,180100
2016-07-12,19.739999771118164,20.309999465942383,19.25,19.81999969482422,19.81999969482422,271500
2016-07-13,20.0,20.829999923706055,19.459999084472656,20.760000228881836,20.760000228881836,232200
2016-07-14,20.950000762939453,21.219999313354492,20.68000030517578,20.860000610351562,20.860000610351562,167200
2016-07-15,20.989999771118164,21.229999542236328,20.489999771118164,21.18000030517578,21.18000030517578,145700
2016-07-18,21.040000915527344,21.040000915527344,20.6200008392334,20.829999923706055,20.829999923706055,51100
2016-07-19,20.719999313354492,20.90999984741211,20.0,20.18000030517578,20.18000030517578,83300
2016-07-20,20.239999771118164,20.84000015258789,19.81999969482422,20.030000686645508,20.030000686645508,139500
2016-07-21,19.899999618530273,20.329999923706055,19.709999084472656,19.829999923706055,19.829999923706055,83800
2016-07-22,19.799999237060547,21.739999771118164,19.719999313354492,21.110000610351562,21.110000610351562,267700
2016-07-25,21.040000915527344,21.079999923706055,20.25,20.290000915527344,20.290000915527344,92200
2016-07-26,20.260000228881836,20.739999771118164,20.1200008392334,20.489999771118164,20.489999771118164,65600
2016-07-27,20.530000686645508,20.780000686645508,20.190000534057617,20.350000381469727,20.350000381469727,80100
2016-07-28,20.440000534057617,21.5,19.799999237060547,21.459999084472656,21.459999084472656,183000
2016-07-29,21.25,22.709999084472656,20.889999389648438,22.530000686645508,22.530000686645508,174000
2016-08-01,22.450000762939453,22.719999313354492,21.989999771118164,22.5,22.5,113800
2016-08-02,22.579999923706055,22.829999923706055,22.190000534057617,22.219999313354492,22.219999313354492,127700
2016-08-03,22.0,22.3799991607666,22.0,22.309999465942383,22.309999465942383,82400
2016-08-04,22.389999389648438,22.610000610351562,22.030000686645508,22.209999084472656,22.209999084472656,73200
2016-08-05,22.3799991607666,23.389999389648438,22.34000015258789,23.15999984741211,23.15999984741211,69800
2016-08-08,23.110000610351562,23.510000228881836,22.899999618530273,23.040000915527344,23.040000915527344,62400
2016-08-09,23.010000228881836,23.299999237060547,22.6299991607666,22.729999542236328,22.729999542236328,37000
2016-08-10,22.649999618530273,22.75,22.010000228881836,22.459999084472656,22.459999084472656,60600
2016-08-11,22.459999084472656,22.799999237060547,22.350000381469727,22.540000915527344,22.540000915527344,37300
2016-08-12,22.43000030517578,22.43000030517578,21.93000030517578,21.959999084472656,21.959999084472656,104600
2016-08-15,21.899999618530273,22.18000030517578,20.100000381469727,20.219999313354492,20.219999313354492,259200
2016-08-16,20.200000762939453,20.450000762939453,19.149999618530273,19.68000030517578,19.68000030517578,358000
2016-08-17,19.709999084472656,20.31999969482422,19.440000534057617,19.93000030517578,19.93000030517578,140500
2016-08-18,19.969999313354492,20.219999313354492,19.520000457763672,19.829999923706055,19.829999923706055,88400
2016-08-19,19.719999313354492,20.459999084472656,19.700000762939453,20.270000457763672,20.270000457763672,148400
2016-08-22,20.270000457763672,20.290000915527344,19.780000686645508,19.90999984741211,19.90999984741211,118500
2016-08-23,20.110000610351562,20.31999969482422,19.90999984741211,20.1299991607666,20.1299991607666,78800
2016-08-24,19.959999084472656,20.350000381469727,19.799999237060547,19.90999984741211,19.90999984741211,144300
2016-08-25,19.760000228881836,19.81999969482422,18.8700008392334,18.940000534057617,18.940000534057617,108100
2016-08-26,18.989999771118164,19.34000015258789,17.770000457763672,18.899999618530273,18.899999618530273,146700
2016-08-29,18.940000534057617,19.1200008392334,18.700000762939453,18.889999389648438,18.889999389648438,56800
2016-08-30,18.899999618530273,19.489999771118164,18.770000457763672,19.309999465942383,19.309999465942383,92900
2016-08-31,19.170000076293945,19.84000015258789,18.90999984741211,19.280000686645508,19.280000686645508,58700
2016-09-01,19.260000228881836,19.770000457763672,18.979999542236328,19.760000228881836,19.760000228881836,68200
2016-09-02,19.729999542236328,20.149999618530273,19.260000228881836,19.920000076293945,19.920000076293945,83200
2016-09-06,20.1200008392334,20.149999618530273,19.469999313354492,19.56999969482422,19.56999969482422,71400
2016-09-07,19.459999084472656,19.84000015258789,19.459999084472656,19.760000228881836,19.760000228881836,56100
2016-09-08,19.8700008392334,20.06999969482422,19.649999618530273,20.040000915527344,20.040000915527344,54500
2016-09-09,19.889999389648438,19.889999389648438,18.920000076293945,18.920000076293945,18.920000076293945,54400
2016-09-12,18.81999969482422,19.1299991607666,18.579999923706055,19.079999923706055,19.079999923706055,97400
2016-09-13,18.790000915527344,18.809999465942383,18.290000915527344,18.600000381469727,18.600000381469727,89400
2016-09-14,18.489999771118164,18.8700008392334,18.3799991607666,18.739999771118164,18.739999771118164,85200
2016-09-15,18.729999542236328,19.3700008392334,18.729999542236328,19.34000015258789,19.34000015258789,69800
2016-09-16,19.389999389648438,19.729999542236328,19.149999618530273,19.40999984741211,19.40999984741211,137400
2016-09-19,19.530000686645508,20.110000610351562,19.110000610351562,19.959999084472656,19.959999084472656,157800
2016-09-20,20.049999237060547,20.049999237060547,19.260000228881836,19.420000076293945,19.420000076293945,62200
2016-09-21,19.56999969482422,19.8700008392334,19.229999542236328,19.600000381469727,19.600000381469727,64400
2016-09-22,19.709999084472656,20.0,19.360000610351562,19.8799991607666,19.8799991607666,117900
2016-09-23,19.68000030517578,19.920000076293945,18.850000381469727,19.690000534057617,19.690000534057617,140600
2016-09-26,19.440000534057617,19.440000534057617,18.15999984741211,19.06999969482422,19.06999969482422,102900
2016-09-27,18.920000076293945,19.149999618530273,18.579999923706055,18.700000762939453,18.700000762939453,84900
2016-09-28,18.68000030517578,19.389999389648438,18.559999465942383,19.3700008392334,19.3700008392334,68500
2016-09-29,19.309999465942383,19.93000030517578,19.309999465942383,19.450000762939453,19.450000762939453,114100
2016-09-30,19.829999923706055,19.829999923706055,19.100000381469727,19.329999923706055,19.329999923706055,151000
2016-10-03,19.190000534057617,19.31999969482422,18.670000076293945,19.100000381469727,19.100000381469727,152100
2016-10-04,19.34000015258789,19.530000686645508,18.459999084472656,18.59000015258789,18.59000015258789,99100
2016-10-05,18.649999618530273,18.920000076293945,18.469999313354492,18.65999984741211,18.65999984741211,142200
2016-10-06,18.649999618530273,19.299999237060547,18.389999389648438,18.549999237060547,18.549999237060547,164100
2016-10-07,18.530000686645508,18.56999969482422,18.030000686645508,18.059999465942383,18.059999465942383,99900
2016-10-10,18.299999237060547,18.43000030517578,17.829999923706055,18.1200008392334,18.1200008392334,268400
2016-10-11,18.100000381469727,18.260000228881836,17.90999984741211,18.0,18.0,141200
2016-10-12,18.1200008392334,18.18000030517578,17.639999389648438,17.729999542236328,17.729999542236328,125900
2016-10-13,15.300000190734863,16.739999771118164,14.260000228881836,14.850000381469727,14.850000381469727,1492600
2016-10-14,14.680000305175781,15.380000114440918,14.65999984741211,15.229999542236328,15.229999542236328,462700
2016-10-17,15.210000038146973,15.319999694824219,14.859999656677246,14.970000267028809,14.970000267028809,233800
2016-10-18,15.170000076293945,15.270000457763672,14.9399995803833,15.149999618530273,15.149999618530273,107100
2016-10-19,15.1899995803833,15.1899995803833,14.90999984741211,14.979999542236328,14.979999542236328,144200
2016-10-20,15.260000228881836,16.239999771118164,15.029999732971191,15.970000267028809,15.970000267028809,699800
2016-10-21,15.84000015258789,16.25,15.479999542236328,16.030000686645508,16.030000686645508,218900
2016-10-24,16.18000030517578,16.3799991607666,16.030000686645508,16.18000030517578,16.18000030517578,115300
2016-10-25,16.110000610351562,16.399999618530273,15.979999542236328,16.360000610351562,16.360000610351562,200700
2016-10-26,16.139999389648438,16.520000457763672,16.100000381469727,16.200000762939453,16.200000762939453,108000
2016-10-27,16.309999465942383,16.610000610351562,16.09000015258789,16.43000030517578,16.43000030517578,103000
2016-10-28,16.399999618530273,16.579999923706055,15.859999656677246,15.90999984741211,15.90999984741211,105100
2016-10-31,15.960000038146973,16.18000030517578,15.869999885559082,15.989999771118164,15.989999771118164,67100
2016-11-01,16.100000381469727,16.270000457763672,15.850000381469727,16.149999618530273,16.149999618530273,117800
2016-11-02,16.149999618530273,16.260000228881836,15.880000114440918,16.25,16.25,92700
2016-11-03,16.25,16.600000381469727,16.139999389648438,16.5,16.5,81800
2016-11-04,16.5,17.5,16.5,17.170000076293945,17.170000076293945,237100
2016-11-07,17.389999389648438,18.059999465942383,17.18000030517578,17.709999084472656,17.709999084472656,212200
2016-11-08,17.6299991607666,18.100000381469727,17.299999237060547,17.920000076293945,17.920000076293945,73600
2016-11-09,17.649999618530273,18.350000381469727,17.559999465942383,18.290000915527344,18.290000915527344,113400
2016-11-10,18.540000915527344,19.489999771118164,18.290000915527344,18.90999984741211,18.90999984741211,280500
2016-11-11,18.940000534057617,19.34000015258789,17.229999542236328,19.010000228881836,19.010000228881836,183500
2016-11-14,19.260000228881836,19.850000381469727,19.010000228881836,19.719999313354492,19.719999313354492,216600
2016-11-15,19.719999313354492,20.3799991607666,19.5,19.829999923706055,19.829999923706055,156400
2016-11-16,19.709999084472656,19.709999084472656,18.739999771118164,19.170000076293945,19.170000076293945,251700
2016-11-17,19.100000381469727,19.360000610351562,18.770000457763672,19.219999313354492,19.219999313354492,244800
2016-11-18,19.25,19.6299991607666,19.100000381469727,19.209999084472656,19.209999084472656,85800
2016-11-21,19.229999542236328,19.3700008392334,17.350000381469727,18.989999771118164,18.989999771118164,98100
2016-11-22,19.079999923706055,19.799999237060547,19.040000915527344,19.25,19.25,235100
2016-11-23,19.219999313354492,20.15999984741211,18.969999313354492,20.06999969482422,20.06999969482422,140400
2016-11-25,20.030000686645508,20.40999984741211,19.81999969482422,20.389999389648438,20.389999389648438,52100
2016-11-28,20.31999969482422,20.6200008392334,20.1299991607666,20.479999542236328,20.479999542236328,91900
2016-11-29,20.59000015258789,20.989999771118164,20.100000381469727,20.68000030517578,20.68000030517578,99200
2016-11-30,20.90999984741211,21.18000030517578,20.510000228881836,20.729999542236328,20.729999542236328,91900
2016-12-01,20.739999771118164,21.540000915527344,20.43000030517578,21.1299991607666,21.1299991607666,103000
2016-12-02,20.979999542236328,21.610000610351562,20.760000228881836,20.84000015258789,20.84000015258789,74300
2016-12-05,20.950000762939453,21.139999389648438,20.809999465942383,20.920000076293945,20.920000076293945,53100
2016-12-06,20.899999618530273,20.940000534057617,20.450000762939453,20.790000915527344,20.790000915527344,70600
2016-12-07,20.719999313354492,22.209999084472656,20.31999969482422,21.739999771118164,21.739999771118164,298400
2016-12-08,21.799999237060547,22.270000457763672,20.75,22.209999084472656,22.209999084472656,239600
2016-12-09,22.1200008392334,22.610000610351562,21.700000762939453,22.1200008392334,22.1200008392334,181300
2016-12-12,22.219999313354492,22.219999313354492,20.979999542236328,21.450000762939453,21.450000762939453,243800
2016-12-13,21.59000015258789,21.739999771118164,20.8700008392334,20.920000076293945,20.920000076293945,158100
2016-12-14,20.989999771118164,21.040000915527344,20.479999542236328,20.549999237060547,20.549999237060547,62100
2016-12-15,20.540000915527344,21.0,20.350000381469727,20.40999984741211,20.40999984741211,105900
2016-12-16,20.290000915527344,20.68000030517578,19.81999969482422,20.209999084472656,20.209999084472656,217800
2016-12-19,20.280000686645508,20.530000686645508,19.530000686645508,19.549999237060547,19.549999237060547,82000
2016-12-20,19.639999389648438,20.260000228881836,19.40999984741211,20.229999542236328,20.229999542236328,176600
2016-12-21,20.309999465942383,20.639999389648438,19.950000762939453,20.34000015258789,20.34000015258789,85000
2016-12-22,20.350000381469727,20.3700008392334,19.780000686645508,20.049999237060547,20.049999237060547,49700
2016-12-23,20.8700008392334,20.8700008392334,20.030000686645508,20.110000610351562,20.110000610351562,32700
2016-12-27,20.09000015258789,20.440000534057617,19.68000030517578,20.229999542236328,20.229999542236328,35500
2016-12-28,20.200000762939453,20.360000610351562,19.549999237060547,19.729999542236328,19.729999542236328,65600
2016-12-29,19.780000686645508,19.979999542236328,19.479999542236328,19.600000381469727,19.600000381469727,35500
2016-12-30,19.56999969482422,19.56999969482422,19.190000534057617,19.34000015258789,19.34000015258789,40000
2017-01-03,19.600000381469727,20.709999084472656,19.3799991607666,20.610000610351562,20.610000610351562,100700
2017-01-04,20.360000610351562,20.68000030517578,19.559999465942383,19.770000457763672,19.770000457763672,74600
2017-01-05,19.15999984741211,19.200000762939453,17.25,18.309999465942383,18.309999465942383,384000
2017-01-06,18.510000228881836,19.020000457763672,18.299999237060547,18.90999984741211,18.90999984741211,102400
2017-01-09,18.889999389648438,19.149999618530273,18.420000076293945,18.520000457763672,18.520000457763672,100300
2017-01-10,18.510000228881836,19.290000915527344,18.510000228881836,19.270000457763672,19.270000457763672,114200
2017-01-11,19.389999389648438,19.670000076293945,18.940000534057617,19.579999923706055,19.579999923706055,60400
2017-01-12,19.510000228881836,20.079999923706055,19.1200008392334,20.010000228881836,20.010000228881836,89500
2017-01-13,20.06999969482422,21.540000915527344,20.06999969482422,20.489999771118164,20.489999771118164,330000
2017-01-17,20.290000915527344,20.309999465942383,19.25,19.719999313354492,19.719999313354492,129300
2017-01-18,19.770000457763672,19.770000457763672,19.100000381469727,19.68000030517578,19.68000030517578,81100
2017-01-19,19.68000030517578,19.940000534057617,19.389999389648438,19.520000457763672,19.520000457763672,100600
2017-01-20,19.450000762939453,19.700000762939453,19.229999542236328,19.559999465942383,19.559999465942383,67900
2017-01-23,19.520000457763672,19.709999084472656,19.270000457763672,19.649999618530273,19.649999618530273,89200
2017-01-24,19.700000762939453,20.239999771118164,19.56999969482422,19.959999084472656,19.959999084472656,87800
2017-01-25,20.079999923706055,20.489999771118164,19.81999969482422,20.079999923706055,20.079999923706055,177300
2017-01-26,19.959999084472656,21.399999618530273,19.90999984741211,20.3799991607666,20.3799991607666,364100
2017-01-27,20.489999771118164,21.489999771118164,20.209999084472656,21.489999771118164,21.489999771118164,199500
2017-01-30,21.239999771118164,21.989999771118164,20.719999313354492,21.780000686645508,21.780000686645508,177100
2017-01-31,21.799999237060547,21.829999923706055,20.93000030517578,21.530000686645508,21.530000686645508,117900
2017-02-01,21.670000076293945,22.170000076293945,21.6200008392334,22.059999465942383,22.059999465942383,106500
2017-02-02,21.889999389648438,22.1200008392334,21.219999313354492,21.639999389648438,21.639999389648438,123000
2017-02-03,21.8700008392334,21.989999771118164,21.420000076293945,21.959999084472656,21.959999084472656,76600
2017-02-06,21.979999542236328,22.110000610351562,21.75,21.790000915527344,21.790000915527344,104500
2017-02-07,21.850000381469727,22.399999618530273,21.219999313354492,21.260000228881836,21.260000228881836,166300
2017-02-08,21.170000076293945,21.170000076293945,20.489999771118164,20.670000076293945,20.670000076293945,101100
2017-02-09,20.700000762939453,20.850000381469727,20.1299991607666,20.270000457763672,20.270000457763672,151900
2017-02-10,20.639999389648438,20.860000610351562,20.399999618530273,20.549999237060547,20.549999237060547,103200
2017-02-13,20.719999313354492,20.920000076293945,20.510000228881836,20.6299991607666,20.6299991607666,183900
2017-02-14,20.5,20.68000030517578,19.90999984741211,19.950000762939453,19.950000762939453,112000
2017-02-15,19.989999771118164,20.6200008392334,19.59000015258789,20.15999984741211,20.15999984741211,214100
2017-02-16,20.239999771118164,20.299999237060547,19.81999969482422,20.06999969482422,20.06999969482422,84900
2017-02-17,20.06999969482422,20.360000610351562,19.899999618530273,19.979999542236328,19.979999542236328,64800
2017-02-21,20.100000381469727,20.5,19.670000076293945,20.360000610351562,20.360000610351562,106800
2017-02-22,20.3700008392334,20.579999923706055,19.860000610351562,20.329999923706055,20.329999923706055,99900
2017-02-23,20.3799991607666,20.3799991607666,19.989999771118164,20.010000228881836,20.010000228881836,54700
2017-02-24,20.010000228881836,20.34000015258789,19.899999618530273,20.059999465942383,20.059999465942383,62600
2017-02-27,19.989999771118164,20.31999969482422,19.700000762939453,20.15999984741211,20.15999984741211,57200
2017-02-28,20.110000610351562,20.549999237060547,19.989999771118164,20.040000915527344,20.040000915527344,67900
2017-03-01,20.399999618530273,20.940000534057617,20.399999618530273,20.639999389648438,20.639999389648438,50200
2017-03-02,19.959999084472656,20.84000015258789,19.719999313354492,19.770000457763672,19.770000457763672,45300
2017-03-03,19.850000381469727,19.950000762939453,19.170000076293945,19.6200008392334,19.6200008392334,71100
2017-03-06,19.399999618530273,19.65999984741211,18.8700008392334,18.920000076293945,18.920000076293945,133600
2017-03-07,18.860000610351562,18.93000030517578,18.290000915527344,18.309999465942383,18.309999465942383,125300
2017-03-08,18.3799991607666,18.770000457763672,18.09000015258789,18.59000015258789,18.59000015258789,107200
2017-03-09,18.600000381469727,18.780000686645508,18.260000228881836,18.639999389648438,18.639999389648438,112900
2017-03-10,18.829999923706055,18.889999389648438,18.56999969482422,18.860000610351562,18.860000610351562,74100
2017-03-13,18.760000228881836,18.969999313354492,18.600000381469727,18.649999618530273,18.649999618530273,84900
2017-03-14,18.520000457763672,18.770000457763672,18.469999313354492,18.6299991607666,18.6299991607666,74500
2017-03-15,18.950000762939453,19.34000015258789,18.649999618530273,19.219999313354492,19.219999313354492,59400
2017-03-16,19.299999237060547,20.110000610351562,19.010000228881836,19.799999237060547,19.799999237060547,288900
2017-03-17,19.729999542236328,19.729999542236328,19.059999465942383,19.350000381469727,19.350000381469727,84200
2017-03-20,19.309999465942383,19.309999465942383,18.25,18.260000228881836,18.260000228881836,60000
2017-03-21,18.290000915527344,18.290000915527344,17.40999984741211,17.770000457763672,17.770000457763672,93800
2017-03-22,17.799999237060547,18.229999542236328,17.56999969482422,17.920000076293945,17.920000076293945,53100
2017-03-23,17.950000762939453,18.43000030517578,17.790000915527344,17.979999542236328,17.979999542236328,57400
2017-03-24,18.31999969482422,18.31999969482422,17.709999084472656,17.889999389648438,17.889999389648438,54300
2017-03-27,17.579999923706055,18.020000457763672,17.579999923706055,17.90999984741211,17.90999984741211,35600
2017-03-28,17.8700008392334,18.899999618530273,17.6200008392334,18.860000610351562,18.860000610351562,66900
2017-03-29,18.610000610351562,18.649999618530273,18.06999969482422,18.3799991607666,18.3799991607666,61000
2017-03-30,18.459999084472656,18.65999984741211,18.280000686645508,18.459999084472656,18.459999084472656,48000
2017-03-31,18.469999313354492,18.889999389648438,18.149999618530273,18.799999237060547,18.799999237060547,84000
2017-04-03,18.790000915527344,19.329999923706055,17.850000381469727,17.989999771118164,17.989999771118164,62900
2017-04-04,18.010000228881836,18.68000030517578,17.809999465942383,17.989999771118164,17.989999771118164,39200
2017-04-05,18.06999969482422,18.25,17.75,17.920000076293945,17.920000076293945,66200
2017-04-06,17.920000076293945,18.079999923706055,17.649999618530273,17.93000030517578,17.93000030517578,47000
2017-04-07,17.90999984741211,17.959999084472656,17.670000076293945,17.950000762939453,17.950000762939453,45800
2017-04-10,18.1299991607666,18.790000915527344,18.030000686645508,18.760000228881836,18.760000228881836,86200
2017-04-11,18.59000015258789,18.59000015258789,18.010000228881836,18.190000534057617,18.190000534057617,70200
2017-04-12,18.200000762939453,18.280000686645508,17.100000381469727,17.15999984741211,17.15999984741211,125600
2017-04-13,17.100000381469727,17.389999389648438,17.030000686645508,17.290000915527344,17.290000915527344,71600
2017-04-17,17.350000381469727,17.549999237060547,17.100000381469727,17.329999923706055,17.329999923706055,61200
2017-04-18,17.299999237060547,17.530000686645508,16.969999313354492,17.360000610351562,17.360000610351562,91200
2017-04-19,17.40999984741211,17.690000534057617,17.06999969482422,17.1299991607666,17.1299991607666,68800
2017-04-20,17.299999237060547,17.440000534057617,16.969999313354492,17.059999465942383,17.059999465942383,67900
2017-04-21,17.040000915527344,19.709999084472656,17.040000915527344,19.280000686645508,19.280000686645508,245600
2017-04-24,19.6299991607666,20.440000534057617,19.510000228881836,19.979999542236328,19.979999542236328,104000
2017-04-25,20.049999237060547,20.190000534057617,18.520000457763672,18.549999237060547,18.549999237060547,118200
2017-04-26,18.459999084472656,18.540000915527344,18.209999084472656,18.219999313354492,18.219999313354492,134100
2017-04-27,18.350000381469727,18.8799991607666,18.09000015258789,18.75,18.75,139600
2017-04-28,18.780000686645508,19.149999618530273,18.43000030517578,18.729999542236328,18.729999542236328,96300
2017-05-01,18.860000610351562,19.520000457763672,18.579999923706055,18.950000762939453,18.950000762939453,124800
2017-05-02,18.950000762939453,19.020000457763672,18.420000076293945,18.899999618530273,18.899999618530273,93600
2017-05-03,18.760000228881836,19.040000915527344,18.049999237060547,18.520000457763672,18.520000457763672,106100
2017-05-04,18.510000228881836,18.90999984741211,18.219999313354492,18.68000030517578,18.68000030517578,104300
2017-05-05,18.670000076293945,18.670000076293945,18.09000015258789,18.15999984741211,18.15999984741211,67900
2017-05-08,18.139999389648438,18.389999389648438,17.649999618530273,17.709999084472656,17.709999084472656,41000
2017-05-09,17.690000534057617,17.790000915527344,17.420000076293945,17.489999771118164,17.489999771118164,59400
2017-05-10,17.459999084472656,17.459999084472656,17.149999618530273,17.329999923706055,17.329999923706055,83600
2017-05-11,17.229999542236328,17.649999618530273,17.020000457763672,17.1200008392334,17.1200008392334,123600
2017-05-12,17.040000915527344,17.170000076293945,16.559999465942383,16.68000030517578,16.68000030517578,106600
2017-05-15,16.690000534057617,17.649999618530273,16.690000534057617,16.950000762939453,16.950000762939453,120800
2017-05-16,16.989999771118164,17.030000686645508,16.59000015258789,16.920000076293945,16.920000076293945,71000
2017-05-17,16.81999969482422,16.920000076293945,16.110000610351562,16.229999542236328,16.229999542236328,159800
2017-05-18,16.260000228881836,16.670000076293945,16.229999542236328,16.59000015258789,16.59000015258789,48700
2017-05-19,16.649999618530273,17.049999237060547,16.530000686645508,16.93000030517578,16.93000030517578,45300
2017-05-22,17.030000686645508,17.06999969482422,16.719999313354492,16.920000076293945,16.920000076293945,28600
2017-05-23,17.049999237060547,18.200000762939453,16.75,17.959999084472656,17.959999084472656,90400
2017-05-24,18.0,18.040000915527344,17.670000076293945,17.68000030517578,17.68000030517578,59500
2017-05-25,17.770000457763672,17.770000457763672,17.020000457763672,17.579999923706055,17.579999923706055,72800
2017-05-26,17.93000030517578,18.489999771118164,17.25,17.610000610351562,17.610000610351562,26500
2017-05-30,17.520000457763672,18.34000015258789,17.420000076293945,18.139999389648438,18.139999389648438,44900
2017-05-31,18.200000762939453,18.489999771118164,17.979999542236328,18.420000076293945,18.420000076293945,89200
2017-06-01,18.510000228881836,18.639999389648438,17.170000076293945,18.549999237060547,18.549999237060547,59900
2017-06-02,18.540000915527344,18.889999389648438,18.239999771118164,18.270000457763672,18.270000457763672,67900
2017-06-05,18.350000381469727,18.450000762939453,18.010000228881836,18.219999313354492,18.219999313354492,26100
2017-06-06,18.030000686645508,18.079999923706055,17.709999084472656,17.709999084472656,17.709999084472656,29600
2017-06-07,17.8700008392334,18.739999771118164,17.8700008392334,18.690000534057617,18.690000534057617,55700
2017-06-08,18.649999618530273,18.860000610351562,18.170000076293945,18.6200008392334,18.6200008392334,52700
2017-06-09,18.6200008392334,18.850000381469727,18.139999389648438,18.75,18.75,399400
2017-06-12,18.84000015258789,18.8799991607666,18.1299991607666,18.639999389648438,18.639999389648438,110300
2017-06-13,18.639999389648438,18.8700008392334,18.360000610351562,18.75,18.75,84900
2017-06-14,18.739999771118164,19.389999389648438,18.229999542236328,19.209999084472656,19.209999084472656,79700
2017-06-15,18.920000076293945,19.170000076293945,18.1200008392334,18.979999542236328,18.979999542236328,77000
2017-06-16,18.829999923706055,18.84000015258789,18.489999771118164,18.729999542236328,18.729999542236328,63000
2017-06-19,18.780000686645508,19.139999389648438,18.329999923706055,19.059999465942383,19.059999465942383,49200
2017-06-20,19.059999465942383,19.059999465942383,18.639999389648438,18.729999542236328,18.729999542236328,23600
2017-06-21,18.850000381469727,18.959999084472656,18.200000762939453,18.5,18.5,54700
2017-06-22,18.559999465942383,18.6299991607666,17.809999465942383,17.93000030517578,17.93000030517578,44300
2017-06-23,17.940000534057617,18.010000228881836,17.639999389648438,17.809999465942383,17.809999465942383,48100
2017-06-26,17.84000015258789,18.469999313354492,17.84000015258789,18.0,18.0,51400
2017-06-27,17.969999313354492,18.049999237060547,17.3799991607666,17.760000228881836,17.760000228881836,91900
2017-06-28,17.850000381469727,17.950000762939453,17.700000762939453,17.809999465942383,17.809999465942383,80000
2017-06-29,17.93000030517578,17.93000030517578,17.579999923706055,17.75,17.75,67100
2017-06-30,17.81999969482422,17.899999618530273,17.479999542236328,17.530000686645508,17.530000686645508,119200
2017-07-03,17.709999084472656,18.270000457763672,17.520000457763672,18.190000534057617,18.190000534057617,68300
2017-07-05,18.200000762939453,18.469999313354492,18.200000762939453,18.31999969482422,18.31999969482422,127500
2017-07-06,18.229999542236328,18.290000915527344,17.510000228881836,17.600000381469727,17.600000381469727,88000
2017-07-07,17.59000015258789,17.59000015258789,17.200000762939453,17.299999237060547,17.299999237060547,46400
2017-07-10,17.149999618530273,17.389999389648438,16.440000534057617,16.510000228881836,16.510000228881836,53200
2017-07-11,16.5,16.5,15.859999656677246,16.0,16.0,206400
2017-07-12,15.90999984741211,16.709999084472656,15.899999618530273,16.610000610351562,16.610000610351562,419100
2017-07-13,16.540000915527344,16.739999771118164,16.059999465942383,16.68000030517578,16.68000030517578,65100
2017-07-14,16.610000610351562,16.739999771118164,16.510000228881836,16.68000030517578,16.68000030517578,55600
2017-07-17,16.670000076293945,17.200000762939453,16.600000381469727,16.989999771118164,16.989999771118164,57300
2017-07-18,16.979999542236328,16.979999542236328,16.100000381469727,16.729999542236328,16.729999542236328,167200
2017-07-19,16.6299991607666,16.8799991607666,16.170000076293945,16.540000915527344,16.540000915527344,161800
2017-07-20,16.510000228881836,17.0,16.350000381469727,16.93000030517578,16.93000030517578,51300
2017-07-21,16.979999542236328,17.34000015258789,16.719999313354492,16.950000762939453,16.950000762939453,106000
2017-07-24,16.969999313354492,17.079999923706055,16.610000610351562,16.790000915527344,16.790000915527344,51600
2017-07-25,16.989999771118164,17.360000610351562,16.6299991607666,17.06999969482422,17.06999969482422,199900
2017-07-26,16.760000228881836,19.360000610351562,16.760000228881836,18.989999771118164,18.989999771118164,198100
2017-07-27,19.100000381469727,19.100000381469727,17.43000030517578,17.719999313354492,17.719999313354492,71900
2017-07-28,17.559999465942383,18.709999084472656,17.479999542236328,18.6200008392334,18.6200008392334,67300
2017-07-31,18.639999389648438,18.760000228881836,18.049999237060547,18.75,18.75,102900
2017-08-01,18.829999923706055,18.979999542236328,18.3700008392334,18.959999084472656,18.959999084472656,77200
2017-08-02,18.899999618530273,18.959999084472656,18.15999984741211,18.299999237060547,18.299999237060547,37200
2017-08-03,18.190000534057617,18.65999984741211,18.190000534057617,18.440000534057617,18.440000534057617,42500
2017-08-04,18.43000030517578,19.139999389648438,18.360000610351562,19.110000610351562,19.110000610351562,101600
2017-08-07,19.149999618530273,19.31999969482422,18.84000015258789,19.18000030517578,19.18000030517578,52400
2017-08-08,19.149999618530273,19.5,18.889999389648438,18.959999084472656,18.959999084472656,30000
2017-08-09,18.780000686645508,19.100000381469727,18.510000228881836,18.989999771118164,18.989999771118164,76400
2017-08-10,18.719999313354492,19.5,18.649999618530273,19.299999237060547,19.299999237060547,94000
2017-08-11,19.299999237060547,19.639999389648438,19.290000915527344,19.549999237060547,19.549999237060547,79300
2017-08-14,20.329999923706055,21.65999984741211,20.329999923706055,21.600000381469727,21.600000381469727,156400
2017-08-15,21.81999969482422,21.979999542236328,21.65999984741211,21.760000228881836,21.760000228881836,105600
2017-08-16,21.889999389648438,22.229999542236328,21.760000228881836,22.0,22.0,55300
2017-08-17,21.81999969482422,22.170000076293945,21.15999984741211,21.170000076293945,21.170000076293945,93800
2017-08-18,21.149999618530273,21.469999313354492,21.149999618530273,21.40999984741211,21.40999984741211,78800
2017-08-21,21.43000030517578,21.450000762939453,20.809999465942383,20.8799991607666,20.8799991607666,30000
2017-08-22,20.920000076293945,21.040000915527344,20.440000534057617,20.579999923706055,20.579999923706055,105400
2017-08-23,20.43000030517578,21.6200008392334,20.3700008392334,20.989999771118164,20.989999771118164,86000
2017-08-24,21.219999313354492,21.3799991607666,20.780000686645508,21.25,21.25,63400
2017-08-25,21.299999237060547,21.90999984741211,21.049999237060547,21.84000015258789,21.84000015258789,172800
2017-08-28,21.850000381469727,22.350000381469727,21.850000381469727,22.229999542236328,22.229999542236328,106000
2017-08-29,22.059999465942383,23.520000457763672,22.059999465942383,23.399999618530273,23.399999618530273,229100
2017-08-30,23.399999618530273,24.299999237060547,23.260000228881836,24.15999984741211,24.15999984741211,276500
2017-08-31,24.09000015258789,24.09000015258789,23.260000228881836,24.010000228881836,24.010000228881836,199000
2017-09-01,24.0,25.059999465942383,23.5,24.739999771118164,24.739999771118164,210000
2017-09-05,24.6299991607666,25.209999084472656,24.459999084472656,24.959999084472656,24.959999084472656,151000
2017-09-06,24.969999313354492,25.5,24.610000610351562,25.18000030517578,25.18000030517578,139700
2017-09-07,25.190000534057617,25.889999389648438,24.920000076293945,25.739999771118164,25.739999771118164,100100
2017-09-08,25.75,26.489999771118164,25.549999237060547,25.829999923706055,25.829999923706055,71000
2017-09-11,26.0,26.0,25.190000534057617,25.350000381469727,25.350000381469727,114900
2017-09-12,25.479999542236328,25.899999618530273,25.18000030517578,25.709999084472656,25.709999084472656,108000
2017-09-13,25.719999313354492,25.739999771118164,25.18000030517578,25.31999969482422,25.31999969482422,152100
2017-09-14,25.200000762939453,25.459999084472656,24.579999923706055,24.850000381469727,24.850000381469727,292400
2017-09-15,24.84000015258789,24.979999542236328,24.56999969482422,24.760000228881836,24.760000228881836,125200
2017-09-18,24.770000457763672,25.719999313354492,24.770000457763672,25.360000610351562,25.360000610351562,97200
2017-09-19,25.360000610351562,25.40999984741211,25.020000457763672,25.18000030517578,25.18000030517578,46500
2017-09-20,24.899999618530273,25.670000076293945,24.899999618530273,25.510000228881836,25.510000228881836,45800
2017-09-21,25.5,25.889999389648438,25.3799991607666,25.719999313354492,25.719999313354492,49600
2017-09-22,25.75,26.239999771118164,25.5,26.15999984741211,26.15999984741211,52900
2017-09-25,26.149999618530273,26.510000228881836,26.079999923706055,26.290000915527344,26.290000915527344,80600
2017-09-26,26.43000030517578,26.6299991607666,24.8799991607666,26.489999771118164,26.489999771118164,61100
2017-09-27,26.670000076293945,27.43000030517578,26.670000076293945,27.260000228881836,27.260000228881836,118400
2017-09-28,27.149999618530273,27.34000015258789,26.700000762939453,26.8799991607666,26.8799991607666,40700
2017-09-29,27.030000686645508,29.579999923706055,26.770000457763672,28.979999542236328,28.979999542236328,532900
2017-10-02,29.200000762939453,29.489999771118164,27.420000076293945,28.239999771118164,28.239999771118164,147800
2017-10-03,28.309999465942383,28.8700008392334,27.829999923706055,28.18000030517578,28.18000030517578,135600
2017-10-04,27.989999771118164,28.079999923706055,26.290000915527344,28.049999237060547,28.049999237060547,98700
2017-10-05,28.110000610351562,28.639999389648438,27.780000686645508,28.239999771118164,28.239999771118164,86700
2017-10-06,28.25,28.299999237060547,27.81999969482422,28.09000015258789,28.09000015258789,66100
2017-10-09,28.0,28.270000457763672,27.770000457763672,28.18000030517578,28.18000030517578,51500
2017-10-10,28.469999313354492,28.65999984741211,28.059999465942383,28.489999771118164,28.489999771118164,48300
2017-10-11,28.5,29.06999969482422,28.1200008392334,28.280000686645508,28.280000686645508,133900
2017-10-12,28.31999969482422,29.040000915527344,28.270000457763672,28.90999984741211,28.90999984741211,63700
2017-10-13,29.110000610351562,29.110000610351562,28.06999969482422,28.1299991607666,28.1299991607666,61000
2017-10-16,27.389999389648438,27.489999771118164,24.790000915527344,26.530000686645508,26.530000686645508,194200
2017-10-17,26.3700008392334,27.540000915527344,26.110000610351562,26.6299991607666,26.6299991607666,106000
2017-10-18,26.600000381469727,27.34000015258789,26.579999923706055,26.600000381469727,26.600000381469727,90500
2017-10-19,26.309999465942383,28.190000534057617,26.110000610351562,27.760000228881836,27.760000228881836,214900
2017-10-20,29.0,30.610000610351562,27.0,27.34000015258789,27.34000015258789,698300
2017-10-23,27.780000686645508,29.420000076293945,27.450000762939453,28.889999389648438,28.889999389648438,344000
2017-10-24,29.100000381469727,29.559999465942383,28.579999923706055,28.739999771118164,28.739999771118164,242200
2017-10-25,28.75,29.1299991607666,28.479999542236328,28.5,28.5,158400
2017-10-26,28.760000228881836,29.079999923706055,28.309999465942383,28.729999542236328,28.729999542236328,444600
2017-10-27,28.729999542236328,29.309999465942383,28.530000686645508,29.190000534057617,29.190000534057617,298000
2017-10-30,29.170000076293945,29.610000610351562,28.719999313354492,29.010000228881836,29.010000228881836,142200
2017-10-31,29.18000030517578,29.959999084472656,29.18000030517578,29.700000762939453,29.700000762939453,237300
2017-11-01,29.829999923706055,30.5,29.139999389648438,29.719999313354492,29.719999313354492,515700
2017-11-02,29.989999771118164,30.209999084472656,29.440000534057617,29.850000381469727,29.850000381469727,109800
2017-11-03,29.860000610351562,30.020000457763672,29.100000381469727,29.170000076293945,29.170000076293945,129300
2017-11-06,29.200000762939453,29.5,28.739999771118164,29.149999618530273,29.149999618530273,120400
2017-11-07,29.040000915527344,29.149999618530273,27.989999771118164,28.329999923706055,28.329999923706055,117300
2017-11-08,28.25,28.959999084472656,27.68000030517578,28.809999465942383,28.809999465942383,88500
2017-11-09,28.68000030517578,28.68000030517578,27.389999389648438,27.90999984741211,27.90999984741211,108300
2017-11-10,27.799999237060547,28.149999618530273,27.520000457763672,28.0,28.0,90500
2017-11-13,27.799999237060547,28.610000610351562,27.5,28.43000030517578,28.43000030517578,117900
2017-11-14,28.350000381469727,29.010000228881836,28.040000915527344,29.0,29.0,104800
2017-11-15,28.8799991607666,29.010000228881836,27.969999313354492,28.079999923706055,28.079999923706055,123000
2017-11-16,28.219999313354492,29.260000228881836,28.149999618530273,29.190000534057617,29.190000534057617,87800
2017-11-17,29.18000030517578,29.18000030517578,28.600000381469727,29.059999465942383,29.059999465942383,100100
2017-11-20,29.1200008392334,29.3799991607666,28.639999389648438,29.020000457763672,29.020000457763672,76000
2017-11-21,29.15999984741211,29.860000610351562,29.010000228881836,29.690000534057617,29.690000534057617,74600
2017-11-22,29.670000076293945,30.09000015258789,29.31999969482422,29.799999237060547,29.799999237060547,72900
2017-11-24,29.809999465942383,30.040000915527344,29.170000076293945,29.270000457763672,29.270000457763672,55200
2017-11-27,29.329999923706055,29.6200008392334,28.459999084472656,28.5,28.5,127100
2017-11-28,28.59000015258789,29.049999237060547,28.3700008392334,28.90999984741211,28.90999984741211,117400
2017-11-29,28.790000915527344,29.690000534057617,28.770000457763672,29.5,29.5,94500
2017-11-30,29.610000610351562,30.059999465942383,29.329999923706055,29.959999084472656,29.959999084472656,151200
2017-12-01,29.959999084472656,29.959999084472656,28.309999465942383,28.920000076293945,28.920000076293945,117700
2017-12-04,29.309999465942383,30.059999465942383,29.1200008392334,29.540000915527344,29.540000915527344,127500
2017-12-05,29.530000686645508,30.1299991607666,29.440000534057617,29.799999237060547,29.799999237060547,153100
2017-12-06,29.639999389648438,30.079999923706055,29.639999389648438,29.860000610351562,29.860000610351562,171300
2017-12-07,29.93000030517578,30.350000381469727,29.5,29.739999771118164,29.739999771118164,200600
2017-12-08,29.850000381469727,30.260000228881836,29.049999237060547,29.610000610351562,29.610000610351562,99700
2017-12-11,29.6200008392334,29.979999542236328,28.860000610351562,28.889999389648438,28.889999389648438,89300
2017-12-12,28.940000534057617,29.670000076293945,28.68000030517578,28.8700008392334,28.8700008392334,174600
2017-12-13,28.979999542236328,29.079999923706055,28.59000015258789,28.780000686645508,28.780000686645508,93600
2017-12-14,28.780000686645508,28.780000686645508,27.270000457763672,27.790000915527344,27.790000915527344,129500
2017-12-15,27.780000686645508,29.25,27.780000686645508,28.739999771118164,28.739999771118164,161800
2017-12-18,28.950000762939453,29.219999313354492,28.56999969482422,28.809999465942383,28.809999465942383,48900
2017-12-19,28.81999969482422,29.059999465942383,28.450000762939453,28.510000228881836,28.510000228881836,68800
2017-12-20,28.700000762939453,29.079999923706055,28.68000030517578,28.81999969482422,28.81999969482422,76600
2017-12-21,28.899999618530273,28.90999984741211,28.440000534057617,28.700000762939453,28.700000762939453,89000
2017-12-22,28.68000030517578,29.280000686645508,28.489999771118164,28.989999771118164,28.989999771118164,112100
2017-12-26,28.950000762939453,29.139999389648438,28.780000686645508,29.030000686645508,29.030000686645508,77100
2017-12-27,29.040000915527344,29.040000915527344,28.68000030517578,28.84000015258789,28.84000015258789,30900
2017-12-28,28.8799991607666,28.940000534057617,28.489999771118164,28.770000457763672,28.770000457763672,70300
2017-12-29,28.780000686645508,28.950000762939453,28.440000534057617,28.729999542236328,28.729999542236328,117200
2018-01-02,28.950000762939453,29.610000610351562,27.959999084472656,28.100000381469727,28.100000381469727,156700
2018-01-03,28.040000915527344,28.739999771118164,27.8700008392334,27.959999084472656,27.959999084472656,101900
2018-01-04,28.110000610351562,28.110000610351562,27.15999984741211,27.420000076293945,27.420000076293945,114300
2018-01-05,27.530000686645508,27.579999923706055,26.799999237060547,27.09000015258789,27.09000015258789,96400
2018-01-08,27.100000381469727,28.040000915527344,26.649999618530273,27.739999771118164,27.739999771118164,134000
2018-01-09,28.09000015258789,28.389999389648438,27.479999542236328,27.850000381469727,27.850000381469727,127600
2018-01-10,27.739999771118164,27.780000686645508,27.290000915527344,27.31999969482422,27.31999969482422,57000
2018-01-11,27.420000076293945,28.700000762939453,25.15999984741211,28.639999389648438,28.639999389648438,203000
2018-01-12,28.559999465942383,28.84000015258789,27.760000228881836,27.989999771118164,27.989999771118164,72700
2018-01-16,28.100000381469727,28.530000686645508,27.31999969482422,27.549999237060547,27.549999237060547,73600
2018-01-17,27.65999984741211,27.8799991607666,26.979999542236328,27.860000610351562,27.860000610351562,100900
2018-01-18,27.81999969482422,27.969999313354492,27.440000534057617,27.899999618530273,27.899999618530273,69000
2018-01-19,27.899999618530273,29.1200008392334,27.420000076293945,28.860000610351562,28.860000610351562,95600
2018-01-22,28.829999923706055,29.510000228881836,28.389999389648438,28.90999984741211,28.90999984741211,74200
2018-01-23,28.93000030517578,29.110000610351562,27.450000762939453,28.329999923706055,28.329999923706055,69500
2018-01-24,28.3799991607666,28.860000610351562,27.799999237060547,28.450000762939453,28.450000762939453,170400
2018-01-25,28.469999313354492,28.709999084472656,27.700000762939453,28.260000228881836,28.260000228881836,108800
2018-01-26,28.3700008392334,29.15999984741211,27.950000762939453,29.059999465942383,29.059999465942383,121300
2018-01-29,29.049999237060547,29.579999923706055,28.739999771118164,29.520000457763672,29.520000457763672,189100
2018-01-30,27.75,28.809999465942383,26.360000610351562,28.030000686645508,28.030000686645508,485300
2018-01-31,28.299999237060547,29.389999389648438,28.229999542236328,29.329999923706055,29.329999923706055,253200
2018-02-01,29.219999313354492,30.229999542236328,29.0,30.0,30.0,211700
2018-02-02,29.729999542236328,29.8700008392334,28.729999542236328,29.399999618530273,29.399999618530273,169700
2018-02-05,29.290000915527344,29.940000534057617,29.040000915527344,29.200000762939453,29.200000762939453,245100
2018-02-06,28.489999771118164,29.3799991607666,26.350000381469727,27.18000030517578,27.18000030517578,390100
2018-02-07,27.15999984741211,28.18000030517578,26.809999465942383,27.719999313354492,27.719999313354492,222100
2018-02-08,27.739999771118164,27.739999771118164,26.049999237060547,26.15999984741211,26.15999984741211,193600
2018-02-09,26.34000015258789,26.56999969482422,25.450000762939453,26.0,26.0,148200
2018-02-12,26.079999923706055,26.440000534057617,25.489999771118164,25.540000915527344,25.540000915527344,105000
2018-02-13,25.420000076293945,26.920000076293945,25.15999984741211,26.829999923706055,26.829999923706055,354700
2018-02-14,26.989999771118164,27.530000686645508,26.280000686645508,26.770000457763672,26.770000457763672,265400
2018-02-15,26.989999771118164,27.260000228881836,25.799999237060547,26.3700008392334,26.3700008392334,141900
2018-02-16,26.280000686645508,27.020000457763672,26.06999969482422,26.25,26.25,107900
2018-02-20,26.1200008392334,26.389999389648438,25.299999237060547,25.510000228881836,25.510000228881836,143100
2018-02-21,25.610000610351562,26.290000915527344,25.610000610351562,26.049999237060547,26.049999237060547,142000
2018-02-22,26.219999313354492,27.020000457763672,26.219999313354492,26.860000610351562,26.860000610351562,174600
2018-02-23,27.0,27.239999771118164,26.0,26.31999969482422,26.31999969482422,95200
2018-02-26,27.0,27.6299991607666,26.350000381469727,27.520000457763672,27.520000457763672,225500
2018-02-27,27.6299991607666,27.6299991607666,26.239999771118164,26.290000915527344,26.290000915527344,148000
2018-02-28,26.43000030517578,26.639999389648438,25.790000915527344,25.81999969482422,25.81999969482422,155500
2018-03-01,25.799999237060547,26.610000610351562,25.65999984741211,26.1200008392334,26.1200008392334,96100
2018-03-02,25.940000534057617,27.049999237060547,25.760000228881836,26.959999084472656,26.959999084472656,340800
2018-03-05,26.850000381469727,26.850000381469727,25.690000534057617,25.8700008392334,25.8700008392334,216300
2018-03-06,25.850000381469727,26.34000015258789,25.700000762939453,26.059999465942383,26.059999465942383,103600
2018-03-07,25.860000610351562,26.5,25.610000610351562,26.399999618530273,26.399999618530273,126600
2018-03-08,26.510000228881836,26.950000762939453,26.040000915527344,26.600000381469727,26.600000381469727,70700
2018-03-09,26.760000228881836,27.68000030517578,26.450000762939453,27.530000686645508,27.530000686645508,123200
2018-03-12,27.729999542236328,27.729999542236328,26.760000228881836,26.93000030517578,26.93000030517578,156100
2018-03-13,27.049999237060547,27.709999084472656,26.989999771118164,27.209999084472656,27.209999084472656,169000
2018-03-14,27.31999969482422,27.479999542236328,26.709999084472656,26.920000076293945,26.920000076293945,74500
2018-03-15,29.040000915527344,32.380001068115234,29.040000915527344,32.04999923706055,32.04999923706055,941100
2018-03-16,32.22999954223633,32.380001068115234,30.850000381469727,31.799999237060547,31.799999237060547,343700
2018-03-19,31.889999389648438,33.36000061035156,31.59000015258789,31.969999313354492,31.969999313354492,413200
2018-03-20,32.029998779296875,32.5,31.729999542236328,31.829999923706055,31.829999923706055,355600
2018-03-21,31.989999771118164,33.18000030517578,31.940000534057617,32.02000045776367,32.02000045776367,444800
2018-03-22,31.93000030517578,32.52000045776367,31.170000076293945,31.260000228881836,31.260000228881836,243300
2018-03-23,31.309999465942383,31.75,29.65999984741211,29.920000076293945,29.920000076293945,319700
2018-03-26,30.09000015258789,30.780000686645508,29.670000076293945,30.399999618530273,30.399999618530273,213100
2018-03-27,30.440000534057617,30.440000534057617,28.549999237060547,29.18000030517578,29.18000030517578,321300
2018-03-28,29.239999771118164,30.229999542236328,29.239999771118164,29.520000457763672,29.520000457763672,192200
2018-03-29,29.90999984741211,30.309999465942383,29.729999542236328,29.829999923706055,29.829999923706055,248000
2018-04-02,29.700000762939453,30.200000762939453,28.34000015258789,28.709999084472656,28.709999084472656,180100
2018-04-03,28.889999389648438,30.579999923706055,28.010000228881836,30.440000534057617,30.440000534057617,285900
2018-04-04,30.15999984741211,30.440000534057617,29.15999984741211,30.309999465942383,30.309999465942383,172900
2018-04-05,30.579999923706055,30.90999984741211,29.309999465942383,30.15999984741211,30.15999984741211,130400
2018-04-06,30.030000686645508,30.459999084472656,28.649999618530273,29.020000457763672,29.020000457763672,173900
2018-04-09,29.09000015258789,29.75,28.469999313354492,28.81999969482422,28.81999969482422,145500
2018-04-10,29.100000381469727,30.0,28.979999542236328,29.770000457763672,29.770000457763672,143200
2018-04-11,29.56999969482422,30.170000076293945,29.459999084472656,29.649999618530273,29.649999618530273,106300
2018-04-12,29.860000610351562,30.110000610351562,29.59000015258789,29.65999984741211,29.65999984741211,101200
2018-04-13,29.920000076293945,29.920000076293945,29.190000534057617,29.34000015258789,29.34000015258789,74400
2018-04-16,29.329999923706055,30.90999984741211,29.25,30.670000076293945,30.670000076293945,186300
2018-04-17,31.110000610351562,31.489999771118164,29.780000686645508,30.6299991607666,30.6299991607666,105500
2018-04-18,30.6299991607666,31.110000610351562,30.200000762939453,30.719999313354492,30.719999313354492,96800
2018-04-19,30.68000030517578,30.700000762939453,29.940000534057617,30.299999237060547,30.299999237060547,77200
2018-04-20,30.200000762939453,30.350000381469727,29.729999542236328,29.950000762939453,29.950000762939453,111000
2018-04-23,30.040000915527344,30.040000915527344,29.65999984741211,29.81999969482422,29.81999969482422,86400
2018-04-24,29.989999771118164,30.209999084472656,28.149999618530273,28.860000610351562,28.860000610351562,221800
2018-04-25,28.979999542236328,30.0,28.15999984741211,28.459999084472656,28.459999084472656,246700
2018-04-26,30.450000762939453,30.450000762939453,27.1299991607666,27.729999542236328,27.729999542236328,295700
2018-04-27,27.950000762939453,28.270000457763672,27.75,28.229999542236328,28.229999542236328,112200
2018-04-30,28.399999618530273,28.40999984741211,27.549999237060547,27.75,27.75,122800
2018-05-01,27.709999084472656,28.200000762939453,27.440000534057617,27.600000381469727,27.600000381469727,155900
2018-05-02,27.5,28.25,27.190000534057617,28.110000610351562,28.110000610351562,185800
2018-05-03,27.969999313354492,28.100000381469727,27.5,27.729999542236328,27.729999542236328,155400
2018-05-04,27.729999542236328,28.3700008392334,27.600000381469727,27.90999984741211,27.90999984741211,339500
2018-05-07,27.940000534057617,28.5,27.790000915527344,28.18000030517578,28.18000030517578,184400
2018-05-08,28.030000686645508,29.059999465942383,27.739999771118164,28.75,28.75,135700
2018-05-09,28.780000686645508,29.09000015258789,28.25,29.049999237060547,29.049999237060547,243700
2018-05-10,29.170000076293945,30.309999465942383,29.100000381469727,30.290000915527344,30.290000915527344,166000
2018-05-11,30.420000076293945,31.18000030517578,30.420000076293945,31.010000228881836,31.010000228881836,108600
2018-05-14,31.110000610351562,31.440000534057617,30.780000686645508,31.329999923706055,31.329999923706055,144500
2018-05-15,31.260000228881836,31.670000076293945,30.530000686645508,30.75,30.75,132200
2018-05-16,30.809999465942383,31.3799991607666,30.579999923706055,30.719999313354492,30.719999313354492,134200
2018-05-17,30.559999465942383,31.549999237060547,30.559999465942383,30.950000762939453,30.950000762939453,111900
2018-05-18,31.079999923706055,31.56999969482422,31.06999969482422,31.309999465942383,31.309999465942383,65700
2018-05-21,31.5,32.400001525878906,31.3700008392334,31.760000228881836,31.760000228881836,146900
2018-05-22,31.860000610351562,32.470001220703125,30.59000015258789,30.6200008392334,30.6200008392334,81000
2018-05-23,30.56999969482422,30.809999465942383,30.020000457763672,30.65999984741211,30.65999984741211,80000
2018-05-24,30.649999618530273,31.459999084472656,30.510000228881836,30.920000076293945,30.920000076293945,78700
2018-05-25,30.940000534057617,31.260000228881836,29.93000030517578,30.360000610351562,30.360000610351562,363100
2018-05-29,29.940000534057617,30.8799991607666,28.1299991607666,30.610000610351562,30.610000610351562,450500
2018-05-30,30.65999984741211,31.329999923706055,30.65999984741211,31.030000686645508,31.030000686645508,155500
2018-05-31,31.0,31.0,29.979999542236328,30.079999923706055,30.079999923706055,121300
2018-06-01,30.329999923706055,31.559999465942383,30.0,31.40999984741211,31.40999984741211,141500
2018-06-04,31.5,31.799999237060547,30.18000030517578,30.309999465942383,30.309999465942383,161900
2018-06-05,30.559999465942383,32.41999816894531,30.040000915527344,30.579999923706055,30.579999923706055,178300
2018-06-06,32.5,32.5,30.690000534057617,31.440000534057617,31.440000534057617,365800
2018-06-07,31.450000762939453,31.850000381469727,30.65999984741211,31.65999984741211,31.65999984741211,150100
2018-06-08,31.65999984741211,32.72999954223633,31.65999984741211,32.5,32.5,248500
2018-06-11,32.75,32.97999954223633,32.11000061035156,32.70000076293945,32.70000076293945,311000
2018-06-12,32.939998626708984,34.220001220703125,32.4900016784668,33.869998931884766,33.869998931884766,261700
2018-06-13,34.150001525878906,35.189998626708984,33.38999938964844,33.40999984741211,33.40999984741211,323800
2018-06-14,33.279998779296875,33.4900016784668,32.36000061035156,32.599998474121094,32.599998474121094,149400
2018-06-15,32.54999923706055,33.52000045776367,32.06999969482422,33.459999084472656,33.459999084472656,188200
2018-06-18,33.279998779296875,33.56999969482422,32.75,32.86000061035156,32.86000061035156,75000
2018-06-19,32.63999938964844,32.91999816894531,31.829999923706055,32.150001525878906,32.150001525878906,118400
2018-06-20,32.15999984741211,32.630001068115234,31.649999618530273,32.439998626708984,32.439998626708984,98800
2018-06-21,32.59000015258789,32.68000030517578,31.889999389648438,32.04999923706055,32.04999923706055,134900
2018-06-22,32.16999816894531,32.400001525878906,31.18000030517578,31.979999542236328,31.979999542236328,575300
2018-06-25,31.690000534057617,32.290000915527344,31.200000762939453,31.610000610351562,31.610000610351562,242400
2018-06-26,31.75,32.119998931884766,31.219999313354492,31.920000076293945,31.920000076293945,82400
2018-06-27,31.889999389648438,32.45000076293945,31.1299991607666,31.139999389648438,31.139999389648438,162500
2018-06-28,31.06999969482422,31.610000610351562,30.280000686645508,30.969999313354492,30.969999313354492,197800
2018-06-29,31.1200008392334,31.899999618530273,31.079999923706055,31.5,31.5,104000
2018-07-02,31.420000076293945,32.02000045776367,31.1299991607666,31.31999969482422,31.31999969482422,260300
2018-07-03,31.31999969482422,31.8799991607666,30.93000030517578,31.030000686645508,31.030000686645508,65900
2018-07-05,31.5,32.90999984741211,31.170000076293945,32.869998931884766,32.869998931884766,207800
2018-07-06,33.13999938964844,33.22999954223633,32.209999084472656,33.02000045776367,33.02000045776367,150700
2018-07-09,33.349998474121094,34.369998931884766,33.22999954223633,33.4900016784668,33.4900016784668,168500
2018-07-10,33.4900016784668,33.59000015258789,32.060001373291016,32.470001220703125,32.470001220703125,117700
2018-07-11,32.150001525878906,32.47999954223633,30.530000686645508,30.579999923706055,30.579999923706055,261000
2018-07-12,30.790000915527344,31.09000015258789,30.1299991607666,30.309999465942383,30.309999465942383,161300
2018-07-13,30.31999969482422,30.75,29.75,29.920000076293945,29.920000076293945,142600
2018-07-16,30.149999618530273,30.68000030517578,28.06999969482422,28.360000610351562,28.360000610351562,257000
2018-07-17,28.40999984741211,29.950000762939453,28.40999984741211,29.719999313354492,29.719999313354492,235800
2018-07-18,29.81999969482422,30.030000686645508,29.049999237060547,29.920000076293945,29.920000076293945,142300
2018-07-19,29.940000534057617,30.65999984741211,29.540000915527344,30.600000381469727,30.600000381469727,96000
2018-07-20,30.700000762939453,30.989999771118164,29.90999984741211,30.389999389648438,30.389999389648438,115600
2018-07-23,30.270000457763672,30.510000228881836,29.790000915527344,30.440000534057617,30.440000534057617,148400
2018-07-24,30.760000228881836,30.770000457763672,28.350000381469727,28.440000534057617,28.440000534057617,375000
2018-07-25,28.399999618530273,29.229999542236328,27.65999984741211,28.850000381469727,28.850000381469727,238800
2018-07-26,28.299999237060547,28.350000381469727,26.360000610351562,28.149999618530273,28.149999618530273,349200
2018-07-27,28.299999237060547,29.43000030517578,28.020000457763672,29.100000381469727,29.100000381469727,177200
2018-07-30,29.309999465942383,29.690000534057617,28.950000762939453,28.989999771118164,28.989999771118164,123500
2018-07-31,29.020000457763672,29.829999923706055,28.959999084472656,28.979999542236328,28.979999542236328,132400
2018-08-01,28.90999984741211,29.25,28.100000381469727,28.790000915527344,28.790000915527344,206400
2018-08-02,28.649999618530273,29.829999923706055,28.649999618530273,29.770000457763672,29.770000457763672,109200
2018-08-03,29.639999389648438,30.030000686645508,28.799999237060547,29.329999923706055,29.329999923706055,105300
2018-08-06,29.5,30.0,29.299999237060547,29.959999084472656,29.959999084472656,86100
2018-08-07,30.0,30.200000762939453,29.649999618530273,30.020000457763672,30.020000457763672,75500
2018-08-08,30.1299991607666,30.389999389648438,29.75,30.06999969482422,30.06999969482422,95100
2018-08-09,30.059999465942383,30.450000762939453,29.969999313354492,30.360000610351562,30.360000610351562,98800
2018-08-10,30.190000534057617,31.06999969482422,30.15999984741211,31.0,31.0,94800
2018-08-13,31.110000610351562,31.350000381469727,30.110000610351562,30.280000686645508,30.280000686645508,113900
2018-08-14,30.350000381469727,30.760000228881836,30.020000457763672,30.280000686645508,30.280000686645508,77300
2018-08-15,30.110000610351562,30.34000015258789,29.6200008392334,29.81999969482422,29.81999969482422,134800
2018-08-16,29.950000762939453,30.299999237060547,29.950000762939453,30.09000015258789,30.09000015258789,65200
2018-08-17,30.0,30.440000534057617,29.700000762939453,30.25,30.25,110300
2018-08-20,30.25,30.850000381469727,30.15999984741211,30.65999984741211,30.65999984741211,94000
2018-08-21,30.860000610351562,31.549999237060547,30.43000030517578,30.469999313354492,30.469999313354492,144700
2018-08-22,30.469999313354492,30.65999984741211,29.450000762939453,29.540000915527344,29.540000915527344,152500
2018-08-23,29.5,29.549999237060547,28.760000228881836,28.799999237060547,28.799999237060547,167200
2018-08-24,28.920000076293945,28.979999542236328,28.5,28.719999313354492,28.719999313354492,72300
2018-08-27,28.889999389648438,29.450000762939453,28.709999084472656,29.149999618530273,29.149999618530273,86700
2018-08-28,29.219999313354492,29.639999389648438,28.959999084472656,29.389999389648438,29.389999389648438,83800
2018-08-29,29.510000228881836,30.229999542236328,29.329999923706055,30.1299991607666,30.1299991607666,111900
2018-08-30,30.1200008392334,30.309999465942383,29.540000915527344,30.010000228881836,30.010000228881836,114600
2018-08-31,29.940000534057617,30.0,29.170000076293945,29.8700008392334,29.8700008392334,97000
2018-09-04,29.84000015258789,30.350000381469727,29.299999237060547,30.290000915527344,30.290000915527344,202400
2018-09-05,30.25,30.65999984741211,29.90999984741211,30.520000457763672,30.520000457763672,79800
2018-09-06,30.459999084472656,30.790000915527344,30.25,30.420000076293945,30.420000076293945,57700
2018-09-07,30.43000030517578,31.0,30.299999237060547,30.940000534057617,30.940000534057617,97900
2018-09-10,31.09000015258789,32.33000183105469,31.0,32.279998779296875,32.279998779296875,115500
2018-09-11,32.27000045776367,32.34000015258789,31.190000534057617,31.290000915527344,31.290000915527344,97800
2018-09-12,31.489999771118164,31.8799991607666,31.030000686645508,31.280000686645508,31.280000686645508,79500
2018-09-13,31.299999237060547,31.450000762939453,30.59000015258789,30.860000610351562,30.860000610351562,108200
2018-09-14,30.8700008392334,31.420000076293945,30.68000030517578,31.18000030517578,31.18000030517578,127700
2018-09-17,31.299999237060547,31.59000015258789,30.139999389648438,30.15999984741211,30.15999984741211,139900
2018-09-18,30.15999984741211,31.100000381469727,29.790000915527344,31.020000457763672,31.020000457763672,144800
2018-09-19,31.030000686645508,31.56999969482422,30.559999465942383,30.790000915527344,30.790000915527344,93600
2018-09-20,30.920000076293945,31.059999465942383,30.309999465942383,30.31999969482422,30.31999969482422,105400
2018-09-21,30.34000015258789,30.670000076293945,29.889999389648438,30.09000015258789,30.09000015258789,195200
2018-09-24,29.959999084472656,30.600000381469727,29.280000686645508,30.56999969482422,30.56999969482422,172700
2018-09-25,30.56999969482422,30.56999969482422,29.959999084472656,30.020000457763672,30.020000457763672,91600
2018-09-26,30.079999923706055,30.299999237060547,29.6200008392334,29.690000534057617,29.690000534057617,87400
2018-09-27,29.81999969482422,29.899999618530273,29.010000228881836,29.09000015258789,29.09000015258789,152300
2018-09-28,29.010000228881836,29.110000610351562,28.709999084472656,29.059999465942383,29.059999465942383,111300
2018-10-01,29.149999618530273,29.700000762939453,29.149999618530273,29.3700008392334,29.3700008392334,89900
2018-10-02,29.350000381469727,29.520000457763672,29.139999389648438,29.170000076293945,29.170000076293945,143200
2018-10-03,29.31999969482422,30.18000030517578,29.059999465942383,29.850000381469727,29.850000381469727,102400
2018-10-04,29.829999923706055,29.979999542236328,28.790000915527344,28.979999542236328,28.979999542236328,55400
2018-10-05,28.450000762939453,28.469999313354492,26.719999313354492,27.530000686645508,27.530000686645508,189600
2018-10-08,27.450000762939453,27.780000686645508,27.049999237060547,27.450000762939453,27.450000762939453,88100
2018-10-09,27.350000381469727,27.90999984741211,27.100000381469727,27.229999542236328,27.229999542236328,95500
2018-10-10,27.170000076293945,27.170000076293945,25.65999984741211,25.709999084472656,25.709999084472656,160300
2018-10-11,25.649999618530273,26.3799991607666,25.3700008392334,25.450000762939453,25.450000762939453,192700
2018-10-12,25.84000015258789,26.010000228881836,24.899999618530273,25.15999984741211,25.15999984741211,145100
2018-10-15,25.149999618530273,25.440000534057617,24.950000762939453,25.200000762939453,25.200000762939453,129600
2018-10-16,25.389999389648438,26.09000015258789,24.450000762939453,26.020000457763672,26.020000457763672,73600
2018-10-17,26.1299991607666,26.1299991607666,25.139999389648438,25.959999084472656,25.959999084472656,117600
2018-10-18,25.940000534057617,25.940000534057617,24.920000076293945,25.139999389648438,25.139999389648438,86700
2018-10-19,25.149999618530273,25.229999542236328,24.559999465942383,25.010000228881836,25.010000228881836,70800
2018-10-22,24.770000457763672,24.959999084472656,23.889999389648438,24.639999389648438,24.639999389648438,168700
2018-10-23,24.149999618530273,24.770000457763672,23.510000228881836,24.190000534057617,24.190000534057617,181900
2018-10-24,24.5,26.670000076293945,24.209999084472656,25.260000228881836,25.260000228881836,325100
2018-10-25,25.200000762939453,25.8700008392334,24.6200008392334,25.09000015258789,25.09000015258789,124400
2018-10-26,24.6200008392334,25.15999984741211,24.010000228881836,24.440000534057617,24.440000534057617,113300
2018-10-29,24.799999237060547,25.610000610351562,24.43000030517578,25.040000915527344,25.040000915527344,114300
2018-10-30,24.8799991607666,25.899999618530273,24.59000015258789,25.40999984741211,25.40999984741211,97600
2018-10-31,25.639999389648438,25.719999313354492,24.6299991607666,25.030000686645508,25.030000686645508,168100
2018-11-01,25.229999542236328,25.65999984741211,25.059999465942383,25.200000762939453,25.200000762939453,70000
2018-11-02,25.31999969482422,25.719999313354492,24.920000076293945,25.360000610351562,25.360000610351562,106600
2018-11-05,25.399999618530273,25.700000762939453,25.1200008392334,25.239999771118164,25.239999771118164,82300
2018-11-06,25.170000076293945,25.770000457763672,25.030000686645508,25.670000076293945,25.670000076293945,71900
2018-11-07,25.780000686645508,25.84000015258789,24.709999084472656,25.350000381469727,25.350000381469727,154200
2018-11-08,25.299999237060547,25.459999084472656,24.889999389648438,25.190000534057617,25.190000534057617,89300
2018-11-09,25.010000228881836,25.020000457763672,23.760000228881836,23.899999618530273,23.899999618530273,90500
2018-11-12,23.959999084472656,24.079999923706055,23.559999465942383,23.68000030517578,23.68000030517578,109500
2018-11-13,23.799999237060547,24.100000381469727,23.540000915527344,23.65999984741211,23.65999984741211,69200
2018-11-14,23.8700008392334,24.06999969482422,23.40999984741211,23.520000457763672,23.520000457763672,64900
2018-11-15,23.670000076293945,24.59000015258789,23.670000076293945,24.299999237060547,24.299999237060547,119800
2018-11-16,24.110000610351562,24.469999313354492,23.84000015258789,24.239999771118164,24.239999771118164,93300
2018-11-19,24.110000610351562,24.309999465942383,23.739999771118164,24.09000015258789,24.09000015258789,86800
2018-11-20,23.90999984741211,24.239999771118164,23.25,23.270000457763672,23.270000457763672,93100
2018-11-21,23.350000381469727,23.799999237060547,23.059999465942383,23.100000381469727,23.100000381469727,59100
2018-11-23,23.020000457763672,23.040000915527344,22.559999465942383,22.920000076293945,22.920000076293945,40000
2018-11-26,23.139999389648438,23.270000457763672,22.290000915527344,22.479999542236328,22.479999542236328,230800
2018-11-27,22.309999465942383,22.68000030517578,21.610000610351562,21.770000457763672,21.770000457763672,107800
2018-11-28,21.780000686645508,22.709999084472656,21.389999389648438,22.3799991607666,22.3799991607666,270100
2018-11-29,22.34000015258789,22.6200008392334,21.940000534057617,22.40999984741211,22.40999984741211,139300
2018-11-30,22.43000030517578,22.860000610351562,22.43000030517578,22.780000686645508,22.780000686645508,77500
2018-12-03,23.030000686645508,23.40999984741211,22.34000015258789,22.59000015258789,22.59000015258789,140800
2018-12-04,22.540000915527344,22.540000915527344,20.219999313354492,20.420000076293945,20.420000076293945,236200
2018-12-06,20.0,20.559999465942383,19.920000076293945,20.25,20.25,261700
2018-12-07,20.3700008392334,21.299999237060547,20.3700008392334,20.799999237060547,20.799999237060547,137100
2018-12-10,20.719999313354492,21.010000228881836,20.06999969482422,20.459999084472656,20.459999084472656,84700
2018-12-11,20.75,20.969999313354492,20.270000457763672,20.690000534057617,20.690000534057617,112300
2018-12-12,20.8799991607666,21.200000762939453,20.219999313354492,20.25,20.25,92200
2018-12-13,20.260000228881836,20.56999969482422,19.100000381469727,19.170000076293945,19.170000076293945,90500
2018-12-14,18.969999313354492,19.270000457763672,18.610000610351562,18.770000457763672,18.770000457763672,90500
2018-12-17,18.690000534057617,19.09000015258789,18.229999542236328,18.690000534057617,18.690000534057617,159700
2018-12-18,18.8700008392334,19.81999969482422,18.270000457763672,19.649999618530273,19.649999618530273,278000
2018-12-19,19.530000686645508,19.739999771118164,18.75,18.84000015258789,18.84000015258789,100200
2018-12-20,18.649999618530273,19.56999969482422,18.200000762939453,19.079999923706055,19.079999923706055,116200
2018-12-21,19.1299991607666,19.1299991607666,18.219999313354492,18.639999389648438,18.639999389648438,151200
2018-12-24,18.540000915527344,18.950000762939453,18.1299991607666,18.639999389648438,18.639999389648438,69500
2018-12-26,18.729999542236328,19.25,18.389999389648438,19.219999313354492,19.219999313354492,74800
2018-12-27,18.93000030517578,19.40999984741211,18.6299991607666,19.3799991607666,19.3799991607666,78400
2018-12-28,19.34000015258789,19.8799991607666,18.59000015258789,18.90999984741211,18.90999984741211,146600
2018-12-31,18.920000076293945,19.200000762939453,18.729999542236328,19.200000762939453,19.200000762939453,73500
2019-01-02,18.84000015258789,20.209999084472656,18.84000015258789,19.700000762939453,19.700000762939453,121300
2019-01-03,19.549999237060547,19.81999969482422,19.049999237060547,19.399999618530273,19.399999618530273,142600
2019-01-04,19.59000015258789,20.100000381469727,19.520000457763672,19.81999969482422,19.81999969482422,61700
2019-01-07,19.75,20.280000686645508,19.579999923706055,20.010000228881836,20.010000228881836,106400
2019-01-08,20.299999237060547,20.59000015258789,20.06999969482422,20.399999618530273,20.399999618530273,72400
2019-01-09,20.459999084472656,20.959999084472656,19.969999313354492,20.93000030517578,20.93000030517578,155000
2019-01-10,20.780000686645508,20.989999771118164,20.489999771118164,20.709999084472656,20.709999084472656,80300
2019-01-11,20.639999389648438,21.399999618530273,20.489999771118164,21.059999465942383,21.059999465942383,184100
2019-01-14,20.809999465942383,21.3700008392334,20.510000228881836,21.170000076293945,21.170000076293945,121000
2019-01-15,21.239999771118164,21.469999313354492,20.540000915527344,20.950000762939453,20.950000762939453,114900
2019-01-16,20.959999084472656,21.540000915527344,20.959999084472656,21.450000762939453,21.450000762939453,104500
2019-01-17,21.459999084472656,21.959999084472656,20.979999542236328,21.889999389648438,21.889999389648438,222600
2019-01-18,22.100000381469727,22.56999969482422,21.75,22.31999969482422,22.31999969482422,99700
2019-01-22,22.31999969482422,22.40999984741211,21.760000228881836,22.229999542236328,22.229999542236328,237200
2019-01-23,22.31999969482422,22.65999984741211,21.8700008392334,22.3799991607666,22.3799991607666,215100
2019-01-24,24.440000534057617,24.440000534057617,22.270000457763672,23.5,23.5,390000
2019-01-25,23.770000457763672,24.3799991607666,23.549999237060547,23.84000015258789,23.84000015258789,165100
2019-01-28,23.780000686645508,23.780000686645508,23.239999771118164,23.670000076293945,23.670000076293945,165500
2019-01-29,23.709999084472656,24.239999771118164,23.6200008392334,23.8700008392334,23.8700008392334,99700
2019-01-30,24.030000686645508,24.31999969482422,23.649999618530273,24.190000534057617,24.190000534057617,150700
2019-01-31,24.09000015258789,24.09000015258789,23.270000457763672,23.579999923706055,23.579999923706055,243100
2019-02-01,23.600000381469727,23.899999618530273,23.15999984741211,23.299999237060547,23.299999237060547,96300
2019-02-04,23.299999237060547,23.6299991607666,22.969999313354492,23.579999923706055,23.579999923706055,108400
2019-02-05,23.579999923706055,23.780000686645508,23.440000534057617,23.770000457763672,23.770000457763672,192900
2019-02-06,23.75,23.809999465942383,23.399999618530273,23.600000381469727,23.600000381469727,95100
2019-02-07,23.450000762939453,23.670000076293945,23.15999984741211,23.639999389648438,23.639999389648438,77800
2019-02-08,23.459999084472656,23.540000915527344,22.790000915527344,23.139999389648438,23.139999389648438,43200
2019-02-11,23.15999984741211,23.309999465942383,22.799999237060547,23.18000030517578,23.18000030517578,107200
2019-02-12,23.389999389648438,23.81999969482422,23.229999542236328,23.6299991607666,23.6299991607666,105300
2019-02-13,23.639999389648438,24.059999465942383,23.610000610351562,23.84000015258789,23.84000015258789,88700
2019-02-14,23.75,24.209999084472656,23.75,24.059999465942383,24.059999465942383,63100
2019-02-15,24.139999389648438,24.690000534057617,23.979999542236328,24.280000686645508,24.280000686645508,166800
2019-02-19,24.270000457763672,24.860000610351562,24.049999237060547,24.290000915527344,24.290000915527344,151700
2019-02-20,24.329999923706055,24.989999771118164,24.329999923706055,24.450000762939453,24.450000762939453,85300
2019-02-21,24.5,24.600000381469727,24.079999923706055,24.459999084472656,24.459999084472656,161900
2019-02-22,24.459999084472656,24.709999084472656,24.209999084472656,24.639999389648438,24.639999389648438,80800
2019-02-25,24.760000228881836,24.93000030517578,24.149999618530273,24.149999618530273,24.149999618530273,58400
2019-02-26,24.15999984741211,24.299999237060547,23.729999542236328,23.739999771118164,23.739999771118164,135100
2019-02-27,23.729999542236328,23.799999237060547,23.280000686645508,23.31999969482422,23.31999969482422,67300
2019-02-28,23.329999923706055,23.329999923706055,22.489999771118164,22.809999465942383,22.809999465942383,109600
2019-03-01,22.959999084472656,23.43000030517578,22.799999237060547,22.979999542236328,22.979999542236328,79600
2019-03-04,23.020000457763672,23.170000076293945,22.34000015258789,22.610000610351562,22.610000610351562,99900
2019-03-05,22.6200008392334,22.850000381469727,22.149999618530273,22.559999465942383,22.559999465942383,148900
2019-03-06,22.559999465942383,22.639999389648438,22.299999237060547,22.469999313354492,22.469999313354492,87000
2019-03-07,22.399999618530273,22.6200008392334,22.209999084472656,22.459999084472656,22.459999084472656,64600
2019-03-08,22.3700008392334,22.649999618530273,22.290000915527344,22.399999618530273,22.399999618530273,95000
2019-03-11,22.399999618530273,23.020000457763672,22.200000762939453,22.979999542236328,22.979999542236328,83800
2019-03-12,23.040000915527344,23.040000915527344,22.43000030517578,22.690000534057617,22.690000534057617,41900
2019-03-13,22.809999465942383,23.190000534057617,22.760000228881836,22.829999923706055,22.829999923706055,38900
2019-03-14,22.84000015258789,22.84000015258789,22.260000228881836,22.329999923706055,22.329999923706055,57000
2019-03-15,22.34000015258789,22.610000610351562,21.809999465942383,21.889999389648438,21.889999389648438,194100
2019-03-18,21.969999313354492,22.06999969482422,21.25,21.399999618530273,21.399999618530273,100500
2019-03-19,19.81999969482422,20.0,19.299999237060547,19.610000610351562,19.610000610351562,418900
2019-03-20,19.43000030517578,19.84000015258789,18.959999084472656,19.790000915527344,19.790000915527344,295600
2019-03-21,19.780000686645508,20.209999084472656,19.540000915527344,19.600000381469727,19.600000381469727,192800
2019-03-22,19.59000015258789,19.59000015258789,18.850000381469727,18.8799991607666,18.8799991607666,157200
2019-03-25,18.860000610351562,19.0,18.3799991607666,18.5,18.5,150800
2019-03-26,18.639999389648438,18.969999313354492,18.450000762939453,18.920000076293945,18.920000076293945,103900
2019-03-27,18.829999923706055,19.049999237060547,18.6299991607666,18.690000534057617,18.690000534057617,150600
2019-03-28,18.770000457763672,19.110000610351562,18.709999084472656,19.040000915527344,19.040000915527344,112700
2019-03-29,18.959999084472656,19.299999237060547,18.760000228881836,18.979999542236328,18.979999542236328,253300
2019-04-01,19.020000457763672,20.200000762939453,19.020000457763672,20.040000915527344,20.040000915527344,124700
2019-04-02,20.040000915527344,20.440000534057617,19.799999237060547,20.329999923706055,20.329999923706055,100000
2019-04-03,20.450000762939453,20.829999923706055,20.149999618530273,20.209999084472656,20.209999084472656,155400
2019-04-04,20.239999771118164,20.729999542236328,20.079999923706055,20.1200008392334,20.1200008392334,88500
2019-04-05,20.170000076293945,20.479999542236328,20.010000228881836,20.329999923706055,20.329999923706055,86400
2019-04-08,20.200000762939453,20.440000534057617,20.06999969482422,20.260000228881836,20.260000228881836,150900
2019-04-09,20.209999084472656,20.34000015258789,19.799999237060547,19.989999771118164,19.989999771118164,336500
2019-04-10,20.059999465942383,20.059999465942383,19.760000228881836,19.770000457763672,19.770000457763672,73100
2019-04-11,19.799999237060547,19.93000030517578,19.3799991607666,19.59000015258789,19.59000015258789,455800
2019-04-12,19.760000228881836,20.889999389648438,19.760000228881836,20.399999618530273,20.399999618530273,195900
2019-04-15,20.40999984741211,20.65999984741211,19.75,19.940000534057617,19.940000534057617,205800
2019-04-16,19.790000915527344,20.09000015258789,19.610000610351562,19.959999084472656,19.959999084472656,79400
2019-04-17,20.020000457763672,20.670000076293945,20.020000457763672,20.360000610351562,20.360000610351562,72300
2019-04-18,20.459999084472656,20.65999984741211,19.969999313354492,20.25,20.25,50000
2019-04-22,20.1200008392334,20.920000076293945,20.079999923706055,20.65999984741211,20.65999984741211,211300
2019-04-23,20.770000457763672,20.850000381469727,20.489999771118164,20.68000030517578,20.68000030517578,70100
2019-04-24,20.75,20.979999542236328,20.450000762939453,20.6200008392334,20.6200008392334,84300
2019-04-25,20.59000015258789,20.690000534057617,19.719999313354492,19.81999969482422,19.81999969482422,124000
2019-04-26,18.90999984741211,19.6299991607666,18.56999969482422,19.1299991607666,19.1299991607666,165000
2019-04-29,19.209999084472656,20.84000015258789,19.09000015258789,20.690000534057617,20.690000534057617,177100
2019-04-30,20.639999389648438,20.639999389648438,19.280000686645508,19.530000686645508,19.530000686645508,149100
2019-05-01,18.600000381469727,19.040000915527344,18.600000381469727,18.65999984741211,18.65999984741211,122800
2019-05-02,18.610000610351562,18.850000381469727,18.270000457763672,18.850000381469727,18.850000381469727,118000
2019-05-03,18.860000610351562,19.260000228881836,18.489999771118164,19.1200008392334,19.1200008392334,58500
2019-05-06,18.799999237060547,19.280000686645508,18.700000762939453,19.100000381469727,19.100000381469727,40700
2019-05-07,18.799999237060547,18.8799991607666,18.399999618530273,18.6299991607666,18.6299991607666,57200
2019-05-08,18.65999984741211,18.829999923706055,18.360000610351562,18.360000610351562,18.360000610351562,75500
2019-05-09,18.420000076293945,18.940000534057617,18.34000015258789,18.579999923706055,18.579999923706055,88700
2019-05-10,18.520000457763672,18.520000457763672,18.059999465942383,18.40999984741211,18.40999984741211,66900
2019-05-13,18.059999465942383,18.059999465942383,17.170000076293945,17.350000381469727,17.350000381469727,108900
2019-05-14,17.350000381469727,18.049999237060547,17.329999923706055,17.719999313354492,17.719999313354492,219800
2019-05-15,17.56999969482422,17.81999969482422,17.399999618530273,17.739999771118164,17.739999771118164,81300
2019-05-16,17.719999313354492,18.290000915527344,17.610000610351562,17.809999465942383,17.809999465942383,162500
2019-05-17,17.549999237060547,17.920000076293945,17.31999969482422,17.360000610351562,17.360000610351562,129400
2019-05-20,17.25,17.579999923706055,17.1200008392334,17.270000457763672,17.270000457763672,69600
2019-05-21,17.31999969482422,17.59000015258789,17.020000457763672,17.06999969482422,17.06999969482422,47000
2019-05-22,18.510000228881836,18.510000228881836,16.709999084472656,16.799999237060547,16.799999237060547,138700
2019-05-23,16.760000228881836,16.760000228881836,16.329999923706055,16.579999923706055,16.579999923706055,94000
2019-05-24,16.690000534057617,16.690000534057617,16.309999465942383,16.5,16.5,60400
2019-05-28,16.479999542236328,16.479999542236328,16.059999465942383,16.100000381469727,16.100000381469727,115600
2019-05-29,16.010000228881836,16.020000457763672,15.460000038146973,15.609999656677246,15.609999656677246,68800
2019-05-30,15.619999885559082,15.850000381469727,15.210000038146973,15.5600004196167,15.5600004196167,102300
2019-05-31,15.34000015258789,15.399999618530273,14.850000381469727,15.020000457763672,15.020000457763672,122700
2019-06-03,15.029999732971191,15.300000190734863,14.949999809265137,15.039999961853027,15.039999961853027,103400
2019-06-04,15.260000228881836,15.979999542236328,15.239999771118164,15.949999809265137,15.949999809265137,172000
2019-06-05,16.15999984741211,16.190000534057617,15.270000457763672,15.350000381469727,15.350000381469727,97400
2019-06-06,15.3100004196167,15.34000015258789,14.550000190734863,14.890000343322754,14.890000343322754,78500
2019-06-07,15.0,15.460000038146973,14.779999732971191,15.350000381469727,15.350000381469727,88100
2019-06-10,15.460000038146973,15.850000381469727,15.420000076293945,15.729999542236328,15.729999542236328,76200
2019-06-11,15.930000305175781,16.049999237060547,15.369999885559082,15.390000343322754,15.390000343322754,103300
2019-06-12,15.380000114440918,15.430000305175781,15.0600004196167,15.210000038146973,15.210000038146973,42100
2019-06-13,15.260000228881836,15.720000267028809,15.260000228881836,15.670000076293945,15.670000076293945,42400
2019-06-14,15.670000076293945,15.680000305175781,15.170000076293945,15.319999694824219,15.319999694824219,110200
2019-06-17,15.25,15.319999694824219,15.0,15.050000190734863,15.050000190734863,63300
2019-06-18,15.0600004196167,15.579999923706055,14.960000038146973,14.970000267028809,14.970000267028809,90900
2019-06-19,14.789999961853027,14.880000114440918,14.220000267028809,14.609999656677246,14.609999656677246,160000
2019-06-20,14.649999618530273,14.770000457763672,14.220000267028809,14.25,14.25,99500
2019-06-21,14.1899995803833,14.289999961853027,13.619999885559082,13.710000038146973,13.710000038146973,256900
2019-06-24,13.720000267028809,13.75,13.289999961853027,13.470000267028809,13.470000267028809,183500
2019-06-25,13.449999809265137,13.550000190734863,13.270000457763672,13.289999961853027,13.289999961853027,112600
2019-06-26,13.399999618530273,13.539999961853027,13.270000457763672,13.3100004196167,13.3100004196167,124900
2019-06-27,13.350000381469727,14.050000190734863,13.350000381469727,14.039999961853027,14.039999961853027,136500
2019-06-28,14.199999809265137,15.279999732971191,14.199999809265137,14.710000038146973,14.710000038146973,329300
2019-07-01,14.979999542236328,14.989999771118164,14.539999961853027,14.770000457763672,14.770000457763672,139400
2019-07-02,14.729999542236328,15.170000076293945,14.09000015258789,14.140000343322754,14.140000343322754,291500
2019-07-03,14.149999618530273,14.699999809265137,14.140000343322754,14.5,14.5,64900
2019-07-05,14.449999809265137,14.6899995803833,14.229999542236328,14.649999618530273,14.649999618530273,58500
2019-07-08,14.609999656677246,14.779999732971191,14.449999809265137,14.550000190734863,14.550000190734863,91600
2019-07-09,14.470000267028809,14.739999771118164,14.15999984741211,14.390000343322754,14.390000343322754,61700
2019-07-10,14.470000267028809,14.59000015258789,13.979999542236328,13.989999771118164,13.989999771118164,138800
2019-07-11,14.069999694824219,14.109999656677246,13.449999809265137,13.489999771118164,13.489999771118164,109600
2019-07-12,13.5,13.90999984741211,13.4399995803833,13.619999885559082,13.619999885559082,491800
2019-07-15,13.600000381469727,14.729999542236328,13.600000381469727,14.5600004196167,14.5600004196167,225000
2019-07-16,14.699999809265137,15.489999771118164,14.6899995803833,15.15999984741211,15.15999984741211,191700
2019-07-17,14.9399995803833,15.069999694824219,13.59000015258789,14.649999618530273,14.649999618530273,366500
2019-07-18,14.420000076293945,14.779999732971191,14.15999984741211,14.460000038146973,14.460000038146973,154200
2019-07-19,14.5,14.899999618530273,14.319999694824219,14.760000228881836,14.760000228881836,100300
2019-07-22,14.729999542236328,15.069999694824219,14.729999542236328,14.729999542236328,14.729999542236328,92000
2019-07-23,14.75,14.8100004196167,14.489999771118164,14.649999618530273,14.649999618530273,86400
2019-07-24,14.670000076293945,15.289999961853027,14.600000381469727,15.25,15.25,151100
2019-07-25,15.25,15.739999771118164,15.149999618530273,15.579999923706055,15.579999923706055,189800
2019-07-26,15.600000381469727,16.170000076293945,15.600000381469727,16.010000228881836,16.010000228881836,139400
2019-07-29,15.979999542236328,16.360000610351562,15.880000114440918,16.270000457763672,16.270000457763672,131500
2019-07-30,16.1200008392334,16.850000381469727,16.049999237060547,16.850000381469727,16.850000381469727,214400
2019-07-31,16.8700008392334,17.25,16.559999465942383,16.850000381469727,16.850000381469727,166400
2019-08-01,16.81999969482422,17.209999084472656,15.770000457763672,15.880000114440918,15.880000114440918,127700
2019-08-02,15.760000228881836,15.760000228881836,15.180000305175781,15.579999923706055,15.579999923706055,79000
2019-08-05,15.180000305175781,15.289999961853027,14.449999809265137,14.5600004196167,14.5600004196167,165600
2019-08-06,14.720000267028809,14.9399995803833,14.390000343322754,14.899999618530273,14.899999618530273,116900
2019-08-07,14.59000015258789,14.90999984741211,14.579999923706055,14.739999771118164,14.739999771118164,72400
2019-08-08,14.84000015258789,15.329999923706055,14.770000457763672,15.260000228881836,15.260000228881836,53300
2019-08-09,15.170000076293945,15.170000076293945,14.569999694824219,14.859999656677246,14.859999656677246,106000
2019-08-12,14.6899995803833,14.850000381469727,14.329999923706055,14.369999885559082,14.369999885559082,70800
2019-08-13,14.34000015258789,14.920000076293945,14.229999542236328,14.5,14.5,108700
2019-08-14,14.170000076293945,14.329999923706055,13.770000457763672,14.199999809265137,14.199999809265137,149400
2019-08-15,14.239999771118164,14.25,13.520000457763672,13.649999618530273,13.649999618530273,87200
2019-08-16,13.710000038146973,14.180000305175781,13.579999923706055,14.119999885559082,14.119999885559082,115900
2019-08-19,14.359999656677246,14.739999771118164,14.25,14.5600004196167,14.5600004196167,106400
2019-08-20,14.5,14.65999984741211,14.140000343322754,14.539999961853027,14.539999961853027,106400
2019-08-21,14.710000038146973,15.25,14.710000038146973,14.760000228881836,14.760000228881836,75600
2019-08-22,14.829999923706055,14.869999885559082,14.630000114440918,14.699999809265137,14.699999809265137,56500
2019-08-23,14.569999694824219,14.569999694824219,13.760000228881836,13.9399995803833,13.9399995803833,122700
2019-08-26,14.220000267028809,14.260000228881836,13.789999961853027,14.100000381469727,14.100000381469727,73600
2019-08-27,14.239999771118164,14.380000114440918,13.640000343322754,13.819999694824219,13.819999694824219,96700
2019-08-28,13.710000038146973,14.279999732971191,13.619999885559082,14.079999923706055,14.079999923706055,58700
2019-08-29,14.149999618530273,14.609999656677246,14.149999618530273,14.34000015258789,14.34000015258789,64500
2019-08-30,14.460000038146973,14.739999771118164,14.319999694824219,14.380000114440918,14.380000114440918,63000
2019-09-03,14.140000343322754,14.300000190734863,13.779999732971191,14.119999885559082,14.119999885559082,154600
2019-09-04,14.289999961853027,14.460000038146973,14.100000381469727,14.399999618530273,14.399999618530273,131700
2019-09-05,14.630000114440918,15.949999809265137,14.5,15.470000267028809,15.470000267028809,209400
2019-09-06,15.520000457763672,15.800000190734863,15.050000190734863,15.369999885559082,15.369999885559082,125500
2019-09-09,16.170000076293945,17.059999465942383,15.979999542236328,17.030000686645508,17.030000686645508,313200
2019-09-10,17.079999923706055,18.170000076293945,16.700000762939453,18.1200008392334,18.1200008392334,204500
2019-09-11,18.219999313354492,18.219999313354492,17.5,18.079999923706055,18.079999923706055,188600
2019-09-12,17.979999542236328,18.420000076293945,17.239999771118164,18.299999237060547,18.299999237060547,175800
2019-09-13,18.3700008392334,18.6200008392334,17.719999313354492,17.93000030517578,17.93000030517578,197500
2019-09-16,17.84000015258789,18.209999084472656,17.610000610351562,17.81999969482422,17.81999969482422,142300
2019-09-17,17.809999465942383,18.010000228881836,17.489999771118164,17.959999084472656,17.959999084472656,152200
2019-09-18,17.90999984741211,17.950000762939453,17.329999923706055,17.68000030517578,17.68000030517578,163500
2019-09-19,17.75,17.75,17.139999389648438,17.25,17.25,153500
2019-09-20,17.270000457763672,17.350000381469727,16.860000610351562,16.940000534057617,16.940000534057617,157000
2019-09-23,16.860000610351562,17.239999771118164,16.770000457763672,17.110000610351562,17.110000610351562,70700
2019-09-24,17.170000076293945,17.280000686645508,16.579999923706055,16.739999771118164,16.739999771118164,154700
2019-09-25,16.559999465942383,17.270000457763672,16.559999465942383,17.040000915527344,17.040000915527344,142200
2019-09-26,16.989999771118164,17.229999542236328,16.709999084472656,16.760000228881836,16.760000228881836,62700
2019-09-27,16.860000610351562,17.139999389648438,16.56999969482422,16.6299991607666,16.6299991607666,66300
2019-09-30,16.6299991607666,16.84000015258789,16.389999389648438,16.440000534057617,16.440000534057617,91600
2019-10-01,16.40999984741211,16.6200008392334,15.529999732971191,15.789999961853027,15.789999961853027,151200
2019-10-02,15.579999923706055,15.770000457763672,15.0,15.0600004196167,15.0600004196167,124500
2019-10-03,15.039999961853027,15.15999984741211,14.4399995803833,14.989999771118164,14.989999771118164,101900
2019-10-04,15.020000457763672,15.239999771118164,14.869999885559082,15.069999694824219,15.069999694824219,68700
2019-10-07,15.0600004196167,15.380000114440918,14.760000228881836,15.319999694824219,15.319999694824219,78300
2019-10-08,15.300000190734863,15.300000190734863,14.819999694824219,14.970000267028809,14.970000267028809,71100
2019-10-09,15.020000457763672,15.40999984741211,15.010000228881836,15.279999732971191,15.279999732971191,109800
2019-10-10,15.350000381469727,15.520000457763672,15.020000457763672,15.0600004196167,15.0600004196167,56200
2019-10-11,15.329999923706055,15.960000038146973,15.329999923706055,15.850000381469727,15.850000381469727,84100
2019-10-14,15.920000076293945,16.0,15.199999809265137,15.270000457763672,15.270000457763672,138200
2019-10-15,15.199999809265137,15.739999771118164,15.199999809265137,15.569999694824219,15.569999694824219,69700
2019-10-16,15.579999923706055,16.209999084472656,15.579999923706055,15.960000038146973,15.960000038146973,57400
2019-10-17,16.049999237060547,16.34000015258789,16.020000457763672,16.229999542236328,16.229999542236328,44500
2019-10-18,15.399999618530273,16.549999237060547,15.399999618530273,15.989999771118164,15.989999771118164,312800
2019-10-21,16.059999465942383,16.309999465942383,16.059999465942383,16.149999618530273,16.149999618530273,160900
2019-10-22,16.229999542236328,16.579999923706055,15.720000267028809,16.399999618530273,16.399999618530273,105900
2019-10-23,14.930000305175781,16.510000228881836,14.489999771118164,16.260000228881836,16.260000228881836,184100
2019-10-24,16.09000015258789,16.829999923706055,16.040000915527344,16.5,16.5,113300
2019-10-25,16.469999313354492,16.93000030517578,16.399999618530273,16.690000534057617,16.690000534057617,100000
2019-10-28,16.899999618530273,17.1200008392334,16.8700008392334,16.899999618530273,16.899999618530273,101200
2019-10-29,16.75,16.889999389648438,16.549999237060547,16.739999771118164,16.739999771118164,104800
2019-10-30,16.270000457763672,16.299999237060547,15.3100004196167,15.75,15.75,175100
2019-10-31,15.710000038146973,15.710000038146973,14.829999923706055,15.369999885559082,15.369999885559082,165500
2019-11-01,15.430000305175781,15.760000228881836,15.34000015258789,15.619999885559082,15.619999885559082,110000
2019-11-04,15.800000190734863,16.1200008392334,15.779999732971191,15.890000343322754,15.890000343322754,141000
2019-11-05,16.010000228881836,16.459999084472656,15.609999656677246,15.789999961853027,15.789999961853027,111000
2019-11-06,15.770000457763672,15.800000190734863,15.529999732971191,15.619999885559082,15.619999885559082,49100
2019-11-07,15.819999694824219,15.970000267028809,15.359999656677246,15.420000076293945,15.420000076293945,95400
2019-11-08,15.369999885559082,15.5,15.119999885559082,15.140000343322754,15.140000343322754,35100
2019-11-11,15.119999885559082,15.239999771118164,14.739999771118164,15.119999885559082,15.119999885559082,80800
2019-11-12,15.0600004196167,15.529999732971191,14.859999656677246,15.350000381469727,15.350000381469727,61200
2019-11-13,15.149999618530273,15.279999732971191,14.710000038146973,15.15999984741211,15.15999984741211,89300
2019-11-14,15.0600004196167,15.229999542236328,14.84000015258789,14.880000114440918,14.880000114440918,73800
2019-11-15,15.039999961853027,15.069999694824219,14.789999961853027,14.8100004196167,14.8100004196167,77500
2019-11-18,14.670000076293945,14.859999656677246,14.220000267028809,14.279999732971191,14.279999732971191,100800
2019-11-19,14.270000457763672,14.3100004196167,13.850000381469727,13.9399995803833,13.9399995803833,69000
2019-11-20,13.800000190734863,14.0,13.460000038146973,13.850000381469727,13.850000381469727,167200
2019-11-21,13.960000038146973,14.020000457763672,13.680000305175781,13.75,13.75,148400
2019-11-22,13.850000381469727,13.850000381469727,13.239999771118164,13.359999656677246,13.359999656677246,99700
2019-11-25,13.300000190734863,13.960000038146973,13.050000190734863,13.619999885559082,13.619999885559082,120800
2019-11-26,13.579999923706055,13.850000381469727,13.329999923706055,13.6899995803833,13.6899995803833,184400
2019-11-27,13.5600004196167,13.90999984741211,13.4399995803833,13.529999732971191,13.529999732971191,91000
2019-11-29,13.510000228881836,13.579999923706055,13.319999694824219,13.430000305175781,13.430000305175781,65000
2019-12-02,13.460000038146973,13.539999961853027,12.9399995803833,13.149999618530273,13.149999618530273,120100
2019-12-03,12.949999809265137,13.010000228881836,12.569999694824219,12.760000228881836,12.760000228881836,147500
2019-12-04,12.859999656677246,13.050000190734863,12.550000190734863,12.600000381469727,12.600000381469727,165000
2019-12-05,12.710000038146973,12.949999809265137,12.600000381469727,12.739999771118164,12.739999771118164,76600
2019-12-06,12.789999961853027,13.239999771118164,12.699999809265137,12.84000015258789,12.84000015258789,142700
2019-12-09,12.789999961853027,12.970000267028809,12.619999885559082,12.90999984741211,12.90999984741211,106700
2019-12-10,12.899999618530273,12.899999618530273,12.65999984741211,12.84000015258789,12.84000015258789,104500
2019-12-11,12.890000343322754,13.15999984741211,12.8100004196167,13.069999694824219,13.069999694824219,107000
2019-12-12,13.130000114440918,13.649999618530273,13.130000114440918,13.420000076293945,13.420000076293945,130900
2019-12-13,13.380000114440918,13.59000015258789,13.149999618530273,13.300000190734863,13.300000190734863,175300
2019-12-16,13.34000015258789,13.630000114440918,13.140000343322754,13.15999984741211,13.15999984741211,128400
2019-12-17,13.1899995803833,13.369999885559082,13.119999885559082,13.3100004196167,13.3100004196167,68500
2019-12-18,13.3100004196167,13.4399995803833,13.069999694824219,13.369999885559082,13.369999885559082,131800
2019-12-19,13.369999885559082,13.369999885559082,12.970000267028809,13.229999542236328,13.229999542236328,148200
2019-12-20,13.25,13.25,12.680000305175781,12.869999885559082,12.869999885559082,280300
2019-12-23,12.899999618530273,12.960000038146973,12.739999771118164,12.84000015258789,12.84000015258789,84200
2019-12-24,12.890000343322754,13.069999694824219,12.6899995803833,12.710000038146973,12.710000038146973,40600
2019-12-26,12.699999809265137,12.760000228881836,12.569999694824219,12.729999542236328,12.729999542236328,106800
2019-12-27,12.75,13.0,12.600000381469727,12.899999618530273,12.899999618530273,121600
2019-12-30,13.0,13.050000190734863,12.569999694824219,12.640000343322754,12.640000343322754,87100
2019-12-31,12.569999694824219,12.960000038146973,12.539999961853027,12.930000305175781,12.930000305175781,121600
2020-01-02,13.130000114440918,13.319999694824219,13.010000228881836,13.210000038146973,13.210000038146973,129600
2020-01-03,12.949999809265137,13.25,12.84000015258789,13.149999618530273,13.149999618530273,139900
2020-01-06,13.029999732971191,13.029999732971191,12.470000267028809,12.529999732971191,12.529999732971191,145500
2020-01-07,12.489999771118164,13.130000114440918,12.350000381469727,13.109999656677246,13.109999656677246,253100
2020-01-08,13.100000381469727,13.100000381469727,12.619999885559082,12.90999984741211,12.90999984741211,217400
2020-01-09,12.949999809265137,13.34000015258789,12.90999984741211,13.170000076293945,13.170000076293945,159000
2020-01-10,13.119999885559082,13.380000114440918,12.989999771118164,13.369999885559082,13.369999885559082,213400
2020-01-13,13.350000381469727,13.350000381469727,13.100000381469727,13.289999961853027,13.289999961853027,100800
2020-01-14,13.270000457763672,13.710000038146973,13.1899995803833,13.65999984741211,13.65999984741211,217000
2020-01-15,13.65999984741211,14.15999984741211,13.65999984741211,13.970000267028809,13.970000267028809,185100
2020-01-16,14.039999961853027,14.420000076293945,14.039999961853027,14.130000114440918,14.130000114440918,92800
2020-01-17,14.109999656677246,14.260000228881836,13.779999732971191,14.020000457763672,14.020000457763672,133400
2020-01-21,13.90999984741211,13.920000076293945,13.390000343322754,13.640000343322754,13.640000343322754,133700
2020-01-22,13.720000267028809,13.8100004196167,13.109999656677246,13.1899995803833,13.1899995803833,171800
2020-01-23,13.069999694824219,13.09000015258789,12.5600004196167,12.90999984741211,12.90999984741211,264900
2020-01-24,13.789999961853027,15.289999961853027,13.449999809265137,13.680000305175781,13.680000305175781,436500
2020-01-27,14.09000015258789,14.119999885559082,13.729999542236328,13.800000190734863,13.800000190734863,236100
2020-01-28,13.90999984741211,13.949999809265137,13.699999809265137,13.850000381469727,13.850000381469727,417900
2020-01-29,13.899999618530273,14.079999923706055,13.75,13.8100004196167,13.8100004196167,337500
2020-01-30,13.579999923706055,13.75,13.380000114440918,13.6899995803833,13.6899995803833,170800
2020-01-31,13.609999656677246,13.800000190734863,12.59000015258789,12.6899995803833,12.6899995803833,324900
2020-02-03,12.800000190734863,12.8100004196167,11.970000267028809,12.300000190734863,12.300000190734863,185000
2020-02-04,12.5,12.670000076293945,12.170000076293945,12.170000076293945,12.170000076293945,161000
2020-02-05,12.319999694824219,12.949999809265137,12.319999694824219,12.819999694824219,12.819999694824219,95200
2020-02-06,12.890000343322754,13.109999656677246,12.760000228881836,12.989999771118164,12.989999771118164,110100
2020-02-07,12.90999984741211,13.069999694824219,12.859999656677246,12.989999771118164,12.989999771118164,159900
2020-02-10,12.949999809265137,13.079999923706055,12.510000228881836,12.649999618530273,12.649999618530273,77600
2020-02-11,12.949999809265137,13.729999542236328,12.949999809265137,13.350000381469727,13.350000381469727,209000
2020-02-12,13.430000305175781,13.699999809265137,13.1899995803833,13.649999618530273,13.649999618530273,144600
2020-02-13,13.5,13.920000076293945,13.5,13.8100004196167,13.8100004196167,131200
2020-02-14,13.760000228881836,13.819999694824219,13.5,13.579999923706055,13.579999923706055,162200
2020-02-18,13.539999961853027,13.930000305175781,13.420000076293945,13.930000305175781,13.930000305175781,144700
2020-02-19,13.930000305175781,14.699999809265137,13.899999618530273,14.579999923706055,14.579999923706055,211400
2020-02-20,14.550000190734863,15.550000190734863,14.529999732971191,15.510000228881836,15.510000228881836,184900
2020-02-21,15.4399995803833,15.899999618530273,15.15999984741211,15.75,15.75,151300
2020-02-24,15.220000267028809,15.5,14.9399995803833,14.970000267028809,14.970000267028809,191200
2020-02-25,14.970000267028809,14.979999542236328,13.640000343322754,13.779999732971191,13.779999732971191,223300
2020-02-26,13.859999656677246,13.920000076293945,12.890000343322754,13.029999732971191,13.029999732971191,186200
2020-02-27,12.649999618530273,12.949999809265137,12.100000381469727,12.109999656677246,12.109999656677246,303600
2020-02-28,11.600000381469727,12.1899995803833,11.539999961853027,12.100000381469727,12.100000381469727,225700
2020-03-02,12.149999618530273,12.149999618530273,11.390000343322754,12.039999961853027,12.039999961853027,183900
2020-03-03,12.039999961853027,12.449999809265137,11.800000190734863,12.34000015258789,12.34000015258789,182100
2020-03-04,12.729999542236328,13.199999809265137,12.479999542236328,13.1899995803833,13.1899995803833,154600
2020-03-05,12.600000381469727,13.010000228881836,12.600000381469727,12.649999618530273,12.649999618530273,146000
2020-03-06,12.0600004196167,12.380000114440918,11.720000267028809,12.0,12.0,248400
2020-03-09,11.210000038146973,11.289999961853027,10.369999885559082,10.5,10.5,230900
2020-03-10,11.069999694824219,11.789999961853027,10.779999732971191,11.6899995803833,11.6899995803833,209200
2020-03-11,11.270000457763672,11.34000015258789,10.90999984741211,11.140000343322754,11.140000343322754,169200
2020-03-12,10.100000381469727,10.630000114440918,9.850000381469727,9.930000305175781,9.930000305175781,171900
2020-03-13,10.640000343322754,10.75,10.079999923706055,10.729999542236328,10.729999542236328,221400
2020-03-16,10.460000038146973,11.170000076293945,10.039999961853027,10.420000076293945,10.420000076293945,281200
2020-03-17,10.609999656677246,12.239999771118164,10.479999542236328,11.789999961853027,11.789999961853027,389900
2020-03-18,11.199999809265137,12.149999618530273,10.100000381469727,10.550000190734863,10.550000190734863,317500
2020-03-19,10.510000228881836,11.5600004196167,10.359999656677246,10.949999809265137,10.949999809265137,233300
2020-03-20,10.869999885559082,10.970000267028809,9.050000190734863,9.300000190734863,9.300000190734863,312300
2020-03-23,9.34000015258789,9.920000076293945,9.239999771118164,9.59000015258789,9.59000015258789,215800
2020-03-24,10.1899995803833,10.729999542236328,9.90999984741211,10.609999656677246,10.609999656677246,254000
2020-03-25,10.579999923706055,11.229999542236328,10.260000228881836,10.40999984741211,10.40999984741211,217500
2020-03-26,10.850000381469727,11.369999885559082,9.829999923706055,9.880000114440918,9.880000114440918,232200
2020-03-27,9.5,9.890000343322754,8.720000267028809,9.699999809265137,9.699999809265137,210700
2020-03-30,9.569999694824219,9.609999656677246,8.930000305175781,9.0,9.0,233700
2020-03-31,9.010000228881836,9.260000228881836,8.59000015258789,8.670000076293945,8.670000076293945,171800
2020-04-01,8.489999771118164,8.489999771118164,7.46999979019165,7.489999771118164,7.489999771118164,211700
2020-04-02,7.46999979019165,7.71999979019165,7.159999847412109,7.239999771118164,7.239999771118164,250500
2020-04-03,7.21999979019165,7.349999904632568,6.539999961853027,6.610000133514404,6.610000133514404,252100
2020-04-06,6.639999866485596,7.599999904632568,6.639999866485596,7.5,7.5,285300
2020-04-07,7.670000076293945,8.100000381469727,7.460000038146973,7.869999885559082,7.869999885559082,237800
2020-04-08,7.980000019073486,8.420000076293945,7.639999866485596,8.069999694824219,8.069999694824219,190000
2020-04-09,8.350000381469727,8.890000343322754,8.220000267028809,8.229999542236328,8.229999542236328,244500
2020-04-13,8.319999694824219,8.319999694824219,7.320000171661377,7.550000190734863,7.550000190734863,154500
2020-04-14,7.75,7.849999904632568,7.289999961853027,7.369999885559082,7.369999885559082,218300
2020-04-15,7.130000114440918,7.300000190734863,6.869999885559082,7.059999942779541,7.059999942779541,131900
2020-04-16,7.119999885559082,7.989999771118164,6.639999866485596,7.929999828338623,7.929999828338623,741400
2020-04-17,8.479999542236328,8.699999809265137,7.960000038146973,8.229999542236328,8.229999542236328,225800
2020-04-20,8.210000038146973,8.430000305175781,7.360000133514404,7.5,7.5,270000
2020-04-21,7.369999885559082,7.460000038146973,7.090000152587891,7.269999980926514,7.269999980926514,105500
2020-04-22,7.429999828338623,7.510000228881836,7.03000020980835,7.150000095367432,7.150000095367432,107600
2020-04-23,7.25,7.510000228881836,7.03000020980835,7.090000152587891,7.090000152587891,360000
2020-04-24,7.21999979019165,7.53000020980835,6.960000038146973,7.409999847412109,7.409999847412109,169800
2020-04-27,7.5,8.4399995803833,7.440000057220459,8.319999694824219,8.319999694824219,242000
2020-04-28,8.569999694824219,8.850000381469727,8.229999542236328,8.510000228881836,8.510000228881836,155000
2020-04-29,8.829999923706055,9.729999542236328,8.829999923706055,9.5,9.5,304700
2020-04-30,9.279999732971191,9.289999961853027,8.789999961853027,8.880000114440918,8.880000114440918,217900
2020-05-01,8.6899995803833,9.010000228881836,8.550000190734863,9.0,9.0,134200
2020-05-04,8.819999694824219,9.079999923706055,8.510000228881836,9.029999732971191,9.029999732971191,168800
2020-05-05,9.199999809265137,9.279999732971191,8.539999961853027,8.760000228881836,8.760000228881836,209200
2020-05-06,8.859999656677246,8.859999656677246,8.520000457763672,8.579999923706055,8.579999923706055,97100
2020-05-07,8.779999732971191,8.930000305175781,8.479999542236328,8.630000114440918,8.630000114440918,189500
2020-05-08,8.569999694824219,8.930000305175781,8.529999732971191,8.640000343322754,8.640000343322754,229600
2020-05-11,8.649999618530273,8.989999771118164,8.40999984741211,8.779999732971191,8.779999732971191,105200
2020-05-12,8.869999885559082,8.890000343322754,8.359999656677246,8.359999656677246,8.359999656677246,135400
2020-05-13,8.279999732971191,8.279999732971191,7.539999961853027,7.599999904632568,7.599999904632568,287900
2020-05-14,7.460000038146973,7.639999866485596,7.079999923706055,7.559999942779541,7.559999942779541,205300
2020-05-15,7.400000095367432,8.050000190734863,7.400000095367432,7.889999866485596,7.889999866485596,202800
2020-05-18,8.260000228881836,8.649999618530273,8.260000228881836,8.479999542236328,8.479999542236328,135600
2020-05-19,8.510000228881836,8.789999961853027,8.270000457763672,8.380000114440918,8.380000114440918,129400
2020-05-20,8.75,9.399999618530273,8.75,9.170000076293945,9.170000076293945,258800
2020-05-21,10.020000457763672,10.720000267028809,9.649999618530273,10.510000228881836,10.510000228881836,438300
2020-05-22,11.260000228881836,11.579999923706055,10.399999618530273,10.670000076293945,10.670000076293945,434400
2020-05-26,11.100000381469727,11.890000343322754,11.0600004196167,11.40999984741211,11.40999984741211,348100
2020-05-27,11.720000267028809,12.270000457763672,11.369999885559082,12.140000343322754,12.140000343322754,237000
2020-05-28,12.279999732971191,13.289999961853027,12.130000114440918,12.760000228881836,12.760000228881836,553000
2020-05-29,12.75,12.880000114440918,12.199999809265137,12.600000381469727,12.600000381469727,437100
2020-06-01,12.5600004196167,12.920000076293945,12.369999885559082,12.369999885559082,12.369999885559082,197000
2020-06-02,12.489999771118164,13.369999885559082,12.329999923706055,13.010000228881836,13.010000228881836,247900
2020-06-03,13.359999656677246,13.680000305175781,12.90999984741211,13.210000038146973,13.210000038146973,295900
2020-06-04,13.140000343322754,13.960000038146973,13.109999656677246,13.489999771118164,13.489999771118164,244400
2020-06-05,14.050000190734863,14.199999809265137,13.319999694824219,13.34000015258789,13.34000015258789,267800
2020-06-08,13.65999984741211,14.289999961853027,13.649999618530273,14.0600004196167,14.0600004196167,181200
2020-06-09,13.649999618530273,14.130000114440918,13.380000114440918,14.020000457763672,14.020000457763672,172000
2020-06-10,13.869999885559082,13.989999771118164,13.239999771118164,13.649999618530273,13.649999618530273,166800
2020-06-11,12.970000267028809,13.149999618530273,12.199999809265137,12.470000267028809,12.470000267028809,262000
2020-06-12,12.949999809265137,13.390000343322754,11.989999771118164,12.319999694824219,12.319999694824219,125500
2020-06-15,11.970000267028809,12.850000381469727,11.680000305175781,12.550000190734863,12.550000190734863,159900
2020-06-16,13.180000305175781,13.180000305175781,12.390000343322754,12.960000038146973,12.960000038146973,94500
2020-06-17,12.930000305175781,13.359999656677246,12.569999694824219,13.3100004196167,13.3100004196167,121100
2020-06-18,13.170000076293945,13.319999694824219,12.869999885559082,13.25,13.25,90100
2020-06-19,13.390000343322754,13.399999618530273,12.699999809265137,12.90999984741211,12.90999984741211,136400
2020-06-22,12.800000190734863,13.079999923706055,12.600000381469727,12.979999542236328,12.979999542236328,100700
2020-06-23,13.180000305175781,13.319999694824219,12.850000381469727,13.069999694824219,13.069999694824219,81300
2020-06-24,13.079999923706055,13.079999923706055,12.4399995803833,12.869999885559082,12.869999885559082,121300
2020-06-25,12.760000228881836,12.930000305175781,12.539999961853027,12.850000381469727,12.850000381469727,163300
2020-06-26,12.710000038146973,13.210000038146973,12.619999885559082,13.180000305175781,13.180000305175781,150600
2020-06-29,13.329999923706055,13.949999809265137,13.180000305175781,13.890000343322754,13.890000343322754,123300
2020-06-30,13.770000457763672,14.460000038146973,13.59000015258789,14.430000305175781,14.430000305175781,133600
2020-07-01,14.449999809265137,14.65999984741211,13.8100004196167,13.850000381469727,13.850000381469727,124400
2020-07-02,14.170000076293945,14.4399995803833,13.729999542236328,13.949999809265137,13.949999809265137,226700
2020-07-06,14.25,15.25,14.079999923706055,15.140000343322754,15.140000343322754,74500
2020-07-07,14.119999885559082,15.670000076293945,14.119999885559082,15.270000457763672,15.270000457763672,144800
2020-07-08,15.399999618530273,15.399999618530273,14.449999809265137,14.800000190734863,14.800000190734863,149000
2020-07-09,15.279999732971191,16.260000228881836,15.279999732971191,15.550000190734863,15.550000190734863,257500
2020-07-10,15.680000305175781,15.989999771118164,15.600000381469727,15.880000114440918,15.880000114440918,148800
2020-07-13,16.100000381469727,16.450000762939453,15.850000381469727,15.989999771118164,15.989999771118164,141400
2020-07-14,15.920000076293945,16.469999313354492,15.850000381469727,15.9399995803833,15.9399995803833,129900
2020-07-15,16.299999237060547,17.139999389648438,16.1299991607666,16.959999084472656,16.959999084472656,261000
2020-07-16,16.809999465942383,17.18000030517578,16.459999084472656,17.110000610351562,17.110000610351562,165300
2020-07-17,17.149999618530273,17.68000030517578,17.1200008392334,17.450000762939453,17.450000762939453,210200
2020-07-20,17.43000030517578,17.579999923706055,17.1200008392334,17.329999923706055,17.329999923706055,94100
2020-07-21,17.299999237060547,17.649999618530273,17.25,17.600000381469727,17.600000381469727,345500
2020-07-22,17.639999389648438,18.280000686645508,17.229999542236328,17.3700008392334,17.3700008392334,371800
2020-07-23,17.1200008392334,17.40999984741211,16.59000015258789,17.030000686645508,17.030000686645508,138800
2020-07-24,17.020000457763672,17.34000015258789,16.719999313354492,16.809999465942383,16.809999465942383,99400
2020-07-27,16.770000457763672,17.239999771118164,16.18000030517578,16.270000457763672,16.270000457763672,275900
2020-07-28,16.18000030517578,16.780000686645508,16.149999618530273,16.170000076293945,16.170000076293945,126300
2020-07-29,16.170000076293945,17.700000762939453,16.170000076293945,17.420000076293945,17.420000076293945,335100
2020-07-30,17.100000381469727,18.030000686645508,17.100000381469727,18.030000686645508,18.030000686645508,179300
2020-07-31,17.969999313354492,18.030000686645508,16.799999237060547,16.850000381469727,16.850000381469727,113200
2020-08-03,16.90999984741211,17.209999084472656,15.949999809265137,16.639999389648438,16.639999389648438,196000
2020-08-04,16.479999542236328,17.639999389648438,16.479999542236328,17.299999237060547,17.299999237060547,102700
2020-08-05,17.389999389648438,17.610000610351562,17.260000228881836,17.43000030517578,17.43000030517578,64600
2020-08-06,17.309999465942383,17.729999542236328,16.700000762939453,16.860000610351562,16.860000610351562,85900
2020-08-07,16.6200008392334,17.360000610351562,16.510000228881836,17.290000915527344,17.290000915527344,57300
2020-08-10,17.399999618530273,18.559999465942383,16.100000381469727,16.770000457763672,16.770000457763672,303400
2020-08-11,16.639999389648438,18.450000762939453,16.579999923706055,18.34000015258789,18.34000015258789,193700
2020-08-12,18.899999618530273,20.40999984741211,18.860000610351562,19.6299991607666,19.6299991607666,204100
2020-08-13,19.559999465942383,19.989999771118164,19.260000228881836,19.420000076293945,19.420000076293945,150100
2020-08-14,19.31999969482422,20.700000762939453,19.31999969482422,20.440000534057617,20.440000534057617,143700
2020-08-17,20.15999984741211,20.700000762939453,19.989999771118164,20.110000610351562,20.110000610351562,144000
2020-08-18,20.0,20.15999984741211,19.649999618530273,20.110000610351562,20.110000610351562,82000
2020-08-19,20.010000228881836,20.579999923706055,19.56999969482422,19.6200008392334,19.6200008392334,118800
2020-08-20,19.360000610351562,19.510000228881836,18.799999237060547,19.049999237060547,19.049999237060547,71900
2020-08-21,19.25,19.84000015258789,19.25,19.520000457763672,19.520000457763672,134100
2020-08-24,19.649999618530273,19.940000534057617,19.600000381469727,19.90999984741211,19.90999984741211,127000
2020-08-25,19.90999984741211,19.90999984741211,18.780000686645508,18.860000610351562,18.860000610351562,108100
2020-08-26,18.84000015258789,19.149999618530273,18.700000762939453,18.809999465942383,18.809999465942383,53400
2020-08-27,18.850000381469727,18.850000381469727,18.190000534057617,18.3799991607666,18.3799991607666,102200
2020-08-28,18.6200008392334,18.920000076293945,18.350000381469727,18.459999084472656,18.459999084472656,79400
2020-08-31,18.360000610351562,18.479999542236328,18.030000686645508,18.329999923706055,18.329999923706055,195800
2020-09-01,18.209999084472656,19.06999969482422,18.1299991607666,18.899999618530273,18.899999618530273,64200
2020-09-02,18.739999771118164,18.739999771118164,18.110000610351562,18.450000762939453,18.450000762939453,114800
2020-09-03,18.280000686645508,18.420000076293945,17.84000015258789,18.0,18.0,83600
2020-09-04,18.170000076293945,18.309999465942383,17.290000915527344,17.84000015258789,17.84000015258789,62200
2020-09-08,17.520000457763672,17.520000457763672,17.0,17.15999984741211,17.15999984741211,148000
2020-09-09,17.34000015258789,17.829999923706055,17.239999771118164,17.610000610351562,17.610000610351562,63400
2020-09-10,17.709999084472656,17.799999237060547,16.860000610351562,17.139999389648438,17.139999389648438,76900
2020-09-11,17.190000534057617,17.34000015258789,16.280000686645508,16.309999465942383,16.309999465942383,68800
2020-09-14,16.420000076293945,17.1299991607666,16.110000610351562,17.09000015258789,17.09000015258789,164400
2020-09-15,17.25,17.56999969482422,17.079999923706055,17.450000762939453,17.450000762939453,78200
2020-09-16,17.459999084472656,17.729999542236328,16.43000030517578,16.670000076293945,16.670000076293945,188500
2020-09-17,16.440000534057617,16.780000686645508,16.0,16.540000915527344,16.540000915527344,144600
2020-09-18,16.81999969482422,16.959999084472656,15.899999618530273,16.329999923706055,16.329999923706055,381100
2020-09-21,15.760000228881836,15.930000305175781,15.010000228881836,15.670000076293945,15.670000076293945,141400
2020-09-22,15.880000114440918,15.930000305175781,15.329999923706055,15.359999656677246,15.359999656677246,112000
2020-09-23,15.279999732971191,16.350000381469727,15.279999732971191,16.110000610351562,16.110000610351562,105500
2020-09-24,16.84000015258789,18.299999237060547,16.56999969482422,16.809999465942383,16.809999465942383,292300
2020-09-25,16.950000762939453,17.3799991607666,16.889999389648438,16.93000030517578,16.93000030517578,168200
2020-09-28,17.190000534057617,18.440000534057617,17.170000076293945,18.100000381469727,18.100000381469727,191400
2020-09-29,18.170000076293945,18.43000030517578,17.65999984741211,17.739999771118164,17.739999771118164,182900
2020-09-30,17.8700008392334,17.969999313354492,17.440000534057617,17.489999771118164,17.489999771118164,161000
2020-10-01,17.3700008392334,17.56999969482422,16.950000762939453,17.229999542236328,17.229999542236328,74600
2020-10-02,16.950000762939453,17.760000228881836,16.530000686645508,17.56999969482422,17.56999969482422,53400
2020-10-05,17.760000228881836,18.229999542236328,17.399999618530273,17.829999923706055,17.829999923706055,52900
2020-10-06,17.959999084472656,18.190000534057617,17.510000228881836,17.520000457763672,17.520000457763672,55100
2020-10-07,17.709999084472656,18.239999771118164,17.450000762939453,18.040000915527344,18.040000915527344,82900
2020-10-08,18.260000228881836,18.709999084472656,18.0,18.34000015258789,18.34000015258789,57600
2020-10-09,18.440000534057617,18.450000762939453,17.709999084472656,17.860000610351562,17.860000610351562,60200
2020-10-12,17.8700008392334,18.700000762939453,17.510000228881836,18.34000015258789,18.34000015258789,71900
2020-10-13,18.34000015258789,18.469999313354492,17.56999969482422,17.90999984741211,17.90999984741211,49200
2020-10-14,17.860000610351562,18.479999542236328,17.670000076293945,18.030000686645508,18.030000686645508,34700
2020-10-15,18.260000228881836,20.020000457763672,18.260000228881836,19.940000534057617,19.940000534057617,180900
2020-10-16,19.90999984741211,19.90999984741211,18.219999313354492,18.270000457763672,18.270000457763672,165100
2020-10-19,18.350000381469727,18.399999618530273,17.31999969482422,17.399999618530273,17.399999618530273,91600
2020-10-20,17.489999771118164,18.309999465942383,17.450000762939453,18.209999084472656,18.209999084472656,129300
2020-10-21,18.239999771118164,18.770000457763672,17.899999618530273,18.290000915527344,18.290000915527344,79100
2020-10-22,18.290000915527344,18.290000915527344,17.5,17.709999084472656,17.709999084472656,130800
2020-10-23,18.1299991607666,18.1299991607666,17.309999465942383,17.3700008392334,17.3700008392334,77700
2020-10-26,17.559999465942383,17.75,16.610000610351562,17.510000228881836,17.510000228881836,143500
2020-10-27,17.010000228881836,17.010000228881836,15.050000190734863,15.4399995803833,15.4399995803833,390400
2020-10-28,14.449999809265137,14.920000076293945,13.579999923706055,13.680000305175781,13.680000305175781,206000
2020-10-29,13.680000305175781,14.550000190734863,13.65999984741211,14.180000305175781,14.180000305175781,161700
2020-10-30,13.989999771118164,14.010000228881836,13.229999542236328,13.770000457763672,13.770000457763672,241500
2020-11-02,13.8100004196167,15.010000228881836,13.350000381469727,14.640000343322754,14.640000343322754,237200
2020-11-03,15.369999885559082,16.579999923706055,15.210000038146973,16.459999084472656,16.459999084472656,303300
2020-11-04,16.979999542236328,17.030000686645508,15.210000038146973,15.34000015258789,15.34000015258789,195000
2020-11-05,15.5,15.760000228881836,15.220000267028809,15.359999656677246,15.359999656677246,199600
2020-11-06,15.369999885559082,15.399999618530273,14.539999961853027,15.0,15.0,86400
2020-11-09,15.710000038146973,16.06999969482422,14.970000267028809,15.449999809265137,15.449999809265137,133600
2020-11-10,15.569999694824219,16.690000534057617,15.449999809265137,16.510000228881836,16.510000228881836,91100
2020-11-11,16.530000686645508,16.530000686645508,15.420000076293945,15.770000457763672,15.770000457763672,72900
2020-11-12,15.539999961853027,15.770000457763672,15.039999961853027,15.390000343322754,15.390000343322754,86900
2020-11-13,15.5600004196167,16.350000381469727,15.5600004196167,16.200000762939453,16.200000762939453,66200
2020-11-16,16.59000015258789,17.280000686645508,16.489999771118164,17.1200008392334,17.1200008392334,108600
2020-11-17,17.25,17.649999618530273,16.3799991607666,17.3799991607666,17.3799991607666,92400
2020-11-18,17.520000457763672,18.010000228881836,17.3700008392334,17.389999389648438,17.389999389648438,94600
2020-11-19,17.459999084472656,17.670000076293945,16.93000030517578,17.459999084472656,17.459999084472656,52900
2020-11-20,17.329999923706055,17.739999771118164,17.059999465942383,17.469999313354492,17.469999313354492,66100
2020-11-23,17.780000686645508,18.190000534057617,17.260000228881836,17.34000015258789,17.34000015258789,117700
2020-11-24,17.59000015258789,18.5,17.280000686645508,18.479999542236328,18.479999542236328,151000
2020-11-25,18.290000915527344,18.719999313354492,18.09000015258789,18.510000228881836,18.510000228881836,150500
2020-11-27,18.510000228881836,18.979999542236328,18.200000762939453,18.719999313354492,18.719999313354492,47200
2020-11-30,18.65999984741211,18.829999923706055,18.110000610351562,18.489999771118164,18.489999771118164,312000
2020-12-01,18.739999771118164,19.170000076293945,18.420000076293945,18.6200008392334,18.6200008392334,74500
2020-12-02,18.489999771118164,18.760000228881836,17.8700008392334,18.190000534057617,18.190000534057617,103300
2020-12-03,18.18000030517578,18.489999771118164,17.329999923706055,17.43000030517578,17.43000030517578,68600
2020-12-04,17.549999237060547,17.760000228881836,16.989999771118164,17.549999237060547,17.549999237060547,70700
2020-12-07,17.559999465942383,17.559999465942383,16.93000030517578,17.34000015258789,17.34000015258789,56000
2020-12-08,17.139999389648438,17.889999389648438,17.139999389648438,17.450000762939453,17.450000762939453,83600
2020-12-09,17.8700008392334,17.8700008392334,16.700000762939453,16.709999084472656,16.709999084472656,73100
2020-12-10,16.700000762939453,17.049999237060547,16.450000762939453,16.709999084472656,16.709999084472656,73800
2020-12-11,16.420000076293945,16.969999313354492,16.329999923706055,16.65999984741211,16.65999984741211,62700
2020-12-14,16.979999542236328,16.979999542236328,15.550000190734863,15.579999923706055,15.579999923706055,88200
2020-12-15,15.829999923706055,16.31999969482422,15.569999694824219,16.18000030517578,16.18000030517578,104900
2020-12-16,16.18000030517578,16.450000762939453,16.030000686645508,16.219999313354492,16.219999313354492,84900
2020-12-17,16.299999237060547,16.450000762939453,15.90999984741211,16.209999084472656,16.209999084472656,73500
2020-12-18,16.06999969482422,16.450000762939453,15.710000038146973,15.8100004196167,15.8100004196167,117600
2020-12-21,15.5600004196167,15.949999809265137,15.350000381469727,15.489999771118164,15.489999771118164,116400
2020-12-22,15.789999961853027,15.829999923706055,15.180000305175781,15.220000267028809,15.220000267028809,75900
2020-12-23,15.34000015258789,15.949999809265137,15.220000267028809,15.770000457763672,15.770000457763672,148400
2020-12-24,15.640000343322754,15.640000343322754,15.260000228881836,15.399999618530273,15.399999618530273,21400
2020-12-28,15.420000076293945,15.479999542236328,14.8100004196167,14.90999984741211,14.90999984741211,76300
2020-12-29,15.069999694824219,15.65999984741211,14.899999618530273,15.229999542236328,15.229999542236328,65900
2020-12-30,15.239999771118164,15.449999809265137,14.989999771118164,15.3100004196167,15.3100004196167,43600
2020-12-31,15.329999923706055,15.329999923706055,14.8100004196167,14.8100004196167,14.8100004196167,52100
2021-01-04,14.75,15.140000343322754,14.329999923706055,14.359999656677246,14.359999656677246,62600
2021-01-05,14.449999809265137,15.550000190734863,14.369999885559082,14.90999984741211,14.90999984741211,89800
2021-01-06,15.069999694824219,16.0,15.069999694824219,15.600000381469727,15.600000381469727,110100
2021-01-07,14.630000114440918,15.770000457763672,14.630000114440918,15.729999542236328,15.729999542236328,89600
2021-01-08,15.75,16.040000915527344,15.5600004196167,15.770000457763672,15.770000457763672,97400
2021-01-11,15.710000038146973,15.75,15.399999618530273,15.649999618530273,15.649999618530273,45300
2021-01-12,15.680000305175781,16.170000076293945,15.5,16.1299991607666,16.1299991607666,48100
2021-01-13,16.100000381469727,16.100000381469727,15.300000190734863,15.550000190734863,15.550000190734863,36000
2021-01-14,15.630000114440918,16.489999771118164,15.579999923706055,15.960000038146973,15.960000038146973,60000
2021-01-15,15.819999694824219,16.020000457763672,15.399999618530273,15.789999961853027,15.789999961853027,36300
2021-01-19,15.890000343322754,16.15999984741211,15.510000228881836,15.699999809265137,15.699999809265137,48500
2021-01-20,15.600000381469727,16.309999465942383,15.34000015258789,15.850000381469727,15.850000381469727,46100
2021-01-21,15.869999885559082,17.280000686645508,15.59000015258789,16.309999465942383,16.309999465942383,129000
2021-01-22,16.229999542236328,16.229999542236328,15.529999732971191,16.0,16.0,113400
2021-01-25,16.600000381469727,16.770000457763672,15.449999809265137,15.970000267028809,15.970000267028809,255000
2021-01-26,14.399999618530273,15.779999732971191,14.09000015258789,14.869999885559082,14.869999885559082,236700
2021-01-27,15.0,16.040000915527344,14.8100004196167,15.6899995803833,15.6899995803833,245600
2021-01-28,15.739999771118164,15.739999771118164,14.949999809265137,15.100000381469727,15.100000381469727,177200
2021-01-29,15.140000343322754,15.850000381469727,14.8100004196167,15.09000015258789,15.09000015258789,210500
2021-02-01,15.149999618530273,15.800000190734863,14.989999771118164,15.600000381469727,15.600000381469727,158800
2021-02-02,15.819999694824219,16.43000030517578,15.710000038146973,16.100000381469727,16.100000381469727,175200
2021-02-03,16.049999237060547,16.43000030517578,15.890000343322754,15.970000267028809,15.970000267028809,82500
2021-02-04,16.209999084472656,16.739999771118164,16.020000457763672,16.389999389648438,16.389999389648438,86700
2021-02-05,16.530000686645508,16.969999313354492,16.420000076293945,16.719999313354492,16.719999313354492,113200
2021-02-08,16.860000610351562,17.3799991607666,16.760000228881836,17.3799991607666,17.3799991607666,178800
2021-02-09,17.420000076293945,18.200000762939453,17.190000534057617,18.15999984741211,18.15999984741211,253800
2021-02-10,18.239999771118164,18.579999923706055,17.860000610351562,18.25,18.25,111100
2021-02-11,18.25,18.479999542236328,17.81999969482422,18.200000762939453,18.200000762939453,134800
2021-02-12,18.06999969482422,18.260000228881836,17.799999237060547,18.209999084472656,18.209999084472656,51300
2021-02-16,18.389999389648438,18.68000030517578,18.190000534057617,18.459999084472656,18.459999084472656,141400
2021-02-17,18.3700008392334,18.459999084472656,17.579999923706055,17.90999984741211,17.90999984741211,75000
2021-02-18,17.739999771118164,17.959999084472656,17.229999542236328,17.739999771118164,17.739999771118164,135700
2021-02-19,17.829999923706055,18.360000610351562,17.75,18.170000076293945,18.170000076293945,108600
2021-02-22,17.979999542236328,18.34000015258789,17.610000610351562,17.670000076293945,17.670000076293945,113600
2021-02-23,17.75,18.399999618530273,17.219999313354492,18.239999771118164,18.239999771118164,156800
2021-02-24,18.25,18.84000015258789,17.829999923706055,18.56999969482422,18.56999969482422,91700
2021-02-25,18.43000030517578,18.920000076293945,18.299999237060547,18.610000610351562,18.610000610351562,66100
2021-02-26,18.5,18.700000762939453,18.170000076293945,18.18000030517578,18.18000030517578,106000
2021-03-01,18.549999237060547,19.3700008392334,18.260000228881836,19.030000686645508,19.030000686645508,82300
2021-03-02,19.010000228881836,19.649999618530273,18.8799991607666,19.40999984741211,19.40999984741211,77400
2021-03-03,19.559999465942383,20.1200008392334,19.420000076293945,19.90999984741211,19.90999984741211,74300
2021-03-04,19.959999084472656,20.040000915527344,19.100000381469727,19.270000457763672,19.270000457763672,109600
2021-03-05,19.639999389648438,19.84000015258789,18.979999542236328,19.65999984741211,19.65999984741211,84700
2021-03-08,19.84000015258789,20.200000762939453,19.600000381469727,19.809999465942383,19.809999465942383,148600
2021-03-09,20.020000457763672,20.40999984741211,19.3799991607666,20.100000381469727,20.100000381469727,138500
2021-03-10,20.110000610351562,20.579999923706055,20.110000610351562,20.270000457763672,20.270000457763672,53700
2021-03-11,20.299999237060547,20.950000762939453,20.209999084472656,20.950000762939453,20.950000762939453,49600
2021-03-12,21.0,21.6299991607666,20.020000457763672,21.149999618530273,21.149999618530273,92600
2021-03-15,21.530000686645508,21.770000457763672,20.459999084472656,20.610000610351562,20.610000610351562,64300
2021-03-16,20.799999237060547,20.799999237060547,20.06999969482422,20.18000030517578,20.18000030517578,64800
2021-03-17,20.309999465942383,20.799999237060547,20.059999465942383,20.760000228881836,20.760000228881836,71400
2021-03-18,20.610000610351562,21.3700008392334,20.389999389648438,20.690000534057617,20.690000534057617,122700
2021-03-19,20.520000457763672,20.559999465942383,19.829999923706055,19.889999389648438,19.889999389648438,264900
2021-03-22,19.989999771118164,20.110000610351562,19.31999969482422,19.639999389648438,19.639999389648438,157200
2021-03-23,19.420000076293945,19.899999618530273,18.940000534057617,18.969999313354492,18.969999313354492,90400
2021-03-24,19.170000076293945,19.889999389648438,19.010000228881836,19.100000381469727,19.100000381469727,47500
2021-03-25,18.860000610351562,19.510000228881836,18.600000381469727,19.260000228881836,19.260000228881836,36500
2021-03-26,19.440000534057617,19.889999389648438,19.31999969482422,19.8700008392334,19.8700008392334,98600
2021-03-29,19.6299991607666,20.18000030517578,19.6299991607666,19.709999084472656,19.709999084472656,60800
2021-03-30,19.790000915527344,20.56999969482422,19.790000915527344,20.360000610351562,20.360000610351562,60600
2021-03-31,20.479999542236328,20.729999542236328,20.1299991607666,20.59000015258789,20.59000015258789,57800
2021-04-01,20.350000381469727,21.09000015258789,20.350000381469727,20.860000610351562,20.860000610351562,42200
2021-04-05,20.989999771118164,21.510000228881836,20.8700008392334,21.399999618530273,21.399999618530273,100000
2021-04-06,21.479999542236328,22.25,21.110000610351562,21.239999771118164,21.239999771118164,100100
2021-04-07,21.329999923706055,21.329999923706055,20.270000457763672,20.5,20.5,89000
2021-04-08,20.5,20.93000030517578,20.0,20.639999389648438,20.639999389648438,44900
2021-04-09,20.649999618530273,20.780000686645508,20.329999923706055,20.420000076293945,20.420000076293945,30700
2021-04-12,20.489999771118164,20.68000030517578,20.0,20.299999237060547,20.299999237060547,59400
2021-04-13,20.299999237060547,20.40999984741211,19.899999618530273,20.280000686645508,20.280000686645508,46300
2021-04-14,20.280000686645508,20.690000534057617,20.170000076293945,20.260000228881836,20.260000228881836,53600
2021-04-15,20.459999084472656,20.940000534057617,20.100000381469727,20.290000915527344,20.290000915527344,41800
2021-04-16,20.600000381469727,20.950000762939453,20.239999771118164,20.719999313354492,20.719999313354492,62900
2021-04-19,20.719999313354492,20.889999389648438,20.209999084472656,20.700000762939453,20.700000762939453,62500
2021-04-20,20.700000762939453,20.93000030517578,19.760000228881836,20.600000381469727,20.600000381469727,143100
2021-04-21,20.59000015258789,20.81999969482422,19.770000457763672,19.899999618530273,19.899999618530273,132500
2021-04-22,20.0,20.06999969482422,19.670000076293945,19.790000915527344,19.790000915527344,71900
2021-04-23,19.90999984741211,20.360000610351562,19.489999771118164,19.559999465942383,19.559999465942383,42400
2021-04-26,19.700000762939453,19.850000381469727,18.950000762939453,19.079999923706055,19.079999923706055,59000
2021-04-27,19.5,21.459999084472656,19.5,21.360000610351562,21.360000610351562,185700
2021-04-28,21.809999465942383,21.989999771118164,20.75,21.18000030517578,21.18000030517578,115900
2021-04-29,21.479999542236328,21.950000762939453,21.100000381469727,21.84000015258789,21.84000015258789,64000
2021-04-30,21.959999084472656,22.170000076293945,21.5,21.510000228881836,21.510000228881836,81100
2021-05-03,22.100000381469727,22.8799991607666,21.709999084472656,22.68000030517578,22.68000030517578,72700
2021-05-04,22.600000381469727,23.059999465942383,22.100000381469727,22.600000381469727,22.600000381469727,126200
2021-05-05,22.68000030517578,23.020000457763672,22.049999237060547,22.860000610351562,22.860000610351562,54400
2021-05-06,22.950000762939453,23.190000534057617,21.8700008392334,22.219999313354492,22.219999313354492,66300
2021-05-07,22.1200008392334,23.389999389648438,22.020000457763672,23.31999969482422,23.31999969482422,66600
2021-05-10,23.5,23.959999084472656,23.030000686645508,23.079999923706055,23.079999923706055,74400
2021-05-11,22.969999313354492,22.969999313354492,22.030000686645508,22.59000015258789,22.59000015258789,66700
2021-05-12,22.579999923706055,22.780000686645508,21.959999084472656,22.219999313354492,22.219999313354492,85100
2021-05-13,21.770000457763672,23.670000076293945,21.0,23.200000762939453,23.200000762939453,109200
2021-05-14,23.489999771118164,23.8799991607666,23.100000381469727,23.700000762939453,23.700000762939453,81300
2021-05-17,23.790000915527344,23.790000915527344,23.219999313354492,23.579999923706055,23.579999923706055,61900
2021-05-18,23.579999923706055,23.969999313354492,23.399999618530273,23.399999618530273,23.399999618530273,37900
2021-05-19,23.030000686645508,23.079999923706055,21.860000610351562,23.010000228881836,23.010000228881836,61700
2021-05-20,22.920000076293945,22.920000076293945,22.280000686645508,22.739999771118164,22.739999771118164,27700
2021-05-21,22.860000610351562,23.110000610351562,22.459999084472656,22.950000762939453,22.950000762939453,64100
2021-05-24,23.079999923706055,23.15999984741211,22.6200008392334,22.790000915527344,22.790000915527344,56700
2021-05-25,22.8700008392334,23.079999923706055,21.969999313354492,22.0,22.0,88800
2021-05-26,22.100000381469727,22.469999313354492,21.959999084472656,22.170000076293945,22.170000076293945,44300
2021-05-27,22.3799991607666,22.899999618530273,22.329999923706055,22.329999923706055,22.329999923706055,83400
2021-05-28,22.530000686645508,22.950000762939453,21.860000610351562,22.510000228881836,22.510000228881836,46600
2021-06-01,22.719999313354492,23.309999465942383,22.6200008392334,23.010000228881836,23.010000228881836,79800
2021-06-02,23.059999465942383,23.399999618530273,22.200000762939453,22.530000686645508,22.530000686645508,57800
2021-06-03,22.34000015258789,22.739999771118164,22.190000534057617,22.270000457763672,22.270000457763672,45500
2021-06-04,22.280000686645508,22.280000686645508,21.719999313354492,22.06999969482422,22.06999969482422,52700
2021-06-07,22.059999465942383,22.75,21.75,22.34000015258789,22.34000015258789,66800
2021-06-08,22.5,22.809999465942383,21.829999923706055,22.690000534057617,22.690000534057617,56500
2021-06-09,22.65999984741211,22.889999389648438,22.25,22.43000030517578,22.43000030517578,40600
2021-06-10,22.639999389648438,22.639999389648438,22.010000228881836,22.110000610351562,22.110000610351562,37700
2021-06-11,22.200000762939453,22.709999084472656,22.079999923706055,22.459999084472656,22.459999084472656,171400
2021-06-14,22.5,22.979999542236328,22.3700008392334,22.75,22.75,56600
2021-06-15,22.75,23.229999542236328,22.75,23.059999465942383,23.059999465942383,57700
2021-06-16,23.149999618530273,23.190000534057617,22.770000457763672,22.969999313354492,22.969999313354492,90900
2021-06-17,22.940000534057617,22.959999084472656,20.989999771118164,21.09000015258789,21.09000015258789,93800
2021-06-18,20.6299991607666,20.719999313354492,20.030000686645508,20.149999618530273,20.149999618530273,117900
2021-06-21,20.389999389648438,20.809999465942383,20.290000915527344,20.579999923706055,20.579999923706055,67500
2021-06-22,20.690000534057617,21.030000686645508,20.399999618530273,20.729999542236328,20.729999542236328,53400
2021-06-23,20.75,20.889999389648438,20.299999237060547,20.610000610351562,20.610000610351562,98500
2021-06-24,20.75,20.979999542236328,20.510000228881836,20.899999618530273,20.899999618530273,41600
2021-06-25,21.020000457763672,21.110000610351562,20.1299991607666,20.15999984741211,20.15999984741211,216400
2021-06-28,20.15999984741211,20.239999771118164,19.3799991607666,19.979999542236328,19.979999542236328,82300
2021-06-29,19.979999542236328,20.329999923706055,19.639999389648438,19.959999084472656,19.959999084472656,54000
2021-06-30,20.09000015258789,20.979999542236328,20.0,20.68000030517578,20.68000030517578,166300
2021-07-01,20.899999618530273,21.549999237060547,20.760000228881836,21.309999465942383,21.309999465942383,87900
2021-07-02,21.329999923706055,21.329999923706055,20.510000228881836,20.579999923706055,20.579999923706055,69400
2021-07-06,20.459999084472656,20.579999923706055,19.399999618530273,19.469999313354492,19.469999313354492,72800
2021-07-07,19.329999923706055,19.670000076293945,19.040000915527344,19.3700008392334,19.3700008392334,70200
2021-07-08,19.0,19.309999465942383,18.299999237060547,18.989999771118164,18.989999771118164,74500
2021-07-09,19.31999969482422,19.729999542236328,19.209999084472656,19.479999542236328,19.479999542236328,41000
2021-07-12,19.270000457763672,19.40999984741211,18.940000534057617,19.40999984741211,19.40999984741211,47000
2021-07-13,19.25,19.440000534057617,19.18000030517578,19.360000610351562,19.360000610351562,44400
2021-07-14,19.3799991607666,19.670000076293945,19.290000915527344,19.59000015258789,19.59000015258789,40600
2021-07-15,19.3799991607666,20.0,19.3799991607666,19.729999542236328,19.729999542236328,40800
2021-07-16,19.850000381469727,19.8700008392334,19.040000915527344,19.100000381469727,19.100000381469727,51200
2021-07-19,18.75,18.889999389648438,18.3799991607666,18.709999084472656,18.709999084472656,73500
2021-07-20,18.790000915527344,19.440000534057617,18.790000915527344,19.059999465942383,19.059999465942383,58800
2021-07-21,19.239999771118164,19.540000915527344,19.239999771118164,19.40999984741211,19.40999984741211,40300
2021-07-22,20.93000030517578,20.93000030517578,19.850000381469727,20.15999984741211,20.15999984741211,146300
2021-07-23,20.270000457763672,20.450000762939453,19.81999969482422,20.290000915527344,20.290000915527344,77200
2021-07-26,20.34000015258789,20.450000762939453,19.540000915527344,20.0,20.0,78000
2021-07-27,19.969999313354492,20.6299991607666,19.829999923706055,20.399999618530273,20.399999618530273,60300
2021-07-28,20.5,20.6200008392334,19.739999771118164,20.270000457763672,20.270000457763672,129200
2021-07-29,20.559999465942383,21.200000762939453,20.479999542236328,21.020000457763672,21.020000457763672,70800
2021-07-30,20.93000030517578,21.100000381469727,20.700000762939453,21.010000228881836,21.010000228881836,106900
2021-08-02,21.040000915527344,21.690000534057617,20.399999618530273,20.540000915527344,20.540000915527344,100200
2021-08-03,20.549999237060547,21.360000610351562,20.280000686645508,21.110000610351562,21.110000610351562,147100
2021-08-04,20.950000762939453,21.06999969482422,20.360000610351562,20.420000076293945,20.420000076293945,74700
2021-08-05,20.420000076293945,20.719999313354492,20.059999465942383,20.280000686645508,20.280000686645508,32700
2021-08-06,20.450000762939453,20.700000762939453,20.09000015258789,20.270000457763672,20.270000457763672,27200
2021-08-09,21.399999618530273,22.110000610351562,21.100000381469727,21.639999389648438,21.639999389648438,247300
2021-08-10,21.6200008392334,22.3700008392334,21.600000381469727,22.260000228881836,22.260000228881836,88500
2021-08-11,22.200000762939453,22.260000228881836,21.889999389648438,22.139999389648438,22.139999389648438,92200
2021-08-12,22.350000381469727,22.399999618530273,21.979999542236328,22.149999618530273,22.149999618530273,83400
2021-08-13,22.110000610351562,22.229999542236328,21.950000762939453,22.079999923706055,22.079999923706055,59200
2021-08-16,22.149999618530273,22.75,21.690000534057617,22.479999542236328,22.479999542236328,110200
2021-08-17,22.389999389648438,22.770000457763672,22.020000457763672,22.68000030517578,22.68000030517578,106700
2021-08-18,22.559999465942383,22.84000015258789,22.15999984741211,22.229999542236328,22.229999542236328,136100
2021-08-19,22.010000228881836,22.399999618530273,21.329999923706055,21.969999313354492,21.969999313354492,75500
2021-08-20,21.889999389648438,22.600000381469727,21.860000610351562,22.56999969482422,22.56999969482422,53000
2021-08-23,22.75,23.09000015258789,22.65999984741211,22.889999389648438,22.889999389648438,153600
2021-08-24,23.3700008392334,23.3700008392334,22.610000610351562,22.90999984741211,22.90999984741211,67400
2021-08-25,22.860000610351562,23.100000381469727,22.540000915527344,22.700000762939453,22.700000762939453,67600
2021-08-26,22.799999237060547,22.959999084472656,22.420000076293945,22.420000076293945,22.420000076293945,176700
2021-08-27,22.579999923706055,23.170000076293945,22.559999465942383,23.059999465942383,23.059999465942383,167300
2021-08-30,23.270000457763672,24.8799991607666,23.200000762939453,24.790000915527344,24.790000915527344,273700
2021-08-31,24.850000381469727,24.850000381469727,24.020000457763672,24.360000610351562,24.360000610351562,108200
2021-09-01,24.270000457763672,24.639999389648438,23.639999389648438,24.18000030517578,24.18000030517578,82500
2021-09-02,24.299999237060547,24.700000762939453,24.229999542236328,24.389999389648438,24.389999389648438,76000
2021-09-03,24.34000015258789,24.450000762939453,23.739999771118164,23.81999969482422,23.81999969482422,82000
2021-09-07,23.940000534057617,24.399999618530273,23.219999313354492,23.280000686645508,23.280000686645508,87100
2021-09-08,22.139999389648438,23.190000534057617,22.139999389648438,22.829999923706055,22.829999923706055,146200
2021-09-09,22.850000381469727,23.850000381469727,22.469999313354492,22.540000915527344,22.540000915527344,129600
2021-09-10,22.700000762939453,22.920000076293945,22.15999984741211,22.40999984741211,22.40999984741211,123500
2021-09-13,22.649999618530273,23.670000076293945,22.40999984741211,23.479999542236328,23.479999542236328,157800
2021-09-14,23.639999389648438,23.639999389648438,22.6200008392334,22.670000076293945,22.670000076293945,89700
2021-09-15,23.290000915527344,23.579999923706055,22.6299991607666,23.049999237060547,23.049999237060547,102500
2021-09-16,23.020000457763672,23.049999237060547,22.219999313354492,22.360000610351562,22.360000610351562,169100
2021-09-17,22.559999465942383,23.530000686645508,22.549999237060547,23.299999237060547,23.299999237060547,242400
2021-09-20,22.770000457763672,24.520000457763672,22.280000686645508,24.229999542236328,24.229999542236328,302400
2021-09-21,24.979999542236328,27.040000915527344,24.719999313354492,27.010000228881836,27.010000228881836,375800
2021-09-22,27.940000534057617,27.989999771118164,26.530000686645508,27.059999465942383,27.059999465942383,279600
2021-09-23,27.280000686645508,28.489999771118164,27.15999984741211,28.260000228881836,28.260000228881836,216700
2021-09-24,28.219999313354492,28.84000015258789,27.799999237060547,28.350000381469727,28.350000381469727,163400
2021-09-27,28.540000915527344,29.469999313354492,28.09000015258789,29.18000030517578,29.18000030517578,142400
2021-09-28,29.1299991607666,29.270000457763672,28.399999618530273,28.579999923706055,28.579999923706055,134700
2021-09-29,29.110000610351562,29.530000686645508,28.309999465942383,28.540000915527344,28.540000915527344,130500
2021-09-30,28.59000015258789,29.1299991607666,27.56999969482422,27.649999618530273,27.649999618530273,127400
2021-10-01,27.81999969482422,28.780000686645508,27.059999465942383,27.700000762939453,27.700000762939453,127500
2021-10-04,27.729999542236328,28.389999389648438,27.450000762939453,27.829999923706055,27.829999923706055,98200
2021-10-05,28.0,28.440000534057617,27.770000457763672,27.799999237060547,27.799999237060547,164600
2021-10-06,27.5,27.8799991607666,27.149999618530273,27.8700008392334,27.8700008392334,63200
2021-10-07,27.829999923706055,28.190000534057617,27.780000686645508,27.959999084472656,27.959999084472656,74000
2021-10-08,27.920000076293945,28.420000076293945,27.780000686645508,28.010000228881836,28.010000228881836,50900
2021-10-11,27.959999084472656,29.93000030517578,27.530000686645508,29.649999618530273,29.649999618530273,344100
2021-10-12,29.68000030517578,31.5,29.68000030517578,31.110000610351562,31.110000610351562,313500
2021-10-13,31.100000381469727,31.90999984741211,30.06999969482422,31.65999984741211,31.65999984741211,234800
2021-10-14,32.349998474121094,32.470001220703125,31.280000686645508,31.6200008392334,31.6200008392334,208000
2021-10-15,31.959999084472656,32.849998474121094,31.6299991607666,32.619998931884766,32.619998931884766,217300
2021-10-18,32.790000915527344,33.09000015258789,32.04999923706055,32.84000015258789,32.84000015258789,205700
2021-10-19,33.18000030517578,34.47999954223633,32.70000076293945,33.79999923706055,33.79999923706055,310100
2021-10-20,34.29999923706055,34.75,33.29999923706055,34.4900016784668,34.4900016784668,269900
2021-10-21,33.25,33.70000076293945,26.010000228881836,27.139999389648438,27.139999389648438,1451800
2021-10-22,26.760000228881836,28.549999237060547,26.639999389648438,27.43000030517578,27.43000030517578,526600
2021-10-25,27.360000610351562,29.530000686645508,27.200000762939453,28.25,28.25,533000
2021-10-26,28.549999237060547,28.780000686645508,27.969999313354492,28.049999237060547,28.049999237060547,242100
2021-10-27,27.940000534057617,29.139999389648438,27.219999313354492,28.760000228881836,28.760000228881836,373700
2021-10-28,28.920000076293945,29.889999389648438,28.90999984741211,29.239999771118164,29.239999771118164,255600
2021-10-29,29.15999984741211,29.610000610351562,28.209999084472656,28.399999618530273,28.399999618530273,238300
2021-11-01,28.559999465942383,29.399999618530273,27.760000228881836,28.469999313354492,28.469999313354492,246400
2021-11-02,28.450000762939453,28.450000762939453,27.610000610351562,28.06999969482422,28.06999969482422,251700
2021-11-03,27.760000228881836,29.459999084472656,27.600000381469727,28.93000030517578,28.93000030517578,158500
2021-11-04,29.270000457763672,30.209999084472656,29.0,30.110000610351562,30.110000610351562,207000
2021-11-05,30.5,30.690000534057617,28.520000457763672,29.020000457763672,29.020000457763672,382800
2021-11-08,29.15999984741211,29.799999237060547,28.43000030517578,29.440000534057617,29.440000534057617,301500
2021-11-09,28.850000381469727,29.389999389648438,28.81999969482422,29.299999237060547,29.299999237060547,101600
2021-11-10,29.399999618530273,29.6200008392334,28.530000686645508,28.799999237060547,28.799999237060547,97200
2021-11-11,28.600000381469727,30.0,28.510000228881836,29.780000686645508,29.780000686645508,115400
2021-11-12,29.760000228881836,30.639999389648438,29.59000015258789,29.989999771118164,29.989999771118164,103500
2021-11-15,30.010000228881836,30.600000381469727,29.75,30.59000015258789,30.59000015258789,156000
2021-11-16,30.68000030517578,30.989999771118164,29.969999313354492,30.440000534057617,30.440000534057617,115500
2021-11-17,30.229999542236328,30.8799991607666,29.649999618530273,29.739999771118164,29.739999771118164,73900
2021-11-18,29.809999465942383,29.8700008392334,28.6200008392334,28.700000762939453,28.700000762939453,127700
2021-11-19,28.56999969482422,29.280000686645508,27.239999771118164,27.3700008392334,27.3700008392334,258500
2021-11-22,27.3799991607666,28.479999542236328,26.950000762939453,27.520000457763672,27.520000457763672,277900
2021-11-23,27.579999923706055,28.170000076293945,27.229999542236328,27.790000915527344,27.790000915527344,79900
2021-11-24,27.610000610351562,27.719999313354492,26.790000915527344,27.260000228881836,27.260000228881836,100900
2021-11-26,26.670000076293945,27.1299991607666,25.1200008392334,26.81999969482422,26.81999969482422,138000
2021-11-29,27.25,27.25,25.56999969482422,25.6200008392334,25.6200008392334,199600
2021-11-30,25.459999084472656,25.709999084472656,24.56999969482422,25.06999969482422,25.06999969482422,225700
2021-12-01,25.5,25.719999313354492,24.299999237060547,24.459999084472656,24.459999084472656,145400
2021-12-02,24.68000030517578,24.959999084472656,24.25,24.5,24.5,84000
2021-12-03,24.68000030517578,24.68000030517578,24.010000228881836,24.459999084472656,24.459999084472656,84600
2021-12-06,24.770000457763672,24.959999084472656,24.020000457763672,24.299999237060547,24.299999237060547,101200
2021-12-07,24.600000381469727,25.459999084472656,24.489999771118164,24.639999389648438,24.639999389648438,77700
2021-12-08,24.760000228881836,24.799999237060547,24.3799991607666,24.510000228881836,24.510000228881836,71200
2021-12-09,24.3799991607666,25.0,24.25,24.40999984741211,24.40999984741211,66400
2021-12-10,25.020000457763672,25.25,24.360000610351562,24.459999084472656,24.459999084472656,77100
2021-12-13,24.280000686645508,24.489999771118164,23.68000030517578,23.8700008392334,23.8700008392334,55300
2021-12-14,23.799999237060547,24.420000076293945,23.420000076293945,23.75,23.75,128100
2021-12-15,23.790000915527344,24.260000228881836,23.5,24.09000015258789,24.09000015258789,118300
2021-12-16,24.40999984741211,24.700000762939453,23.1299991607666,23.290000915527344,23.290000915527344,102500
2021-12-17,23.15999984741211,23.670000076293945,22.8799991607666,23.260000228881836,23.260000228881836,147000
2021-12-20,23.0,23.0,21.920000076293945,22.81999969482422,22.81999969482422,81000
2021-12-21,23.079999923706055,23.670000076293945,22.850000381469727,23.520000457763672,23.520000457763672,130100
2021-12-22,23.56999969482422,23.899999618530273,23.149999618530273,23.729999542236328,23.729999542236328,104100
2021-12-23,23.6299991607666,24.190000534057617,23.329999923706055,24.079999923706055,24.079999923706055,59800
2021-12-27,24.1299991607666,25.540000915527344,23.770000457763672,25.139999389648438,25.139999389648438,231200
2021-12-28,25.399999618530273,25.600000381469727,24.5,25.280000686645508,25.280000686645508,168600
2021-12-29,25.31999969482422,26.75,24.75,26.600000381469727,26.600000381469727,286800
2021-12-30,26.700000762939453,26.850000381469727,25.489999771118164,26.309999465942383,26.309999465942383,249200
2021-12-31,26.280000686645508,26.850000381469727,25.829999923706055,26.43000030517578,26.43000030517578,110900
2022-01-03,26.610000610351562,26.850000381469727,24.959999084472656,25.420000076293945,25.420000076293945,132300
2022-01-04,25.559999465942383,26.700000762939453,25.559999465942383,26.190000534057617,26.190000534057617,84000
2022-01-05,26.360000610351562,26.360000610351562,24.90999984741211,25.040000915527344,25.040000915527344,75700
2022-01-06,23.84000015258789,23.989999771118164,22.799999237060547,23.290000915527344,23.290000915527344,258400
2022-01-07,23.329999923706055,23.59000015258789,22.489999771118164,22.489999771118164,22.489999771118164,153700
2022-01-10,22.469999313354492,22.469999313354492,21.5,22.350000381469727,22.350000381469727,135700
2022-01-11,22.3799991607666,23.110000610351562,21.969999313354492,22.90999984741211,22.90999984741211,105800
2022-01-12,23.040000915527344,23.450000762939453,22.719999313354492,23.049999237060547,23.049999237060547,91500
2022-01-13,23.209999084472656,23.850000381469727,22.950000762939453,23.34000015258789,23.34000015258789,82700
2022-01-14,23.09000015258789,23.68000030517578,22.479999542236328,23.15999984741211,23.15999984741211,75800
2022-01-18,23.020000457763672,23.31999969482422,22.510000228881836,23.139999389648438,23.139999389648438,117300
2022-01-19,23.34000015258789,23.510000228881836,22.780000686645508,22.829999923706055,22.829999923706055,93200
2022-01-20,22.860000610351562,23.65999984741211,22.5,22.530000686645508,22.530000686645508,51500
2022-01-21,22.389999389648438,23.190000534057617,21.8700008392334,22.059999465942383,22.059999465942383,82700
2022-01-24,21.579999923706055,22.989999771118164,21.459999084472656,22.8799991607666,22.8799991607666,118000
2022-01-25,22.510000228881836,22.510000228881836,21.600000381469727,21.950000762939453,21.950000762939453,68400
2022-01-26,22.3799991607666,22.760000228881836,21.690000534057617,21.8700008392334,21.8700008392334,81500
2022-01-27,22.799999237060547,22.799999237060547,20.860000610351562,20.969999313354492,20.969999313354492,99000
2022-01-28,21.0,21.06999969482422,20.030000686645508,20.959999084472656,20.959999084472656,125900
2022-01-31,20.969999313354492,21.75,20.8700008392334,21.719999313354492,21.719999313354492,182600
2022-02-01,21.959999084472656,22.239999771118164,21.209999084472656,21.5,21.5,126800
2022-02-02,21.5,21.790000915527344,21.0,21.700000762939453,21.700000762939453,127200
2022-02-03,21.459999084472656,21.93000030517578,21.229999542236328,21.40999984741211,21.40999984741211,64400
2022-02-04,21.270000457763672,21.510000228881836,20.079999923706055,20.579999923706055,20.579999923706055,96400
2022-02-07,20.799999237060547,20.809999465942383,20.209999084472656,20.68000030517578,20.68000030517578,86700
2022-02-08,20.989999771118164,21.100000381469727,20.6200008392334,20.700000762939453,20.700000762939453,67600
2022-02-09,20.8700008392334,21.420000076293945,20.850000381469727,21.34000015258789,21.34000015258789,80400
2022-02-10,21.709999084472656,22.450000762939453,21.309999465942383,21.6200008392334,21.6200008392334,162000
2022-02-11,21.459999084472656,22.850000381469727,21.3799991607666,22.020000457763672,22.020000457763672,132300
2022-02-14,21.799999237060547,22.149999618530273,21.510000228881836,21.520000457763672,21.520000457763672,63100
2022-02-15,21.670000076293945,21.780000686645508,21.3700008392334,21.59000015258789,21.59000015258789,77500
2022-02-16,21.540000915527344,22.469999313354492,21.260000228881836,22.200000762939453,22.200000762939453,120700
2022-02-17,22.020000457763672,22.610000610351562,21.889999389648438,22.440000534057617,22.440000534057617,82900
2022-02-18,22.34000015258789,22.690000534057617,22.100000381469727,22.530000686645508,22.530000686645508,83600
2022-02-22,22.459999084472656,22.670000076293945,21.31999969482422,21.350000381469727,21.350000381469727,208800
2022-02-23,21.6200008392334,21.639999389648438,21.15999984741211,21.309999465942383,21.309999465942383,83000
2022-02-24,20.770000457763672,21.969999313354492,20.5,21.709999084472656,21.709999084472656,99500
2022-02-25,21.729999542236328,22.690000534057617,21.729999542236328,22.459999084472656,22.459999084472656,73500
2022-02-28,22.139999389648438,22.649999618530273,21.950000762939453,22.510000228881836,22.510000228881836,93800
2022-03-01,22.489999771118164,22.6200008392334,21.6200008392334,22.020000457763672,22.020000457763672,91600
2022-03-02,21.959999084472656,23.170000076293945,21.959999084472656,22.700000762939453,22.700000762939453,97000
2022-03-03,22.700000762939453,22.700000762939453,22.1299991607666,22.270000457763672,22.270000457763672,74800
2022-03-04,22.0,22.739999771118164,21.920000076293945,22.239999771118164,22.239999771118164,82100
2022-03-07,22.100000381469727,22.110000610351562,21.639999389648438,21.700000762939453,21.700000762939453,76500
2022-03-08,21.65999984741211,21.780000686645508,21.0,21.209999084472656,21.209999084472656,122200
2022-03-09,21.549999237060547,22.639999389648438,21.549999237060547,22.360000610351562,22.360000610351562,170500
2022-03-10,22.139999389648438,22.84000015258789,21.760000228881836,22.34000015258789,22.34000015258789,71800
2022-03-11,22.600000381469727,22.75,21.920000076293945,21.920000076293945,21.920000076293945,92900
2022-03-14,21.920000076293945,22.09000015258789,21.469999313354492,22.010000228881836,22.010000228881836,101700
2022-03-15,22.040000915527344,22.8700008392334,22.040000915527344,22.649999618530273,22.649999618530273,90500
2022-03-16,22.690000534057617,24.040000915527344,22.649999618530273,23.940000534057617,23.940000534057617,102800
2022-03-17,23.700000762939453,24.25,23.1200008392334,23.920000076293945,23.920000076293945,63800
2022-03-18,23.829999923706055,24.459999084472656,23.299999237060547,24.139999389648438,24.139999389648438,142000
2022-03-21,23.899999618530273,24.489999771118164,23.760000228881836,24.170000076293945,24.170000076293945,74200
2022-03-22,24.260000228881836,24.520000457763672,23.760000228881836,24.09000015258789,24.09000015258789,63800
2022-03-23,23.90999984741211,24.040000915527344,23.06999969482422,23.299999237060547,23.299999237060547,71300
2022-03-24,23.479999542236328,23.649999618530273,22.809999465942383,23.139999389648438,23.139999389648438,78600
2022-03-25,23.239999771118164,23.239999771118164,22.440000534057617,22.709999084472656,22.709999084472656,42100
2022-03-28,22.81999969482422,23.0,22.450000762939453,23.0,23.0,128800
2022-03-29,23.420000076293945,23.700000762939453,23.010000228881836,23.329999923706055,23.329999923706055,121200
2022-03-30,23.309999465942383,24.1299991607666,22.010000228881836,22.139999389648438,22.139999389648438,81300
2022-03-31,22.469999313354492,22.469999313354492,21.1299991607666,21.530000686645508,21.530000686645508,85900
2022-04-01,21.1299991607666,21.34000015258789,20.510000228881836,20.540000915527344,20.540000915527344,160200
2022-04-04,20.5,20.6200008392334,19.709999084472656,20.170000076293945,20.170000076293945,107800
2022-04-05,20.0,20.1299991607666,19.1200008392334,19.280000686645508,19.280000686645508,121800
2022-04-06,19.25,19.6200008392334,18.84000015258789,18.90999984741211,18.90999984741211,130300
2022-04-07,18.93000030517578,19.5,18.440000534057617,19.34000015258789,19.34000015258789,98600
2022-04-08,19.34000015258789,19.40999984741211,18.510000228881836,18.600000381469727,18.600000381469727,181600
2022-04-11,18.559999465942383,19.65999984741211,18.549999237060547,19.239999771118164,19.239999771118164,88000
2022-04-12,19.270000457763672,19.799999237060547,18.93000030517578,19.030000686645508,19.030000686645508,86000
2022-04-13,19.1299991607666,19.649999618530273,19.1299991607666,19.600000381469727,19.600000381469727,71100
2022-04-14,18.6200008392334,18.81999969482422,17.229999542236328,18.040000915527344,18.040000915527344,223400
2022-04-18,18.299999237060547,19.40999984741211,17.8799991607666,18.84000015258789,18.84000015258789,144000
2022-04-19,18.81999969482422,19.329999923706055,18.1200008392334,19.139999389648438,19.139999389648438,115400
2022-04-20,19.420000076293945,20.079999923706055,19.260000228881836,19.43000030517578,19.43000030517578,86900
2022-04-21,19.93000030517578,20.149999618530273,19.5,19.65999984741211,19.65999984741211,92500
2022-04-22,19.489999771118164,20.0,19.239999771118164,19.290000915527344,19.290000915527344,78700
2022-04-25,19.059999465942383,20.0,19.030000686645508,19.690000534057617,19.690000534057617,102200
2022-04-26,19.540000915527344,19.6200008392334,18.65999984741211,18.75,18.75,93400
2022-04-27,18.75,19.0,18.139999389648438,18.579999923706055,18.579999923706055,126000
2022-04-28,19.290000915527344,20.43000030517578,19.100000381469727,20.329999923706055,20.329999923706055,159300
2022-04-29,20.25,22.149999618530273,20.1299991607666,20.540000915527344,20.540000915527344,171900
2022-05-02,20.479999542236328,21.190000534057617,20.209999084472656,21.1299991607666,21.1299991607666,168900
2022-05-03,21.25,22.18000030517578,20.780000686645508,21.770000457763672,21.770000457763672,106900
2022-05-04,21.770000457763672,22.75,21.649999618530273,22.719999313354492,22.719999313354492,84700
2022-05-05,22.549999237060547,22.549999237060547,21.190000534057617,21.75,21.75,90400
2022-05-06,21.600000381469727,22.959999084472656,21.3799991607666,22.31999969482422,22.31999969482422,97100
2022-05-09,22.229999542236328,22.68000030517578,21.899999618530273,22.0,22.0,102900
2022-05-10,22.309999465942383,22.81999969482422,21.690000534057617,21.860000610351562,21.860000610351562,111200
2022-05-11,21.719999313354492,22.0,20.979999542236328,21.3700008392334,21.3700008392334,62700
2022-05-12,21.25,22.239999771118164,21.079999923706055,22.15999984741211,22.15999984741211,72000
2022-05-13,22.389999389648438,22.559999465942383,21.760000228881836,21.760000228881836,21.760000228881836,61500
2022-05-16,21.65999984741211,21.799999237060547,21.06999969482422,21.290000915527344,21.290000915527344,55800
2022-05-17,21.719999313354492,22.270000457763672,21.719999313354492,22.170000076293945,22.170000076293945,55600
2022-05-18,21.84000015258789,21.84000015258789,19.739999771118164,19.829999923706055,19.829999923706055,62100
2022-05-19,19.719999313354492,20.809999465942383,19.719999313354492,19.940000534057617,19.940000534057617,58600
2022-05-20,21.360000610351562,22.0,20.770000457763672,20.959999084472656,20.959999084472656,160000
2022-05-23,20.959999084472656,21.229999542236328,20.6299991607666,20.860000610351562,20.860000610351562,111000
2022-05-24,20.829999923706055,20.829999923706055,20.360000610351562,20.600000381469727,20.600000381469727,51000
2022-05-25,20.59000015258789,20.93000030517578,20.59000015258789,20.739999771118164,20.739999771118164,162400
2022-05-26,20.90999984741211,21.68000030517578,20.65999984741211,21.639999389648438,21.639999389648438,195300
2022-05-27,21.889999389648438,22.31999969482422,21.510000228881836,21.969999313354492,21.969999313354492,71800
2022-05-31,22.020000457763672,23.200000762939453,21.809999465942383,22.670000076293945,22.670000076293945,81700
2022-06-01,22.670000076293945,23.3700008392334,22.43000030517578,22.969999313354492,22.969999313354492,77900
2022-06-02,22.93000030517578,24.110000610351562,22.93000030517578,23.610000610351562,23.610000610351562,76300
2022-06-03,23.3700008392334,24.059999465942383,23.280000686645508,23.389999389648438,23.389999389648438,72600
2022-06-06,23.540000915527344,24.0,23.440000534057617,24.0,24.0,126600
2022-06-07,24.0,24.59000015258789,23.18000030517578,23.829999923706055,23.829999923706055,104700
2022-06-08,23.790000915527344,23.790000915527344,23.030000686645508,23.420000076293945,23.420000076293945,72200
2022-06-09,23.18000030517578,24.34000015258789,23.110000610351562,24.139999389648438,24.139999389648438,109300
2022-06-10,23.559999465942383,23.829999923706055,22.3700008392334,22.549999237060547,22.549999237060547,102900
2022-06-13,21.93000030517578,22.899999618530273,21.8700008392334,22.049999237060547,22.049999237060547,86500
2022-06-14,22.09000015258789,23.200000762939453,22.09000015258789,22.8799991607666,22.8799991607666,80800
2022-06-15,23.0,23.56999969482422,22.8700008392334,22.8700008392334,22.8700008392334,72900
2022-06-16,22.270000457763672,22.350000381469727,21.360000610351562,21.469999313354492,21.469999313354492,102000
2022-06-17,21.68000030517578,22.219999313354492,21.31999969482422,21.959999084472656,21.959999084472656,233600
2022-06-21,22.3799991607666,22.899999618530273,21.790000915527344,22.389999389648438,22.389999389648438,93500
2022-06-22,22.170000076293945,22.610000610351562,21.860000610351562,22.270000457763672,22.270000457763672,65700
2022-06-23,22.190000534057617,22.940000534057617,21.829999923706055,22.6299991607666,22.6299991607666,75500
2022-06-24,23.0,25.850000381469727,23.0,25.709999084472656,25.709999084472656,400000
2022-06-27,26.239999771118164,26.649999618530273,25.700000762939453,25.780000686645508,25.780000686645508,210400
2022-06-28,26.110000610351562,26.229999542236328,24.739999771118164,24.790000915527344,24.790000915527344,164000
2022-06-29,25.040000915527344,25.530000686645508,24.229999542236328,24.84000015258789,24.84000015258789,123300
2022-06-30,24.260000228881836,25.68000030517578,24.260000228881836,25.09000015258789,25.09000015258789,201900
2022-07-01,25.049999237060547,25.84000015258789,24.739999771118164,25.31999969482422,25.31999969482422,122800
2022-07-05,24.969999313354492,25.59000015258789,24.5,25.5,25.5,131300
2022-07-06,25.389999389648438,26.010000228881836,24.770000457763672,25.639999389648438,25.639999389648438,123300
2022-07-07,26.0,26.489999771118164,25.520000457763672,26.079999923706055,26.079999923706055,118600
2022-07-08,26.079999923706055,26.75,25.889999389648438,26.459999084472656,26.459999084472656,73100
2022-07-11,26.399999618530273,27.229999542236328,26.290000915527344,26.399999618530273,26.399999618530273,135100
2022-07-12,26.3799991607666,27.049999237060547,25.790000915527344,26.020000457763672,26.020000457763672,134400
2022-07-13,25.639999389648438,26.15999984741211,25.260000228881836,25.799999237060547,25.799999237060547,114000
2022-07-14,25.399999618530273,26.65999984741211,25.020000457763672,26.479999542236328,26.479999542236328,119300
2022-07-15,26.8799991607666,27.030000686645508,26.440000534057617,26.889999389648438,26.889999389648438,153100
2022-07-18,26.799999237060547,28.450000762939453,26.799999237060547,28.200000762939453,28.200000762939453,316100
2022-07-19,28.43000030517578,29.969999313354492,28.219999313354492,29.270000457763672,29.270000457763672,232700
2022-07-20,29.25,29.459999084472656,28.479999542236328,29.09000015258789,29.09000015258789,170800
2022-07-21,29.049999237060547,29.979999542236328,28.860000610351562,29.709999084472656,29.709999084472656,185000
2022-07-22,29.75,29.799999237060547,29.020000457763672,29.3700008392334,29.3700008392334,110800
2022-07-25,29.459999084472656,29.75,29.0,29.229999542236328,29.229999542236328,128800
2022-07-26,30.989999771118164,34.58000183105469,30.700000762939453,34.5099983215332,34.5099983215332,691300
2022-07-27,34.5099983215332,34.79999923706055,33.18000030517578,33.88999938964844,33.88999938964844,425800
2022-07-28,33.880001068115234,34.09000015258789,32.40999984741211,32.900001525878906,32.900001525878906,318600
2022-07-29,33.54999923706055,33.54999923706055,32.47999954223633,33.470001220703125,33.470001220703125,202300
2022-08-01,34.0,34.470001220703125,33.119998931884766,33.970001220703125,33.970001220703125,190000
2022-08-02,33.970001220703125,33.970001220703125,31.420000076293945,31.520000457763672,31.520000457763672,184900
2022-08-03,31.549999237060547,32.9900016784668,31.549999237060547,32.790000915527344,32.790000915527344,134100
2022-08-04,32.939998626708984,33.25,32.279998779296875,32.75,32.75,120900
2022-08-05,32.70000076293945,33.25,32.470001220703125,32.7400016784668,32.7400016784668,67800
2022-08-08,32.7599983215332,33.06999969482422,32.11000061035156,32.790000915527344,32.790000915527344,102700
2022-08-09,32.439998626708984,32.529998779296875,31.5,31.93000030517578,31.93000030517578,84500
2022-08-10,32.40999984741211,33.189998626708984,32.40999984741211,32.70000076293945,32.70000076293945,82800
2022-08-11,32.810001373291016,34.31999969482422,32.810001373291016,33.5099983215332,33.5099983215332,143100
2022-08-12,33.779998779296875,33.779998779296875,32.939998626708984,33.22999954223633,33.22999954223633,95400
2022-08-15,32.790000915527344,32.95000076293945,32.0,32.790000915527344,32.790000915527344,94800
2022-08-16,32.900001525878906,33.599998474121094,32.849998474121094,33.060001373291016,33.060001373291016,73800
2022-08-17,32.88999938964844,32.88999938964844,31.709999084472656,32.09000015258789,32.09000015258789,89100
2022-08-18,32.5099983215332,33.22999954223633,32.45000076293945,33.119998931884766,33.119998931884766,69100
2022-08-19,32.68000030517578,32.77000045776367,32.02000045776367,32.650001525878906,32.650001525878906,89100
2022-08-22,32.099998474121094,32.880001068115234,32.02000045776367,32.650001525878906,32.650001525878906,63600
2022-08-23,32.61000061035156,34.52000045776367,32.61000061035156,33.400001525878906,33.400001525878906,167100
2022-08-24,33.400001525878906,33.41999816894531,31.790000915527344,32.529998779296875,32.529998779296875,122000
2022-08-25,32.709999084472656,33.099998474121094,32.310001373291016,33.040000915527344,33.040000915527344,60400
2022-08-26,33.040000915527344,33.040000915527344,31.799999237060547,31.850000381469727,31.850000381469727,83300
2022-08-29,31.25,31.280000686645508,28.90999984741211,28.920000076293945,28.920000076293945,255800
2022-08-30,28.850000381469727,29.190000534057617,28.100000381469727,28.889999389648438,28.889999389648438,124300
2022-08-31,28.90999984741211,29.1200008392334,28.059999465942383,28.1200008392334,28.1200008392334,121600
2022-09-01,27.920000076293945,28.549999237060547,27.360000610351562,28.549999237060547,28.549999237060547,116900
2022-09-02,28.739999771118164,28.739999771118164,27.760000228881836,27.920000076293945,27.920000076293945,93900
2022-09-06,28.0,28.100000381469727,27.309999465942383,27.8799991607666,27.8799991607666,124500
2022-09-07,27.829999923706055,29.100000381469727,27.3799991607666,28.959999084472656,28.959999084472656,291100
2022-09-08,28.979999542236328,29.350000381469727,28.75,29.020000457763672,29.020000457763672,109300
2022-09-09,29.3799991607666,29.610000610351562,28.889999389648438,29.1299991607666,29.1299991607666,75600
2022-09-12,29.34000015258789,29.68000030517578,29.059999465942383,29.15999984741211,29.15999984741211,68900
2022-09-13,28.540000915527344,29.25,28.229999542236328,28.510000228881836,28.510000228881836,100500
2022-09-14,28.510000228881836,29.170000076293945,28.260000228881836,28.8799991607666,28.8799991607666,111600
2022-09-15,28.860000610351562,29.3700008392334,28.440000534057617,28.969999313354492,28.969999313354492,76800
2022-09-16,28.5,29.010000228881836,27.520000457763672,27.93000030517578,27.93000030517578,314800
2022-09-19,27.59000015258789,29.100000381469727,27.59000015258789,28.65999984741211,28.65999984741211,114900
2022-09-20,28.40999984741211,29.09000015258789,27.8799991607666,28.290000915527344,28.290000915527344,108200
2022-09-21,28.440000534057617,29.25,28.43000030517578,28.43000030517578,28.43000030517578,104600
2022-09-22,28.34000015258789,28.889999389648438,27.770000457763672,28.200000762939453,28.200000762939453,106000
2022-09-23,27.8700008392334,28.579999923706055,27.059999465942383,27.950000762939453,27.950000762939453,124100
2022-09-26,27.520000457763672,29.229999542236328,27.149999618530273,28.010000228881836,28.010000228881836,143000
2022-09-27,28.079999923706055,29.079999923706055,27.969999313354492,28.549999237060547,28.549999237060547,118500
2022-09-28,28.43000030517578,30.020000457763672,28.350000381469727,29.850000381469727,29.850000381469727,110700
2022-09-29,29.579999923706055,29.579999923706055,29.0,29.299999237060547,29.299999237060547,72700
2022-09-30,29.3799991607666,29.670000076293945,28.65999984741211,28.700000762939453,28.700000762939453,204600
2022-10-03,28.84000015258789,29.600000381469727,28.200000762939453,29.170000076293945,29.170000076293945,99700
2022-10-04,29.6299991607666,30.989999771118164,29.6299991607666,29.989999771118164,29.989999771118164,125600
2022-10-05,29.639999389648438,30.770000457763672,29.59000015258789,30.43000030517578,30.43000030517578,124600
2022-10-06,30.299999237060547,31.59000015258789,29.68000030517578,30.239999771118164,30.239999771118164,189600
2022-10-07,29.90999984741211,30.450000762939453,29.0,29.670000076293945,29.670000076293945,111500
2022-10-10,29.709999084472656,31.280000686645508,29.530000686645508,30.3700008392334,30.3700008392334,141500
2022-10-11,30.149999618530273,31.510000228881836,30.020000457763672,30.90999984741211,30.90999984741211,119000
2022-10-12,30.68000030517578,32.29999923706055,30.56999969482422,31.059999465942383,31.059999465942383,118500
2022-10-13,30.510000228881836,32.31999969482422,30.049999237060547,32.0099983215332,32.0099983215332,145800
2022-10-14,32.20000076293945,32.540000915527344,30.950000762939453,31.049999237060547,31.049999237060547,131000
2022-10-17,31.549999237060547,32.119998931884766,31.290000915527344,31.860000610351562,31.860000610351562,79200
2022-10-18,32.119998931884766,32.540000915527344,31.969999313354492,32.29999923706055,32.29999923706055,121200
2022-10-19,32.119998931884766,32.77000045776367,32.119998931884766,32.45000076293945,32.45000076293945,119300
2022-10-20,32.209999084472656,32.400001525878906,30.739999771118164,30.899999618530273,30.899999618530273,145100
2022-10-21,30.450000762939453,33.70000076293945,29.010000228881836,33.70000076293945,33.70000076293945,255100
2022-10-24,34.650001525878906,38.38999938964844,34.0,36.86000061035156,36.86000061035156,342600
2022-10-25,36.720001220703125,38.25,36.11000061035156,36.16999816894531,36.16999816894531,161400
2022-10-26,36.380001068115234,36.97999954223633,35.22999954223633,36.189998626708984,36.189998626708984,186200
2022-10-27,36.34000015258789,37.40999984741211,35.310001373291016,35.400001525878906,35.400001525878906,113100
2022-10-28,35.34000015258789,35.970001220703125,34.56999969482422,35.529998779296875,35.529998779296875,160700
2022-10-31,35.220001220703125,38.84000015258789,35.08000183105469,37.84000015258789,37.84000015258789,282800
2022-11-01,37.9900016784668,38.099998474121094,36.61000061035156,37.38999938964844,37.38999938964844,105400
2022-11-02,37.810001373291016,38.0,36.150001525878906,36.15999984741211,36.15999984741211,101900
2022-11-03,36.0,36.93000030517578,34.7599983215332,36.31999969482422,36.31999969482422,100500
2022-11-04,37.0,37.880001068115234,36.810001373291016,37.400001525878906,37.400001525878906,100800
2022-11-07,37.540000915527344,38.88999938964844,37.52000045776367,38.439998626708984,38.439998626708984,176700
2022-11-08,38.5,39.0,37.849998474121094,38.45000076293945,38.45000076293945,132100
2022-11-09,38.2400016784668,38.290000915527344,35.34000015258789,35.43000030517578,35.43000030517578,120500
2022-11-10,36.61000061035156,38.93000030517578,35.91999816894531,38.79999923706055,38.79999923706055,125400
2022-11-11,39.09000015258789,39.900001525878906,38.04999923706055,38.09000015258789,38.09000015258789,102300
2022-11-14,37.91999816894531,40.310001373291016,37.41999816894531,39.34000015258789,39.34000015258789,111000
2022-11-15,39.91999816894531,40.27000045776367,39.25,39.4900016784668,39.4900016784668,183700
2022-11-16,39.25,39.25,37.66999816894531,38.400001525878906,38.400001525878906,89200
2022-11-17,37.84000015258789,38.97999954223633,36.83000183105469,38.86000061035156,38.86000061035156,125800
2022-11-18,39.20000076293945,40.029998779296875,38.810001373291016,39.90999984741211,39.90999984741211,69800
2022-11-21,39.959999084472656,40.369998931884766,38.66999816894531,38.790000915527344,38.790000915527344,123000
2022-11-22,39.0,39.130001068115234,38.220001220703125,38.79999923706055,38.79999923706055,77600
2022-11-23,38.93000030517578,39.15999984741211,38.09000015258789,38.36000061035156,38.36000061035156,57000
2022-11-25,38.150001525878906,38.59000015258789,38.150001525878906,38.349998474121094,38.349998474121094,29900
2022-11-28,38.09000015258789,39.150001525878906,37.650001525878906,37.7400016784668,37.7400016784668,97400
2022-11-29,38.279998779296875,38.689998626708984,37.22999954223633,37.88999938964844,37.88999938964844,74900
2022-11-30,37.66999816894531,38.540000915527344,37.400001525878906,38.38999938964844,38.38999938964844,256300
2022-12-01,38.66999816894531,38.779998779296875,37.83000183105469,38.380001068115234,38.380001068115234,60300
2022-12-02,37.709999084472656,37.959999084472656,37.31999969482422,37.45000076293945,37.45000076293945,92500
2022-12-05,37.029998779296875,37.33000183105469,35.70000076293945,37.189998626708984,37.189998626708984,134400
2022-12-06,37.279998779296875,38.189998626708984,36.900001525878906,38.0099983215332,38.0099983215332,125700
2022-12-07,36.650001525878906,38.43000030517578,36.650001525878906,37.869998931884766,37.869998931884766,67500
2022-12-08,37.91999816894531,38.220001220703125,36.81999969482422,37.11000061035156,37.11000061035156,42700
2022-12-09,37.040000915527344,37.72999954223633,36.45000076293945,37.38999938964844,37.38999938964844,56800
2022-12-12,37.38999938964844,38.130001068115234,37.0099983215332,37.91999816894531,37.91999816894531,62200
2022-12-13,38.880001068115234,39.33000183105469,37.43000030517578,37.83000183105469,37.83000183105469,163000
2022-12-14,37.65999984741211,38.7599983215332,37.5,38.04999923706055,38.04999923706055,114900
2022-12-15,37.599998474121094,37.81999969482422,36.79999923706055,37.22999954223633,37.22999954223633,88300
2022-12-16,36.75,37.599998474121094,36.720001220703125,36.95000076293945,36.95000076293945,239300
2022-12-19,36.9900016784668,37.650001525878906,36.29999923706055,36.59000015258789,36.59000015258789,102500
2022-12-20,36.41999816894531,36.75,35.31999969482422,35.38999938964844,35.38999938964844,142800
2022-12-21,35.939998626708984,36.689998626708984,35.349998474121094,36.599998474121094,36.599998474121094,121500
2022-12-22,36.25,36.459999084472656,35.08000183105469,35.91999816894531,35.91999816894531,62000
2022-12-23,35.95000076293945,36.40999984741211,35.81999969482422,35.88999938964844,35.88999938964844,24700
2022-12-27,35.91999816894531,36.29999923706055,35.47999954223633,35.90999984741211,35.90999984741211,41600
2022-12-28,35.900001525878906,36.150001525878906,35.099998474121094,35.22999954223633,35.22999954223633,70900
2022-12-29,35.41999816894531,36.04999923706055,35.15999984741211,35.70000076293945,35.70000076293945,76600
2022-12-30,35.529998779296875,35.619998931884766,34.40999984741211,34.56999969482422,34.56999969482422,215800
2023-01-03,34.900001525878906,35.63999938964844,34.31999969482422,34.849998474121094,34.849998474121094,163500
2023-01-04,34.93000030517578,35.189998626708984,33.59000015258789,33.810001373291016,33.810001373291016,121900
2023-01-05,33.5,33.54999923706055,32.84000015258789,33.43000030517578,33.43000030517578,100700
2023-01-06,33.56999969482422,34.16999816894531,33.2400016784668,33.79999923706055,33.79999923706055,70500
2023-01-09,33.77000045776367,34.38999938964844,33.380001068115234,33.84000015258789,33.84000015258789,99600
2023-01-10,34.84000015258789,36.779998779296875,34.41999816894531,35.63999938964844,35.63999938964844,133100
2023-01-11,35.720001220703125,35.939998626708984,35.209999084472656,35.93000030517578,35.93000030517578,56500
2023-01-12,36.130001068115234,36.560001373291016,35.2599983215332,36.52000045776367,36.52000045776367,72100
2023-01-13,36.15999984741211,36.75,35.7599983215332,36.439998626708984,36.439998626708984,63600
2023-01-17,36.81999969482422,36.959999084472656,35.97999954223633,36.189998626708984,36.189998626708984,66700
2023-01-18,36.29999923706055,36.75,35.880001068115234,36.08000183105469,36.08000183105469,65300
2023-01-19,35.869998931884766,36.04999923706055,35.4900016784668,35.95000076293945,35.95000076293945,37800
2023-01-20,36.220001220703125,36.7400016784668,35.599998474121094,36.65999984741211,36.65999984741211,47700
2023-01-23,36.689998626708984,37.38999938964844,36.5,37.119998931884766,37.119998931884766,43400
2023-01-24,36.939998626708984,37.619998931884766,36.689998626708984,37.2400016784668,37.2400016784668,52500
2023-01-25,37.040000915527344,38.5,36.97999954223633,38.43000030517578,38.43000030517578,65200
2023-01-26,31.770000457763672,33.97999954223633,29.34000015258789,30.010000228881836,30.010000228881836,905300
2023-01-27,30.719999313354492,33.209999084472656,30.329999923706055,32.310001373291016,32.310001373291016,298300
2023-01-30,31.8700008392334,33.689998626708984,31.8700008392334,32.7599983215332,32.7599983215332,261000
2023-01-31,32.7599983215332,33.79999923706055,32.349998474121094,33.15999984741211,33.15999984741211,228400
2023-02-01,34.45000076293945,35.439998626708984,33.29999923706055,34.869998931884766,34.869998931884766,191700
2023-02-02,35.029998779296875,36.5099983215332,34.869998931884766,35.349998474121094,35.349998474121094,110800
2023-02-03,35.119998931884766,35.33000183105469,34.209999084472656,34.560001373291016,34.560001373291016,80500
2023-02-06,34.459999084472656,34.9900016784668,33.060001373291016,33.599998474121094,33.599998474121094,206000
2023-02-07,33.619998931884766,35.06999969482422,33.52000045776367,34.900001525878906,34.900001525878906,125000
2023-02-08,34.869998931884766,35.029998779296875,33.560001373291016,34.119998931884766,34.119998931884766,54000
2023-02-09,34.099998474121094,34.27000045776367,32.88999938964844,33.040000915527344,33.040000915527344,82700
2023-02-10,32.88999938964844,33.58000183105469,32.599998474121094,33.0099983215332,33.0099983215332,54400
2023-02-13,32.939998626708984,33.4900016784668,32.540000915527344,33.27000045776367,33.27000045776367,75600
2023-02-14,33.150001525878906,34.75,32.959999084472656,33.11000061035156,33.11000061035156,100600
2023-02-15,33.09000015258789,33.470001220703125,32.83000183105469,33.38999938964844,33.38999938964844,115900
2023-02-16,32.939998626708984,34.38999938964844,32.400001525878906,33.58000183105469,33.58000183105469,104000
2023-02-17,34.13999938964844,35.41999816894531,33.650001525878906,34.95000076293945,34.95000076293945,86200
2023-02-21,34.54999923706055,35.220001220703125,33.650001525878906,34.119998931884766,34.119998931884766,128900
2023-02-22,34.209999084472656,35.41999816894531,34.209999084472656,34.599998474121094,34.599998474121094,122400
2023-02-23,34.790000915527344,35.220001220703125,34.75,35.20000076293945,35.20000076293945,88000
2023-02-24,34.849998474121094,35.20000076293945,34.0099983215332,34.939998626708984,34.939998626708984,81400
2023-02-27,35.189998626708984,35.599998474121094,34.66999816894531,35.029998779296875,35.029998779296875,73700
2023-02-28,34.72999954223633,35.18000030517578,34.5,34.650001525878906,34.650001525878906,82800
2023-03-01,34.939998626708984,35.2400016784668,34.56999969482422,35.11000061035156,35.11000061035156,39500
2023-03-02,34.72999954223633,35.77000045776367,34.72999954223633,35.59000015258789,35.59000015258789,45500
2023-03-03,35.63999938964844,35.849998474121094,35.25,35.34000015258789,35.34000015258789,58500
2023-03-06,35.150001525878906,35.31999969482422,34.31999969482422,34.4900016784668,34.4900016784668,133300
2023-03-07,34.45000076293945,35.4900016784668,34.209999084472656,35.369998931884766,35.369998931884766,79200
2023-03-08,35.290000915527344,36.029998779296875,34.540000915527344,35.869998931884766,35.869998931884766,71800
2023-03-09,35.810001373291016,36.880001068115234,35.0099983215332,36.7599983215332,36.7599983215332,92400
2023-03-10,36.79999923706055,36.83000183105469,35.11000061035156,35.47999954223633,35.47999954223633,105100
2023-03-13,34.83000183105469,35.06999969482422,34.08000183105469,34.27000045776367,34.27000045776367,121700
2023-03-14,34.31999969482422,35.20000076293945,33.689998626708984,34.310001373291016,34.310001373291016,97400
2023-03-15,33.630001068115234,34.54999923706055,33.58000183105469,34.54999923706055,34.54999923706055,86400
2023-03-16,34.040000915527344,35.2599983215332,33.91999816894531,35.060001373291016,35.060001373291016,62300
2023-03-17,35.04999923706055,35.349998474121094,33.02000045776367,33.119998931884766,33.119998931884766,163200
2023-03-20,33.380001068115234,33.77000045776367,32.2400016784668,32.56999969482422,32.56999969482422,114000
2023-03-21,33.02000045776367,33.810001373291016,33.02000045776367,33.310001373291016,33.310001373291016,107000
2023-03-22,33.41999816894531,34.06999969482422,33.400001525878906,33.400001525878906,33.400001525878906,85900
2023-03-23,33.400001525878906,34.08000183105469,32.97999954223633,33.13999938964844,33.13999938964844,90700
2023-03-24,32.93000030517578,33.5099983215332,32.650001525878906,33.310001373291016,33.310001373291016,48100
2023-03-27,33.4900016784668,34.220001220703125,33.439998626708984,34.04999923706055,34.04999923706055,41700
2023-03-28,34.040000915527344,34.779998779296875,33.70000076293945,34.61000061035156,34.61000061035156,56100
2023-03-29,34.790000915527344,34.959999084472656,34.29999923706055,34.61000061035156,34.61000061035156,49200
2023-03-30,34.66999816894531,35.13999938964844,32.689998626708984,34.880001068115234,34.880001068115234,55800
2023-03-31,35.13999938964844,35.70000076293945,35.0,35.41999816894531,35.41999816894531,58400
2023-04-03,35.34000015258789,35.439998626708984,34.79999923706055,35.25,35.25,63500
2023-04-04,35.36000061035156,35.36000061035156,33.939998626708984,34.08000183105469,34.08000183105469,90600
2023-04-05,34.150001525878906,34.349998474121094,33.150001525878906,34.150001525878906,34.150001525878906,77300
2023-04-06,34.290000915527344,34.72999954223633,32.83000183105469,33.97999954223633,33.97999954223633,75900
2023-04-10,33.70000076293945,35.4900016784668,33.70000076293945,35.189998626708984,35.189998626708984,58800
2023-04-11,35.5099983215332,35.86000061035156,35.029998779296875,35.36000061035156,35.36000061035156,47600
2023-04-12,35.70000076293945,35.70000076293945,34.970001220703125,35.279998779296875,35.279998779296875,27300
2023-04-13,35.189998626708984,35.72999954223633,34.599998474121094,34.97999954223633,34.97999954223633,59000
2023-04-14,35.06999969482422,35.59000015258789,34.7400016784668,35.130001068115234,35.130001068115234,85900
2023-04-17,35.119998931884766,35.529998779296875,34.619998931884766,35.099998474121094,35.099998474121094,101100
2023-04-18,35.09000015258789,35.459999084472656,34.72999954223633,35.31999969482422,35.31999969482422,58800
2023-04-19,35.16999816894531,36.16999816894531,35.16999816894531,36.029998779296875,36.029998779296875,48000
2023-04-20,36.029998779296875,36.91999816894531,35.95000076293945,36.31999969482422,36.31999969482422,70500
2023-04-21,36.18000030517578,37.13999938964844,35.83000183105469,36.0099983215332,36.0099983215332,58200
2023-04-24,36.04999923706055,36.58000183105469,35.56999969482422,36.04999923706055,36.04999923706055,45800
2023-04-25,35.88999938964844,35.88999938964844,35.439998626708984,35.689998626708984,35.689998626708984,39800
2023-04-26,35.33000183105469,35.33000183105469,33.58000183105469,34.349998474121094,34.349998474121094,75700
2023-04-27,34.68000030517578,36.41999816894531,34.68000030517578,35.630001068115234,35.630001068115234,111900
2023-04-28,35.33000183105469,39.41999816894531,35.33000183105469,39.38999938964844,39.38999938964844,146700
2023-05-01,39.5,42.400001525878906,39.5,42.33000183105469,42.33000183105469,209000
2023-05-02,42.02000045776367,43.060001373291016,40.75,41.470001220703125,41.470001220703125,118400
2023-05-03,41.43000030517578,42.52000045776367,40.27000045776367,40.38999938964844,40.38999938964844,78900
2023-05-04,40.33000183105469,40.33000183105469,38.40999984741211,38.56999969482422,38.56999969482422,109700
2023-05-05,38.72999954223633,39.45000076293945,38.72999954223633,38.91999816894531,38.91999816894531,60300
2023-05-08,38.93000030517578,40.150001525878906,38.93000030517578,39.25,39.25,66600
2023-05-09,39.130001068115234,39.29999923706055,38.66999816894531,38.79999923706055,38.79999923706055,52500
2023-05-10,39.099998474121094,39.47999954223633,37.900001525878906,38.619998931884766,38.619998931884766,52500
2023-05-11,38.5099983215332,38.68000030517578,37.5,38.459999084472656,38.459999084472656,42900
2023-05-12,38.66999816894531,38.849998474121094,38.310001373291016,38.400001525878906,38.400001525878906,26100
2023-05-15,38.45000076293945,38.77000045776367,37.810001373291016,38.380001068115234,38.380001068115234,41600
2023-05-16,38.15999984741211,38.15999984741211,37.56999969482422,37.779998779296875,37.779998779296875,24600
2023-05-17,38.02000045776367,38.81999969482422,37.61000061035156,38.709999084472656,38.709999084472656,42800
2023-05-18,38.77000045776367,39.4900016784668,38.619998931884766,39.04999923706055,39.04999923706055,32000
2023-05-19,39.56999969482422,39.68000030517578,39.11000061035156,39.43000030517578,39.43000030517578,54500
2023-05-22,39.43000030517578,40.380001068115234,39.2400016784668,39.58000183105469,39.58000183105469,91000
2023-05-23,39.5,39.790000915527344,38.66999816894531,38.9900016784668,38.9900016784668,63400
2023-05-24,38.869998931884766,39.06999969482422,38.29999923706055,38.65999984741211,38.65999984741211,46200
2023-05-25,38.47999954223633,38.91999816894531,38.400001525878906,38.869998931884766,38.869998931884766,47500
2023-05-26,38.810001373291016,39.5,38.7400016784668,39.27000045776367,39.27000045776367,31000
2023-05-30,39.310001373291016,39.36000061035156,38.4900016784668,38.72999954223633,38.72999954223633,30500
2023-05-31,38.81999969482422,38.81999969482422,38.060001373291016,38.16999816894531,38.16999816894531,73400
2023-06-01,38.189998626708984,38.869998931884766,38.060001373291016,38.630001068115234,38.630001068115234,39200
2023-06-02,39.0099983215332,40.56999969482422,39.0099983215332,40.279998779296875,40.279998779296875,46300
2023-06-05,40.08000183105469,40.2400016784668,38.790000915527344,39.150001525878906,39.150001525878906,62300
2023-06-06,39.119998931884766,40.290000915527344,38.790000915527344,40.02000045776367,40.02000045776367,46800
2023-06-07,40.040000915527344,42.0099983215332,40.040000915527344,41.209999084472656,41.209999084472656,68700
2023-06-08,41.209999084472656,41.22999954223633,40.7400016784668,40.810001373291016,40.810001373291016,31000
2023-06-09,40.279998779296875,40.310001373291016,39.66999816894531,39.75,39.75,36500
2023-06-12,40.0,40.349998474121094,39.439998626708984,40.20000076293945,40.20000076293945,46000
2023-06-13,40.209999084472656,40.880001068115234,39.68000030517578,39.7599983215332,39.7599983215332,57100
2023-06-14,39.790000915527344,40.0,39.15999984741211,39.5,39.5,96900
2023-06-15,39.59000015258789,40.150001525878906,39.060001373291016,40.150001525878906,40.150001525878906,69300
2023-06-16,40.75,41.099998474121094,39.779998779296875,39.849998474121094,39.849998474121094,169300
2023-06-20,40.27000045776367,40.70000076293945,39.720001220703125,39.90999984741211,39.90999984741211,70500
2023-06-21,39.90999984741211,40.400001525878906,39.66999816894531,40.2400016784668,40.2400016784668,71200
2023-06-22,40.189998626708984,42.08000183105469,40.029998779296875,42.0,42.0,139400
2023-06-23,41.630001068115234,42.869998931884766,41.15999984741211,41.650001525878906,41.650001525878906,216300
2023-06-26,41.599998474121094,42.72999954223633,41.040000915527344,41.900001525878906,41.900001525878906,55900
2023-06-27,41.959999084472656,43.86000061035156,41.959999084472656,43.0099983215332,43.0099983215332,72800
2023-06-28,42.86000061035156,43.86000061035156,42.540000915527344,43.779998779296875,43.779998779296875,57200
2023-06-29,43.900001525878906,44.5,43.5099983215332,44.11000061035156,44.11000061035156,56800
2023-06-30,44.220001220703125,44.279998779296875,43.75,43.83000183105469,43.83000183105469,50100
2023-07-03,43.66999816894531,45.380001068115234,43.5099983215332,45.11000061035156,45.11000061035156,59400
2023-07-05,45.02000045776367,45.09000015258789,44.0099983215332,44.56999969482422,44.56999969482422,98100
2023-07-06,44.619998931884766,44.779998779296875,43.5,44.189998626708984,44.189998626708984,51600
2023-07-07,44.130001068115234,46.029998779296875,44.130001068115234,45.38999938964844,45.38999938964844,115400
2023-07-10,45.2400016784668,45.90999984741211,45.2400016784668,45.689998626708984,45.689998626708984,54700
2023-07-11,45.68000030517578,45.68000030517578,43.790000915527344,44.119998931884766,44.119998931884766,104700
2023-07-12,44.66999816894531,44.66999816894531,42.88999938964844,43.220001220703125,43.220001220703125,124200
2023-07-13,43.29999923706055,44.459999084472656,43.25,44.220001220703125,44.220001220703125,64100
2023-07-14,44.09000015258789,44.33000183105469,43.40999984741211,43.869998931884766,43.869998931884766,39500
2023-07-17,43.869998931884766,44.779998779296875,43.599998474121094,44.66999816894531,44.66999816894531,63600
2023-07-18,44.709999084472656,45.7400016784668,44.709999084472656,45.5,45.5,55900
2023-07-19,45.56999969482422,46.95000076293945,45.5,46.90999984741211,46.90999984741211,55200
2023-07-20,47.0,47.279998779296875,45.91999816894531,45.97999954223633,45.97999954223633,91800
2023-07-21,46.150001525878906,46.900001525878906,45.779998779296875,46.33000183105469,46.33000183105469,67100
2023-07-24,46.08000183105469,47.18000030517578,45.599998474121094,46.81999969482422,46.81999969482422,47800
2023-07-25,46.79999923706055,47.689998626708984,46.79999923706055,47.40999984741211,47.40999984741211,60500
2023-07-26,47.66999816894531,49.20000076293945,47.650001525878906,48.7599983215332,48.7599983215332,117300
2023-07-27,49.189998626708984,54.130001068115234,49.189998626708984,53.56999969482422,53.56999969482422,192200
2023-07-28,53.90999984741211,57.11000061035156,52.59000015258789,56.86000061035156,56.86000061035156,127400
2023-07-31,56.5,56.61000061035156,54.43000030517578,54.7599983215332,54.7599983215332,104300
2023-08-01,54.4900016784668,54.5,53.20000076293945,54.25,54.25,106900
2023-08-02,54.0099983215332,55.91999816894531,54.0099983215332,55.43000030517578,55.43000030517578,55200
2023-08-03,55.189998626708984,56.31999969482422,54.72999954223633,55.66999816894531,55.66999816894531,49800
2023-08-04,55.529998779296875,56.20000076293945,54.9900016784668,55.9900016784668,55.9900016784668,50300
2023-08-07,55.90999984741211,56.9900016784668,55.16999816894531,56.16999816894531,56.16999816894531,56800
2023-08-08,55.7599983215332,56.689998626708984,55.47999954223633,56.209999084472656,56.209999084472656,53000
2023-08-09,56.08000183105469,57.56999969482422,55.77000045776367,56.90999984741211,56.90999984741211,109000
2023-08-10,57.119998931884766,57.369998931884766,54.540000915527344,55.2400016784668,55.2400016784668,86500
2023-08-11,55.119998931884766,55.68000030517578,54.470001220703125,54.77000045776367,54.77000045776367,60500
2023-08-14,54.709999084472656,54.709999084472656,53.279998779296875,53.34000015258789,53.34000015258789,75700
2023-08-15,53.040000915527344,53.04999923706055,51.810001373291016,52.380001068115234,52.380001068115234,61600
2023-08-16,52.279998779296875,52.75,50.779998779296875,50.84000015258789,50.84000015258789,68300
2023-08-17,50.81999969482422,50.97999954223633,49.63999938964844,49.97999954223633,49.97999954223633,92200
2023-08-18,49.650001525878906,50.40999984741211,49.2400016784668,50.06999969482422,50.06999969482422,82600
2023-08-21,50.0,50.02000045776367,49.369998931884766,49.41999816894531,49.41999816894531,43100
2023-08-22,49.61000061035156,50.29999923706055,48.66999816894531,49.86000061035156,49.86000061035156,61600
2023-08-23,49.86000061035156,50.900001525878906,49.650001525878906,50.41999816894531,50.41999816894531,59200
2023-08-24,50.2400016784668,50.630001068115234,49.9900016784668,50.13999938964844,50.13999938964844,41200
2023-08-25,50.310001373291016,50.59000015258789,48.439998626708984,49.27000045776367,49.27000045776367,40300
2023-08-28,49.310001373291016,50.029998779296875,48.4900016784668,49.380001068115234,49.380001068115234,52000
2023-08-29,49.290000915527344,49.7400016784668,48.72999954223633,49.650001525878906,49.650001525878906,36400
2023-08-30,49.599998474121094,50.34000015258789,49.45000076293945,50.0,50.0,30800
2023-08-31,49.779998779296875,49.86000061035156,49.0,49.16999816894531,49.16999816894531,55400
2023-09-01,49.400001525878906,50.310001373291016,49.15999984741211,50.25,50.25,37900
