Date,Open,High,Low,Close,Adj Close,Volume
2017-09-15,12.550000190734863,12.711000442504883,11.699999809265137,12.0,12.0,82000
2017-09-18,11.369999885559082,11.989999771118164,11.149999618530273,11.364999771118164,11.364999771118164,84200
2017-09-19,11.34000015258789,11.350000381469727,10.170000076293945,11.300000190734863,11.300000190734863,79400
2017-09-20,11.5,11.850000381469727,11.149999618530273,11.6899995803833,11.6899995803833,44000
2017-09-21,11.75,12.479999542236328,11.739999771118164,11.739999771118164,11.739999771118164,22600
2017-09-22,12.020000457763672,12.5,11.75,11.8100004196167,11.8100004196167,14200
2017-09-25,11.819999694824219,11.949999809265137,11.3100004196167,11.510000228881836,11.510000228881836,45000
2017-09-26,11.520000457763672,11.616000175476074,11.319999694824219,11.399999618530273,11.399999618530273,10400
2017-09-27,11.300000190734863,11.880000114440918,11.300000190734863,11.550000190734863,11.550000190734863,29000
2017-09-28,11.739999771118164,11.739999771118164,11.0,11.300000190734863,11.300000190734863,30800
2017-09-29,11.366000175476074,11.366000175476074,10.800000190734863,11.09000015258789,11.09000015258789,28200
2017-10-02,11.460000038146973,11.734999656677246,11.25,11.399999618530273,11.399999618530273,23300
2017-10-03,11.739999771118164,11.739999771118164,11.505000114440918,11.696999549865723,11.696999549865723,9400
2017-10-04,11.739999771118164,11.74899959564209,11.5,11.5,11.5,13300
2017-10-05,11.600000381469727,11.739999771118164,11.199999809265137,11.739999771118164,11.739999771118164,25600
2017-10-06,11.930000305175781,12.0,11.4399995803833,11.779999732971191,11.779999732971191,18900
2017-10-09,11.529999732971191,13.199999809265137,11.529999732971191,12.170000076293945,12.170000076293945,59000
2017-10-10,12.800000190734863,12.800000190734863,11.520000457763672,12.053999900817871,12.053999900817871,59200
2017-10-11,11.899999618530273,12.479999542236328,11.899999618530273,12.029999732971191,12.029999732971191,57600
2017-10-12,12.199999809265137,13.0,11.600000381469727,12.350000381469727,12.350000381469727,83500
2017-10-13,12.359999656677246,12.399999618530273,12.0,12.039999961853027,12.039999961853027,35200
2017-10-16,12.039999961853027,12.039999961853027,9.989999771118164,10.5600004196167,10.5600004196167,162100
2017-10-17,10.5600004196167,10.5600004196167,10.0,10.550000190734863,10.550000190734863,60500
2017-10-18,10.09000015258789,11.039999961853027,9.069999694824219,10.359999656677246,10.359999656677246,73100
2017-10-19,9.890000343322754,10.670999526977539,9.890000343322754,10.399999618530273,10.399999618530273,15100
2017-10-20,10.449999809265137,10.729999542236328,10.300000190734863,10.4399995803833,10.4399995803833,12400
2017-10-23,10.38700008392334,10.479999542236328,9.76099967956543,10.1899995803833,10.1899995803833,22900
2017-10-24,9.90999984741211,10.220000267028809,9.90999984741211,10.140000343322754,10.140000343322754,13000
2017-10-25,9.880000114440918,10.239999771118164,9.850000381469727,9.890000343322754,9.890000343322754,16400
2017-10-26,10.0,10.239999771118164,9.75,9.829999923706055,9.829999923706055,8800
2017-10-27,9.65999984741211,9.74899959564209,9.211000442504883,9.649999618530273,9.649999618530273,21900
2017-10-30,10.050000190734863,10.050000190734863,9.14900016784668,9.46399974822998,9.46399974822998,12500
2017-10-31,9.25,9.5,9.25,9.489999771118164,9.489999771118164,11900
2017-11-01,9.420000076293945,9.420000076293945,8.0,9.050000190734863,9.050000190734863,23800
2017-11-02,9.0600004196167,9.5,9.0600004196167,9.359999656677246,9.359999656677246,5100
2017-11-03,9.550000190734863,9.600000381469727,9.494999885559082,9.5600004196167,9.5600004196167,6900
2017-11-06,9.210000038146973,9.4399995803833,8.989999771118164,9.260000228881836,9.260000228881836,13700
2017-11-07,9.300000190734863,9.300000190734863,9.020000457763672,9.170000076293945,9.170000076293945,8200
2017-11-08,8.619999885559082,9.300000190734863,8.609999656677246,9.288999557495117,9.288999557495117,5400
2017-11-09,9.251999855041504,9.270000457763672,9.055999755859375,9.119999885559082,9.119999885559082,800
2017-11-10,8.720000267028809,9.979999542236328,8.720000267028809,9.979999542236328,9.979999542236328,22800
2017-11-13,10.1899995803833,10.25,9.989999771118164,10.1850004196167,10.1850004196167,5700
2017-11-14,10.279999732971191,10.279999732971191,9.199999809265137,10.079999923706055,10.079999923706055,17900
2017-11-15,10.175000190734863,10.175000190734863,9.729999542236328,10.100000381469727,10.100000381469727,3200
2017-11-16,9.779999732971191,10.199999809265137,9.109999656677246,10.09000015258789,10.09000015258789,31700
2017-11-17,9.449999809265137,10.0,9.449999809265137,10.0,10.0,15300
2017-11-20,10.0,10.298999786376953,10.0,10.199999809265137,10.199999809265137,16100
2017-11-21,10.300000190734863,10.470000267028809,9.79699993133545,10.069999694824219,10.069999694824219,15000
2017-11-22,10.0,10.149999618530273,9.961999893188477,10.140000343322754,10.140000343322754,3800
2017-11-24,10.149999618530273,10.149999618530273,9.59000015258789,9.949999809265137,9.949999809265137,16800
2017-11-27,9.949999809265137,10.180000305175781,9.708999633789062,9.869999885559082,9.869999885559082,12600
2017-11-28,9.899999618530273,10.0,9.369999885559082,9.699999809265137,9.699999809265137,9100
2017-11-29,9.699999809265137,9.850000381469727,9.300000190734863,9.359999656677246,9.359999656677246,16400
2017-11-30,9.300000190734863,9.710000038146973,9.039999961853027,9.6899995803833,9.6899995803833,29200
2017-12-01,9.130000114440918,9.670000076293945,9.0600004196167,9.569999694824219,9.569999694824219,6400
2017-12-04,9.569999694824219,9.569999694824219,8.649999618530273,9.0,9.0,19900
2017-12-05,9.489999771118164,9.489999771118164,8.739999771118164,8.989999771118164,8.989999771118164,13900
2017-12-06,8.729000091552734,8.960000038146973,8.729000091552734,8.904999732971191,8.904999732971191,7400
2017-12-07,8.899999618530273,9.100000381469727,8.619999885559082,8.989999771118164,8.989999771118164,6900
2017-12-08,8.5,9.470000267028809,8.5,9.25,9.25,101200
2017-12-11,9.16100025177002,9.187000274658203,8.609999656677246,8.970000267028809,8.970000267028809,40100
2017-12-12,8.970000267028809,9.029999732971191,8.899999618530273,8.899999618530273,8.899999618530273,13500
2017-12-13,8.942999839782715,9.15999984741211,8.800000190734863,8.899999618530273,8.899999618530273,43400
2017-12-14,8.994999885559082,9.140000343322754,8.994999885559082,9.050000190734863,9.050000190734863,12200
2017-12-15,9.131999969482422,9.159000396728516,9.0600004196167,9.149999618530273,9.149999618530273,26300
2017-12-18,9.15999984741211,9.399999618530273,9.140000343322754,9.300000190734863,9.300000190734863,12600
2017-12-19,9.149999618530273,9.25,9.050000190734863,9.199999809265137,9.199999809265137,23200
2017-12-20,9.399999618530273,9.399999618530273,9.140000343322754,9.390000343322754,9.390000343322754,11100
2017-12-21,9.145000457763672,9.5,9.050000190734863,9.329999923706055,9.329999923706055,20000
2017-12-22,9.480999946594238,9.5,9.15999984741211,9.300000190734863,9.300000190734863,8000
2017-12-26,9.404999732971191,9.9399995803833,9.239999771118164,9.550000190734863,9.550000190734863,37500
2017-12-27,9.5,9.949999809265137,8.75,9.420000076293945,9.420000076293945,82100
2017-12-28,9.390000343322754,9.920000076293945,9.350000381469727,9.539999961853027,9.539999961853027,62900
2017-12-29,9.5,10.050000190734863,9.5,10.020000457763672,10.020000457763672,33900
2018-01-02,9.979999542236328,11.239999771118164,9.821000099182129,10.149999618530273,10.149999618530273,24800
2018-01-03,10.09000015258789,10.319999694824219,9.781000137329102,9.899999618530273,9.899999618530273,10600
2018-01-04,10.130000114440918,10.130000114440918,9.75,10.0,10.0,10300
2018-01-05,10.050000190734863,10.112000465393066,9.819999694824219,9.979999542236328,9.979999542236328,12700
2018-01-08,9.819999694824219,9.819999694824219,9.539999961853027,9.59000015258789,9.59000015258789,11600
2018-01-09,9.668999671936035,10.069999694824219,9.479000091552734,9.600000381469727,9.600000381469727,23600
2018-01-10,9.760000228881836,9.800000190734863,9.489999771118164,9.600000381469727,9.600000381469727,19900
2018-01-11,9.229999542236328,9.65999984741211,9.229999542236328,9.460000038146973,9.460000038146973,16900
2018-01-12,9.479999542236328,9.699999809265137,9.40999984741211,9.442999839782715,9.442999839782715,12400
2018-01-16,9.449999809265137,9.800000190734863,9.020000457763672,9.260000228881836,9.260000228881836,9300
2018-01-17,9.105999946594238,9.420000076293945,9.100000381469727,9.210000038146973,9.210000038146973,9400
2018-01-18,9.270000457763672,9.619999885559082,9.0600004196167,9.399999618530273,9.399999618530273,11200
2018-01-19,9.489999771118164,9.729999542236328,9.399999618530273,9.630000114440918,9.630000114440918,10700
2018-01-22,9.539999961853027,9.699999809265137,9.399999618530273,9.399999618530273,9.399999618530273,12600
2018-01-23,9.314000129699707,9.5,9.314000129699707,9.40999984741211,9.40999984741211,5600
2018-01-24,9.40999984741211,9.479999542236328,9.3100004196167,9.329000473022461,9.329000473022461,6300
2018-01-25,9.34000015258789,9.380000114440918,9.109999656677246,9.109999656677246,9.109999656677246,5700
2018-01-26,9.079999923706055,9.3100004196167,9.050000190734863,9.15999984741211,9.15999984741211,23300
2018-01-29,9.15999984741211,9.180000305175781,8.800000190734863,8.890000343322754,8.890000343322754,19900
2018-01-30,8.90999984741211,9.00100040435791,8.800000190734863,8.979999542236328,8.979999542236328,18400
2018-01-31,9.0,9.1850004196167,8.850000381469727,8.850000381469727,8.850000381469727,21000
2018-02-01,8.649999618530273,9.079999923706055,8.649999618530273,8.829999923706055,8.829999923706055,14400
2018-02-02,8.880000114440918,9.074999809265137,8.880000114440918,8.989999771118164,8.989999771118164,5300
2018-02-05,8.890000343322754,9.010000228881836,8.260000228881836,8.380000114440918,8.380000114440918,15900
2018-02-06,8.199999809265137,8.850000381469727,8.199999809265137,8.430000305175781,8.430000305175781,8500
2018-02-07,8.600000381469727,8.994999885559082,8.3100004196167,8.329999923706055,8.329999923706055,11900
2018-02-08,8.5,8.710000038146973,8.300000190734863,8.710000038146973,8.710000038146973,24800
2018-02-09,8.869999885559082,8.899999618530273,7.553999900817871,8.260000228881836,8.260000228881836,12700
2018-02-12,8.119999885559082,8.899999618530273,8.119999885559082,8.899999618530273,8.899999618530273,12000
2018-02-13,8.555999755859375,8.800000190734863,7.900000095367432,8.503999710083008,8.503999710083008,14100
2018-02-14,8.319999694824219,8.899999618530273,8.279999732971191,8.449999809265137,8.449999809265137,24900
2018-02-15,8.430000305175781,8.85200023651123,8.430000305175781,8.65999984741211,8.65999984741211,26400
2018-02-16,8.65999984741211,9.5,8.619999885559082,9.010000228881836,9.010000228881836,53400
2018-02-20,9.329999923706055,9.494999885559082,9.109999656677246,9.109999656677246,9.109999656677246,28700
2018-02-21,9.489999771118164,9.58899974822998,9.050000190734863,9.3100004196167,9.3100004196167,68700
2018-02-22,9.649999618530273,9.649999618530273,9.050000190734863,9.130000114440918,9.130000114440918,55300
2018-02-23,9.300000190734863,9.350000381469727,8.942000389099121,9.15999984741211,9.15999984741211,33200
2018-02-26,9.0,9.600000381469727,8.989999771118164,9.5,9.5,40600
2018-02-27,9.600000381469727,9.65999984741211,9.40999984741211,9.520000457763672,9.520000457763672,28300
2018-02-28,9.470000267028809,9.543000221252441,9.119999885559082,9.229999542236328,9.229999542236328,64300
2018-03-01,9.25,9.472999572753906,9.109999656677246,9.369999885559082,9.369999885559082,14900
2018-03-02,9.380000114440918,9.430000305175781,9.010000228881836,9.1899995803833,9.1899995803833,52900
2018-03-05,9.100000381469727,9.25,9.100000381469727,9.180000305175781,9.180000305175781,8100
2018-03-06,9.149999618530273,9.25,9.010000228881836,9.15999984741211,9.15999984741211,20000
2018-03-07,9.020000457763672,9.239999771118164,8.989999771118164,9.239999771118164,9.239999771118164,11200
2018-03-08,9.100000381469727,9.420000076293945,9.050000190734863,9.1899995803833,9.1899995803833,21300
2018-03-09,9.289999961853027,9.430999755859375,8.90999984741211,9.399999618530273,9.399999618530273,13400
2018-03-12,9.510000228881836,9.699999809265137,9.15999984741211,9.270000457763672,9.270000457763672,62600
2018-03-13,9.470000267028809,9.836000442504883,9.020000457763672,9.375,9.375,48800
2018-03-14,9.59000015258789,9.800000190734863,9.065999984741211,9.430000305175781,9.430000305175781,69000
2018-03-15,9.34000015258789,9.788999557495117,9.34000015258789,9.40999984741211,9.40999984741211,71800
2018-03-16,9.479999542236328,9.779999732971191,9.380000114440918,9.569999694824219,9.569999694824219,11300
2018-03-19,9.579000473022461,9.680000305175781,9.279999732971191,9.510000228881836,9.510000228881836,16700
2018-03-20,9.729000091552734,9.729000091552734,9.574999809265137,9.699999809265137,9.699999809265137,33600
2018-03-21,10.5,10.800000190734863,9.739999771118164,10.350000381469727,10.350000381469727,470400
2018-03-22,10.479999542236328,10.878000259399414,10.479999542236328,10.729999542236328,10.729999542236328,121400
2018-03-23,10.729999542236328,11.699999809265137,10.720000267028809,10.9399995803833,10.9399995803833,109400
2018-03-26,11.199999809265137,11.3100004196167,10.333999633789062,10.899999618530273,10.899999618530273,63600
2018-03-27,12.260000228881836,12.260000228881836,10.850000381469727,11.300000190734863,11.300000190734863,279900
2018-03-28,11.329999923706055,12.5,11.300000190734863,12.100000381469727,12.100000381469727,286100
2018-03-29,12.039999961853027,12.095000267028809,11.565999984741211,12.095000267028809,12.095000267028809,106600
2018-04-02,12.25,12.739999771118164,11.880000114440918,12.170000076293945,12.170000076293945,109000
2018-04-03,12.0600004196167,12.859999656677246,11.979999542236328,12.59000015258789,12.59000015258789,81200
2018-04-04,12.609999656677246,12.949999809265137,12.5,12.579999923706055,12.579999923706055,61300
2018-04-05,12.680000305175781,13.380000114440918,12.680000305175781,13.029999732971191,13.029999732971191,65300
2018-04-06,13.026000022888184,14.34000015258789,13.008999824523926,14.069999694824219,14.069999694824219,123100
2018-04-09,14.239999771118164,14.986000061035156,13.640000343322754,14.329999923706055,14.329999923706055,311100
2018-04-10,14.850000381469727,14.880000114440918,13.149999618530273,13.5,13.5,160600
2018-04-11,13.399999618530273,14.300000190734863,13.25,13.949999809265137,13.949999809265137,87100
2018-04-12,13.989999771118164,14.300000190734863,13.989999771118164,14.050000190734863,14.050000190734863,71500
2018-04-13,14.050000190734863,14.156999588012695,13.15999984741211,13.850000381469727,13.850000381469727,63200
2018-04-16,13.949999809265137,14.289999961853027,13.34000015258789,13.75,13.75,69200
2018-04-17,13.75,13.75,13.050000190734863,13.5600004196167,13.5600004196167,118500
2018-04-18,13.5,13.75,12.75,13.75,13.75,146000
2018-04-19,13.75,13.899999618530273,13.359999656677246,13.4399995803833,13.4399995803833,22000
2018-04-20,13.510000228881836,13.689000129699707,13.260000228881836,13.34000015258789,13.34000015258789,28900
2018-04-23,13.420000076293945,13.4399995803833,12.880000114440918,13.0600004196167,13.0600004196167,45900
2018-04-24,12.970000267028809,13.479999542236328,12.859999656677246,13.010000228881836,13.010000228881836,78100
2018-04-25,13.09000015258789,13.543999671936035,12.651000022888184,12.8100004196167,12.8100004196167,34500
2018-04-26,12.739999771118164,13.300000190734863,12.460000038146973,12.460000038146973,12.460000038146973,53800
2018-04-27,12.520000457763672,13.395999908447266,12.024999618530273,12.15999984741211,12.15999984741211,44400
2018-04-30,12.359999656677246,12.989999771118164,11.9350004196167,12.5,12.5,95800
2018-05-01,12.5,13.437999725341797,11.970000267028809,12.220000267028809,12.220000267028809,73800
2018-05-02,12.15999984741211,12.90999984741211,12.020000457763672,12.569999694824219,12.569999694824219,94800
2018-05-03,12.65999984741211,12.84000015258789,12.010000228881836,12.489999771118164,12.489999771118164,113300
2018-05-04,12.40999984741211,13.289999961853027,12.100000381469727,12.25,12.25,65400
2018-05-07,12.109999656677246,12.699999809265137,11.720000267028809,11.869999885559082,11.869999885559082,82100
2018-05-08,11.710000038146973,12.029999732971191,11.569999694824219,11.899999618530273,11.899999618530273,42200
2018-05-09,11.989999771118164,12.300000190734863,11.4399995803833,11.670000076293945,11.670000076293945,61500
2018-05-10,11.545999526977539,11.779999732971191,11.430000305175781,11.539999961853027,11.539999961853027,37600
2018-05-11,11.5600004196167,11.84000015258789,11.371000289916992,11.6899995803833,11.6899995803833,19700
2018-05-14,11.84000015258789,12.0,11.430000305175781,11.579999923706055,11.579999923706055,61000
2018-05-15,11.600000381469727,11.800000190734863,11.279999732971191,11.350000381469727,11.350000381469727,81400
2018-05-16,11.420000076293945,11.739999771118164,11.130000114440918,11.300000190734863,11.300000190734863,76500
2018-05-17,11.220000267028809,11.600000381469727,10.90999984741211,11.0600004196167,11.0600004196167,89700
2018-05-18,11.069999694824219,11.5600004196167,11.003999710083008,11.079999923706055,11.079999923706055,32700
2018-05-21,11.140000343322754,11.520000457763672,10.9399995803833,11.109999656677246,11.109999656677246,32300
2018-05-22,11.010000228881836,11.09000015258789,10.34000015258789,10.6899995803833,10.6899995803833,73400
2018-05-23,10.75,11.510000228881836,10.699999809265137,11.239999771118164,11.239999771118164,181200
2018-05-24,11.100000381469727,11.220000267028809,10.880000114440918,11.079999923706055,11.079999923706055,44000
2018-05-25,11.149999618530273,11.48900032043457,10.850000381469727,11.119999885559082,11.119999885559082,49600
2018-05-29,11.119999885559082,11.539999961853027,10.720000267028809,11.229999542236328,11.229999542236328,91400
2018-05-30,11.420000076293945,12.510000228881836,11.010000228881836,11.6899995803833,11.6899995803833,202400
2018-05-31,11.9399995803833,12.079999923706055,11.5,11.539999961853027,11.539999961853027,64700
2018-06-01,11.619999885559082,12.069999694824219,11.5600004196167,12.029999732971191,12.029999732971191,98100
2018-06-04,12.079999923706055,12.098999977111816,11.289999961853027,11.65999984741211,11.65999984741211,99200
2018-06-05,11.59000015258789,11.729999542236328,10.670000076293945,10.9399995803833,10.9399995803833,159900
2018-06-06,11.039999961853027,11.592000007629395,11.0,11.180000305175781,11.180000305175781,92400
2018-06-07,11.369999885559082,11.369999885559082,10.789999961853027,10.930000305175781,10.930000305175781,59100
2018-06-08,11.010000228881836,11.010000228881836,10.460000038146973,10.770000457763672,10.770000457763672,110500
2018-06-11,10.779999732971191,11.050000190734863,10.600000381469727,11.020000457763672,11.020000457763672,135300
2018-06-12,11.039999961853027,11.039999961853027,10.520000457763672,10.5600004196167,10.5600004196167,60400
2018-06-13,10.520000457763672,10.619999885559082,10.069999694824219,10.609999656677246,10.609999656677246,81900
2018-06-14,10.619999885559082,10.619999885559082,10.329999923706055,10.399999618530273,10.399999618530273,35600
2018-06-15,10.399999618530273,10.42300033569336,10.010000228881836,10.050000190734863,10.050000190734863,85200
2018-06-18,10.25,11.170000076293945,10.083000183105469,10.829999923706055,10.829999923706055,105200
2018-06-19,10.779999732971191,11.029999732971191,10.529999732971191,10.960000038146973,10.960000038146973,100300
2018-06-20,10.84000015258789,11.119999885559082,10.84000015258789,10.949999809265137,10.949999809265137,60500
2018-06-21,11.010000228881836,11.25,10.335000038146973,10.430000305175781,10.430000305175781,194800
2018-06-22,10.520000457763672,11.199999809265137,10.350000381469727,10.979999542236328,10.979999542236328,1356700
2018-06-25,11.0,11.8100004196167,10.359999656677246,10.739999771118164,10.739999771118164,217000
2018-06-26,10.819999694824219,10.979999542236328,10.350000381469727,10.5,10.5,117900
2018-06-27,10.579999923706055,10.579999923706055,10.069999694824219,10.239999771118164,10.239999771118164,114500
2018-06-28,10.239999771118164,10.430000305175781,10.1850004196167,10.260000228881836,10.260000228881836,78300
2018-06-29,10.329999923706055,10.470000267028809,10.1899995803833,10.4399995803833,10.4399995803833,100600
2018-07-02,10.369999885559082,10.454999923706055,9.901000022888184,10.1899995803833,10.1899995803833,90800
2018-07-03,10.260000228881836,10.670000076293945,10.079999923706055,10.539999961853027,10.539999961853027,72100
2018-07-05,10.609999656677246,10.949999809265137,10.449999809265137,10.829999923706055,10.829999923706055,49900
2018-07-06,10.850000381469727,11.0,10.071000099182129,10.350000381469727,10.350000381469727,134600
2018-07-09,10.416999816894531,10.416999816894531,9.98900032043457,10.079999923706055,10.079999923706055,94400
2018-07-10,10.100000381469727,10.199999809265137,9.76099967956543,9.890000343322754,9.890000343322754,117000
2018-07-11,9.819999694824219,9.989999771118164,9.449999809265137,9.59000015258789,9.59000015258789,104400
2018-07-12,9.65999984741211,9.859999656677246,9.569999694824219,9.8100004196167,9.8100004196167,38400
2018-07-13,9.760000228881836,9.817000389099121,9.630000114440918,9.680000305175781,9.680000305175781,29900
2018-07-16,9.65999984741211,9.65999984741211,9.260000228881836,9.390000343322754,9.390000343322754,130400
2018-07-17,9.359999656677246,9.460000038146973,9.288999557495117,9.300000190734863,9.300000190734863,48700
2018-07-18,9.350000381469727,9.458999633789062,9.201000213623047,9.300000190734863,9.300000190734863,82500
2018-07-19,9.319999694824219,9.369999885559082,9.109999656677246,9.15999984741211,9.15999984741211,42200
2018-07-20,9.199999809265137,9.350000381469727,9.199999809265137,9.210000038146973,9.210000038146973,26800
2018-07-23,9.170000076293945,9.239999771118164,9.119999885559082,9.149999618530273,9.149999618530273,34200
2018-07-24,9.180000305175781,9.180000305175781,8.821000099182129,8.989999771118164,8.989999771118164,76800
2018-07-25,9.039999961853027,9.220000267028809,9.0,9.130000114440918,9.130000114440918,49100
2018-07-26,9.180000305175781,9.489999771118164,9.180000305175781,9.260000228881836,9.260000228881836,48100
2018-07-27,9.260000228881836,9.289999961853027,8.779999732971191,8.979999542236328,8.979999542236328,45200
2018-07-30,9.0,9.399999618530273,8.920000076293945,9.279999732971191,9.279999732971191,58300
2018-07-31,9.260000228881836,9.3100004196167,9.149999618530273,9.199999809265137,9.199999809265137,22900
2018-08-01,9.149999618530273,9.430000305175781,9.109999656677246,9.34000015258789,9.34000015258789,37400
2018-08-02,9.34000015258789,9.34000015258789,9.015000343322754,9.180000305175781,9.180000305175781,76000
2018-08-03,9.199999809265137,9.199999809265137,8.899999618530273,9.029999732971191,9.029999732971191,36200
2018-08-06,9.010000228881836,9.668999671936035,9.010000228881836,9.380000114440918,9.380000114440918,144700
2018-08-07,9.800000190734863,9.9399995803833,9.350000381469727,9.8100004196167,9.8100004196167,211700
2018-08-08,9.75,10.008999824523926,9.5,9.529999732971191,9.529999732971191,84900
2018-08-09,9.510000228881836,10.039999961853027,9.5,9.899999618530273,9.899999618530273,93800
2018-08-10,9.899999618530273,10.210000038146973,9.850000381469727,10.010000228881836,10.010000228881836,47400
2018-08-13,10.109999656677246,10.609999656677246,9.793000221252441,10.4399995803833,10.4399995803833,74700
2018-08-14,10.359999656677246,10.550000190734863,10.289999961853027,10.420000076293945,10.420000076293945,51200
2018-08-15,10.470000267028809,10.470000267028809,9.800000190734863,9.850000381469727,9.850000381469727,51500
2018-08-16,9.899999618530273,10.289999961853027,9.779999732971191,9.9399995803833,9.9399995803833,75800
2018-08-17,9.970000267028809,9.970000267028809,9.520000457763672,9.729999542236328,9.729999542236328,46500
2018-08-20,9.779999732971191,9.779999732971191,9.5600004196167,9.609999656677246,9.609999656677246,35400
2018-08-21,9.5600004196167,9.760000228881836,9.510000228881836,9.670000076293945,9.670000076293945,55500
2018-08-22,9.680000305175781,10.1899995803833,9.59000015258789,10.020000457763672,10.020000457763672,102900
2018-08-23,9.989999771118164,10.079999923706055,9.383000373840332,9.680000305175781,9.680000305175781,124500
2018-08-24,9.6899995803833,9.869999885559082,9.539999961853027,9.789999961853027,9.789999961853027,80600
2018-08-27,9.800000190734863,9.960000038146973,9.680000305175781,9.739999771118164,9.739999771118164,32500
2018-08-28,9.800000190734863,9.880000114440918,9.59000015258789,9.710000038146973,9.710000038146973,91900
2018-08-29,9.800000190734863,9.850000381469727,9.59000015258789,9.720000267028809,9.720000267028809,75600
2018-08-30,9.680000305175781,9.9399995803833,9.680000305175781,9.90999984741211,9.90999984741211,69600
2018-08-31,9.9399995803833,9.989999771118164,9.350000381469727,9.520000457763672,9.520000457763672,159700
2018-09-04,9.520000457763672,9.649999618530273,8.600000381469727,9.289999961853027,9.289999961853027,273700
2018-09-05,9.260000228881836,9.5,8.800000190734863,8.979999542236328,8.979999542236328,114900
2018-09-06,9.020000457763672,9.130000114440918,8.600000381469727,8.869999885559082,8.869999885559082,89400
2018-09-07,8.890000343322754,8.98900032043457,8.701000213623047,8.789999961853027,8.789999961853027,66400
2018-09-10,8.859999656677246,8.859999656677246,8.458999633789062,8.609999656677246,8.609999656677246,60200
2018-09-11,8.569999694824219,8.649999618530273,8.0600004196167,8.199999809265137,8.199999809265137,96200
2018-09-12,8.149999618530273,8.170000076293945,7.820000171661377,7.949999809265137,7.949999809265137,216600
2018-09-13,7.809999942779541,8.100000381469727,7.75,7.840000152587891,7.840000152587891,149900
2018-09-14,7.699999809265137,8.569999694824219,7.690000057220459,8.399999618530273,8.399999618530273,212600
2018-09-17,8.460000038146973,8.470000267028809,8.0,8.220000267028809,8.220000267028809,96300
2018-09-18,8.170000076293945,8.739999771118164,8.170000076293945,8.300000190734863,8.300000190734863,80100
2018-09-19,8.3100004196167,8.460000038146973,8.220000267028809,8.229999542236328,8.229999542236328,64500
2018-09-20,8.25,8.406000137329102,8.09000015258789,8.170000076293945,8.170000076293945,89500
2018-09-21,8.15999984741211,8.34000015258789,8.079999923706055,8.140000343322754,8.140000343322754,143800
2018-09-24,8.15999984741211,8.40999984741211,7.900000095367432,8.180000305175781,8.180000305175781,59800
2018-09-25,8.229999542236328,8.515000343322754,8.170000076293945,8.460000038146973,8.460000038146973,81800
2018-09-26,8.460000038146973,8.470000267028809,8.239999771118164,8.239999771118164,8.239999771118164,60600
2018-09-27,8.239999771118164,8.260000228881836,8.020000457763672,8.130000114440918,8.130000114440918,73300
2018-09-28,8.079999923706055,8.210000038146973,8.041999816894531,8.199999809265137,8.199999809265137,38500
2018-10-01,8.220000267028809,8.461000442504883,7.989999771118164,8.010000228881836,8.010000228881836,73800
2018-10-02,8.039999961853027,8.170000076293945,7.989999771118164,8.029999732971191,8.029999732971191,40300
2018-10-03,8.079999923706055,8.590999603271484,7.90500020980835,8.390000343322754,8.390000343322754,135700
2018-10-04,8.479999542236328,8.5,8.119999885559082,8.1899995803833,8.1899995803833,67100
2018-10-05,8.170000076293945,8.229999542236328,7.800000190734863,7.909999847412109,7.909999847412109,117800
2018-10-08,7.829999923706055,8.170000076293945,7.71999979019165,7.829999923706055,7.829999923706055,70500
2018-10-09,7.869999885559082,8.029999732971191,7.800000190734863,7.829999923706055,7.829999923706055,54000
2018-10-10,7.829999923706055,7.829999923706055,7.170000076293945,7.260000228881836,7.260000228881836,114100
2018-10-11,7.369999885559082,8.015000343322754,7.349999904632568,7.710000038146973,7.710000038146973,173300
2018-10-12,7.920000076293945,8.149999618530273,7.429999828338623,7.789999961853027,7.789999961853027,125100
2018-10-15,7.789999961853027,7.789999961853027,7.639999866485596,7.730000019073486,7.730000019073486,35700
2018-10-16,7.78000020980835,8.25,7.689000129699707,7.860000133514404,7.860000133514404,52700
2018-10-17,7.789999961853027,7.960000038146973,7.699999809265137,7.909999847412109,7.909999847412109,21300
2018-10-18,8.0,8.039999961853027,7.519999980926514,7.590000152587891,7.590000152587891,127100
2018-10-19,7.599999904632568,7.764999866485596,7.449999809265137,7.46999979019165,7.46999979019165,41400
2018-10-22,7.46999979019165,7.51800012588501,7.059999942779541,7.400000095367432,7.400000095367432,108200
2018-10-23,7.269999980926514,7.389999866485596,7.130000114440918,7.260000228881836,7.260000228881836,66400
2018-10-24,7.289999961853027,7.349999904632568,6.920000076293945,6.940000057220459,6.940000057220459,59300
2018-10-25,6.9629998207092285,7.28000020980835,6.880000114440918,7.230000019073486,7.230000019073486,105000
2018-10-26,7.099999904632568,7.2789998054504395,6.974999904632568,7.110000133514404,7.110000133514404,164800
2018-10-29,7.039999961853027,7.127999782562256,6.309999942779541,6.420000076293945,6.420000076293945,85300
2018-10-30,6.380000114440918,7.0279998779296875,6.28000020980835,6.900000095367432,6.900000095367432,157300
2018-10-31,6.96999979019165,7.376999855041504,6.96999979019165,7.28000020980835,7.28000020980835,65400
2018-11-01,7.28000020980835,7.559999942779541,7.28000020980835,7.460000038146973,7.460000038146973,49800
2018-11-02,7.5,7.610000133514404,7.400000095367432,7.550000190734863,7.550000190734863,60200
2018-11-05,7.599999904632568,7.699999809265137,7.309999942779541,7.519999980926514,7.519999980926514,52300
2018-11-06,7.480000019073486,7.630000114440918,7.289999961853027,7.349999904632568,7.349999904632568,27900
2018-11-07,7.349999904632568,7.650000095367432,7.0,7.559999942779541,7.559999942779541,69600
2018-11-08,7.579999923706055,8.229999542236328,7.550000190734863,8.109999656677246,8.109999656677246,123800
2018-11-09,8.119999885559082,8.229999542236328,7.5,7.610000133514404,7.610000133514404,37900
2018-11-12,7.570000171661377,7.60099983215332,7.050000190734863,7.090000152587891,7.090000152587891,40400
2018-11-13,7.429999828338623,7.429999828338623,6.610000133514404,6.739999771118164,6.739999771118164,90600
2018-11-14,6.909999847412109,6.909999847412109,5.936999797821045,6.769999980926514,6.769999980926514,193600
2018-11-15,6.760000228881836,7.5,6.614999771118164,7.420000076293945,7.420000076293945,85600
2018-11-16,7.309999942779541,7.313000202178955,6.800000190734863,6.929999828338623,6.929999828338623,42300
2018-11-19,6.820000171661377,7.0,6.550000190734863,6.710000038146973,6.710000038146973,29600
2018-11-20,6.670000076293945,7.039999961853027,6.519999980926514,6.75,6.75,40800
2018-11-21,6.949999809265137,6.96999979019165,6.8480000495910645,6.920000076293945,6.920000076293945,7800
2018-11-23,6.989999771118164,6.989999771118164,6.840000152587891,6.980000019073486,6.980000019073486,9800
2018-11-26,7.0,7.0,6.690000057220459,6.809999942779541,6.809999942779541,16800
2018-11-27,6.71999979019165,6.8480000495910645,6.610000133514404,6.650000095367432,6.650000095367432,25300
2018-11-28,6.619999885559082,6.989999771118164,6.150000095367432,6.949999809265137,6.949999809265137,49500
2018-11-29,6.96999979019165,6.96999979019165,6.730000019073486,6.769999980926514,6.769999980926514,10900
2018-11-30,6.829999923706055,6.829999923706055,6.539999961853027,6.699999809265137,6.699999809265137,29400
2018-12-03,6.789999961853027,6.809999942779541,6.368000030517578,6.800000190734863,6.800000190734863,107000
2018-12-04,6.800000190734863,6.840000152587891,6.599999904632568,6.690000057220459,6.690000057220459,39000
2018-12-06,6.5,6.639999866485596,6.328999996185303,6.610000133514404,6.610000133514404,43400
2018-12-07,6.650000095367432,6.650000095367432,6.139999866485596,6.190000057220459,6.190000057220459,34800
2018-12-10,6.170000076293945,6.230000019073486,5.909999847412109,6.179999828338623,6.179999828338623,116400
2018-12-11,6.25,6.260000228881836,5.840000152587891,6.050000190734863,6.050000190734863,53500
2018-12-12,6.110000133514404,6.519999980926514,5.974999904632568,6.050000190734863,6.050000190734863,74600
2018-12-13,6.099999904632568,6.099999904632568,5.5,6.0,6.0,127400
2018-12-14,5.980000019073486,6.010000228881836,5.710000038146973,5.909999847412109,5.909999847412109,130300
2018-12-17,5.809999942779541,6.010000228881836,5.630000114440918,5.829999923706055,5.829999923706055,63100
2018-12-18,5.849999904632568,5.860000133514404,5.539999961853027,5.659999847412109,5.659999847412109,51700
2018-12-19,5.699999809265137,5.75,5.329999923706055,5.369999885559082,5.369999885559082,148200
2018-12-20,5.75,6.449999809265137,5.5,6.429999828338623,6.429999828338623,330400
2018-12-21,6.429999828338623,6.449999809265137,6.014999866485596,6.25,6.25,221400
2018-12-24,6.199999809265137,6.400000095367432,6.074999809265137,6.150000095367432,6.150000095367432,106900
2018-12-26,6.099999904632568,6.429999828338623,5.965000152587891,6.110000133514404,6.110000133514404,87700
2018-12-27,6.099999904632568,6.199999809265137,5.829999923706055,6.0,6.0,79800
2018-12-28,6.019999980926514,6.320000171661377,5.929999828338623,6.199999809265137,6.199999809265137,42000
2018-12-31,6.260000228881836,6.449999809265137,6.039999961853027,6.380000114440918,6.380000114440918,79300
2019-01-02,6.28000020980835,6.7170000076293945,6.28000020980835,6.519999980926514,6.519999980926514,32800
2019-01-03,6.53000020980835,6.53000020980835,6.230000019073486,6.440000057220459,6.440000057220459,19100
2019-01-04,6.489999771118164,6.880000114440918,6.464000225067139,6.800000190734863,6.800000190734863,39100
2019-01-07,6.849999904632568,7.380000114440918,6.849999904632568,7.139999866485596,7.139999866485596,52100
2019-01-08,7.269999980926514,7.349999904632568,7.03000020980835,7.340000152587891,7.340000152587891,40000
2019-01-09,7.440000057220459,7.440000057220459,7.010000228881836,7.119999885559082,7.119999885559082,36500
2019-01-10,6.980000019073486,7.090000152587891,6.949999809265137,7.0,7.0,39600
2019-01-11,7.0,7.059999942779541,6.989999771118164,7.050000190734863,7.050000190734863,36200
2019-01-14,6.989999771118164,7.170000076293945,6.989999771118164,6.989999771118164,6.989999771118164,26600
2019-01-15,7.03000020980835,7.289999961853027,7.010000228881836,7.130000114440918,7.130000114440918,40000
2019-01-16,7.210000038146973,7.329999923706055,7.019999980926514,7.150000095367432,7.150000095367432,32300
2019-01-17,7.059999942779541,7.289999961853027,7.050000190734863,7.210000038146973,7.210000038146973,52200
2019-01-18,7.199999809265137,7.210000038146973,6.96999979019165,6.980000019073486,6.980000019073486,45900
2019-01-22,6.96999979019165,7.059999942779541,6.809999942779541,6.849999904632568,6.849999904632568,26400
2019-01-23,6.880000114440918,6.920000076293945,6.679999828338623,6.71999979019165,6.71999979019165,26200
2019-01-24,6.769999980926514,7.090000152587891,6.639999866485596,6.809999942779541,6.809999942779541,43800
2019-01-25,6.921999931335449,6.921999931335449,6.679999828338623,6.789999961853027,6.789999961853027,22100
2019-01-28,6.679999828338623,6.78000020980835,6.369999885559082,6.489999771118164,6.489999771118164,29800
2019-01-29,6.460000038146973,6.739999771118164,6.409999847412109,6.480000019073486,6.480000019073486,54200
2019-01-30,6.6479997634887695,6.6479997634887695,6.230000019073486,6.519999980926514,6.519999980926514,42900
2019-01-31,6.460000038146973,6.789999961853027,6.429999828338623,6.690000057220459,6.690000057220459,40700
2019-02-01,6.639999866485596,6.699999809265137,6.480000019073486,6.559999942779541,6.559999942779541,35500
2019-02-04,6.639999866485596,6.900000095367432,6.639999866485596,6.829999923706055,6.829999923706055,75800
2019-02-05,6.829999923706055,7.289999961853027,6.829999923706055,6.949999809265137,6.949999809265137,45300
2019-02-06,7.034999847412109,7.034999847412109,6.800000190734863,6.829999923706055,6.829999923706055,23600
2019-02-07,6.875,6.875,6.494999885559082,6.659999847412109,6.659999847412109,35100
2019-02-08,6.690000057220459,7.019999980926514,6.550000190734863,6.989999771118164,6.989999771118164,33000
2019-02-11,7.119999885559082,7.119999885559082,6.885000228881836,7.079999923706055,7.079999923706055,32600
2019-02-12,7.090000152587891,7.163000106811523,6.985000133514404,7.0,7.0,24900
2019-02-13,7.0,7.460000038146973,6.940000057220459,7.429999828338623,7.429999828338623,49500
2019-02-14,7.440000057220459,7.599999904632568,7.400000095367432,7.440000057220459,7.440000057220459,23200
2019-02-15,7.510000228881836,7.639999866485596,7.349999904632568,7.579999923706055,7.579999923706055,38800
2019-02-19,7.38700008392334,7.6519999504089355,7.38700008392334,7.489999771118164,7.489999771118164,32000
2019-02-20,7.550000190734863,7.579999923706055,7.150000095367432,7.179999828338623,7.179999828338623,64700
2019-02-21,7.281000137329102,7.281000137329102,7.054999828338623,7.159999847412109,7.159999847412109,31600
2019-02-22,7.085000038146973,7.114999771118164,6.880000114440918,7.039999961853027,7.039999961853027,60200
2019-02-25,7.150000095367432,7.281000137329102,7.050000190734863,7.090000152587891,7.090000152587891,50900
2019-02-26,7.099999904632568,7.139999866485596,6.829999923706055,6.849999904632568,6.849999904632568,51700
2019-02-27,6.820000171661377,6.869999885559082,6.679999828338623,6.730000019073486,6.730000019073486,29000
2019-02-28,6.760000228881836,6.760000228881836,6.599999904632568,6.650000095367432,6.650000095367432,24500
2019-03-01,6.563000202178955,6.860000133514404,6.563000202178955,6.829999923706055,6.829999923706055,21700
2019-03-04,6.889999866485596,7.190000057220459,6.828999996185303,6.980000019073486,6.980000019073486,22500
2019-03-05,6.989999771118164,7.090000152587891,6.860000133514404,7.019999980926514,7.019999980926514,20700
2019-03-06,7.079999923706055,7.079999923706055,6.670000076293945,6.679999828338623,6.679999828338623,16200
2019-03-07,6.670000076293945,6.906000137329102,6.5,6.550000190734863,6.550000190734863,32300
2019-03-08,6.559999942779541,7.038000106811523,6.300000190734863,6.369999885559082,6.369999885559082,42500
2019-03-11,6.4120001792907715,6.739999771118164,6.4120001792907715,6.679999828338623,6.679999828338623,19600
2019-03-12,6.710000038146973,6.96999979019165,6.690000057220459,6.849999904632568,6.849999904632568,37300
2019-03-13,6.639999866485596,6.639999866485596,5.849999904632568,6.010000228881836,6.010000228881836,254200
2019-03-14,6.010000228881836,6.099999904632568,5.670000076293945,5.829999923706055,5.829999923706055,139100
2019-03-15,5.829999923706055,5.929999828338623,5.710000038146973,5.809999942779541,5.809999942779541,88700
2019-03-18,5.800000190734863,5.929999828338623,5.429999828338623,5.699999809265137,5.699999809265137,62600
2019-03-19,5.620999813079834,5.679999828338623,5.429999828338623,5.539999961853027,5.539999961853027,43500
2019-03-20,5.5,5.619999885559082,5.380000114440918,5.489999771118164,5.489999771118164,25000
2019-03-21,5.349999904632568,5.489999771118164,5.289999961853027,5.389999866485596,5.389999866485596,39100
2019-03-22,5.400000095367432,5.400000095367432,5.199999809265137,5.25,5.25,60800
2019-03-25,5.25,5.289999961853027,5.099999904632568,5.25,5.25,37800
2019-03-26,5.144999980926514,5.170000076293945,4.679999828338623,4.71999979019165,4.71999979019165,122800
2019-03-27,4.789999961853027,4.789999961853027,4.630000114440918,4.639999866485596,4.639999866485596,44500
2019-03-28,4.619999885559082,4.909999847412109,4.610000133514404,4.869999885559082,4.869999885559082,44200
2019-03-29,4.97599983215332,4.989999771118164,4.760000228881836,4.849999904632568,4.849999904632568,33900
2019-04-01,4.849999904632568,5.010000228881836,4.75,4.900000095367432,4.900000095367432,73900
2019-04-02,4.940000057220459,5.25,4.849999904632568,5.090000152587891,5.090000152587891,85600
2019-04-03,5.050000190734863,5.090000152587891,4.920000076293945,5.010000228881836,5.010000228881836,91700
2019-04-04,5.010000228881836,5.065000057220459,4.800000190734863,4.829999923706055,4.829999923706055,32600
2019-04-05,5.47599983215332,5.47599983215332,4.650000095367432,4.840000152587891,4.840000152587891,36500
2019-04-08,4.900000095367432,5.199999809265137,4.806000232696533,5.059999942779541,5.059999942779541,106900
2019-04-09,4.980000019073486,5.090000152587891,4.869999885559082,4.900000095367432,4.900000095367432,55500
2019-04-10,4.96999979019165,5.019999980926514,4.875999927520752,4.929999828338623,4.929999828338623,12300
2019-04-11,4.949999809265137,5.139999866485596,4.900000095367432,4.929999828338623,4.929999828338623,57200
2019-04-12,4.96999979019165,5.059999942779541,4.849999904632568,4.860000133514404,4.860000133514404,37200
2019-04-15,4.880000114440918,4.900000095367432,4.449999809265137,4.579999923706055,4.579999923706055,70500
2019-04-16,4.590000152587891,4.698999881744385,4.590000152587891,4.650000095367432,4.650000095367432,29200
2019-04-17,4.699999809265137,4.739999771118164,4.559999942779541,4.71999979019165,4.71999979019165,86800
2019-04-18,4.679999828338623,4.730000019073486,4.440000057220459,4.699999809265137,4.699999809265137,117600
2019-04-22,4.449999809265137,4.880000114440918,4.420000076293945,4.460000038146973,4.460000038146973,98800
2019-04-23,4.360000133514404,4.789999961853027,4.360000133514404,4.53000020980835,4.53000020980835,100200
2019-04-24,4.539999961853027,4.650000095367432,4.300000190734863,4.5,4.5,113700
2019-04-25,4.510000228881836,4.769999980926514,4.329999923706055,4.599999904632568,4.599999904632568,95200
2019-04-26,4.5,4.570000171661377,4.349999904632568,4.489999771118164,4.489999771118164,98400
2019-04-29,4.5,4.769999980926514,4.369999885559082,4.510000228881836,4.510000228881836,262900
2019-04-30,4.510000228881836,4.546000003814697,4.349999904632568,4.449999809265137,4.449999809265137,89100
2019-05-01,4.349999904632568,4.590000152587891,4.349999904632568,4.489999771118164,4.489999771118164,82600
2019-05-02,4.468999862670898,4.599999904632568,4.349999904632568,4.409999847412109,4.409999847412109,49700
2019-05-03,4.480000019073486,4.53000020980835,4.360000133514404,4.380000114440918,4.380000114440918,32600
2019-05-06,4.349999904632568,4.559999942779541,4.349999904632568,4.420000076293945,4.420000076293945,45700
2019-05-07,4.409999847412109,4.480000019073486,4.159999847412109,4.380000114440918,4.380000114440918,92500
2019-05-08,4.300000190734863,4.460000038146973,4.150000095367432,4.260000228881836,4.260000228881836,83200
2019-05-09,4.21999979019165,4.349999904632568,4.150000095367432,4.28000020980835,4.28000020980835,51300
2019-05-10,4.199999809265137,4.360000133514404,4.090000152587891,4.170000076293945,4.170000076293945,101900
2019-05-13,4.050000190734863,4.139999866485596,3.9100000858306885,3.9700000286102295,3.9700000286102295,106900
2019-05-14,4.039999961853027,4.239999771118164,4.010000228881836,4.230000019073486,4.230000019073486,167500
2019-05-15,4.300000190734863,4.449999809265137,4.119999885559082,4.300000190734863,4.300000190734863,137000
2019-05-16,4.255000114440918,4.269999980926514,4.119999885559082,4.269999980926514,4.269999980926514,45100
2019-05-17,4.210000038146973,4.210000038146973,4.010000228881836,4.050000190734863,4.050000190734863,49000
2019-05-20,4.010000228881836,4.03000020980835,3.940000057220459,3.9600000381469727,3.9600000381469727,33100
2019-05-21,4.010000228881836,4.340000152587891,3.9700000286102295,4.070000171661377,4.070000171661377,112200
2019-05-22,4.059999942779541,4.130000114440918,3.9600000381469727,4.110000133514404,4.110000133514404,81600
2019-05-23,4.119999885559082,4.119999885559082,3.8499999046325684,3.9200000762939453,3.9200000762939453,66400
2019-05-24,3.9800000190734863,4.0,3.8499999046325684,3.9100000858306885,3.9100000858306885,69100
2019-05-28,3.880000114440918,4.0,3.8499999046325684,3.950000047683716,3.950000047683716,51800
2019-05-29,3.9000000953674316,4.135000228881836,3.859999895095825,3.890000104904175,3.890000104904175,38900
2019-05-30,3.859999895095825,3.950000047683716,3.690000057220459,3.7300000190734863,3.7300000190734863,68600
2019-05-31,3.700000047683716,3.809999942779541,3.6700000762939453,3.75,3.75,44200
2019-06-03,3.7950000762939453,3.950000047683716,3.700000047683716,3.809999942779541,3.809999942779541,60200
2019-06-04,3.859999895095825,3.9700000286102295,3.7100000381469727,3.7899999618530273,3.7899999618530273,43900
2019-06-05,3.7699999809265137,3.8499999046325684,3.744999885559082,3.759999990463257,3.759999990463257,31900
2019-06-06,3.799999952316284,3.799999952316284,3.5999999046325684,3.640000104904175,3.640000104904175,48700
2019-06-07,3.6600000858306885,3.6600000858306885,3.4800000190734863,3.559999942779541,3.559999942779541,67300
2019-06-10,3.5899999141693115,3.990000009536743,3.569999933242798,3.680000066757202,3.680000066757202,47800
2019-06-11,3.6500000953674316,3.6500000953674316,3.4700000286102295,3.5299999713897705,3.5299999713897705,35500
2019-06-12,3.5299999713897705,3.5460000038146973,3.255000114440918,3.299999952316284,3.299999952316284,146400
2019-06-13,3.319999933242798,3.819999933242798,3.319999933242798,3.700000047683716,3.700000047683716,117700
2019-06-14,3.740000009536743,4.203000068664551,3.7100000381469727,4.0,4.0,167000
2019-06-17,4.059999942779541,4.079999923706055,3.7200000286102295,4.0,4.0,225300
2019-06-18,4.089000225067139,4.53000020980835,4.045000076293945,4.260000228881836,4.260000228881836,170200
2019-06-19,4.28000020980835,4.28000020980835,3.8399999141693115,3.9200000762939453,3.9200000762939453,81800
2019-06-20,4.130000114440918,4.130000114440918,3.819999933242798,3.9800000190734863,3.9800000190734863,43600
2019-06-21,3.940000057220459,4.025000095367432,3.7899999618530273,4.0,4.0,114300
2019-06-24,4.079999923706055,4.090000152587891,3.869999885559082,3.9100000858306885,3.9100000858306885,39000
2019-06-25,3.950000047683716,3.990000009536743,3.819999933242798,3.880000114440918,3.880000114440918,34300
2019-06-26,3.9200000762939453,3.9200000762939453,3.6700000762939453,3.7200000286102295,3.7200000286102295,66400
2019-06-27,3.9100000858306885,4.145999908447266,3.8299999237060547,3.8299999237060547,3.8299999237060547,104200
2019-06-28,3.809999942779541,4.489999771118164,3.5899999141693115,4.0,4.0,1784800
2019-07-01,4.199999809265137,4.400000095367432,3.75,3.9000000953674316,3.9000000953674316,147400
2019-07-02,3.809999942779541,4.03000020980835,3.809999942779541,3.9600000381469727,3.9600000381469727,88600
2019-07-03,3.9600000381469727,4.0,3.9200000762939453,3.9700000286102295,3.9700000286102295,31600
2019-07-05,3.930000066757202,4.170000076293945,3.930000066757202,4.090000152587891,4.090000152587891,58400
2019-07-08,4.0,4.071000099182129,3.930000066757202,4.0,4.0,42100
2019-07-09,4.03000020980835,4.090000152587891,3.9700000286102295,4.03000020980835,4.03000020980835,114100
2019-07-10,4.0,4.130000114440918,3.9700000286102295,4.079999923706055,4.079999923706055,68800
2019-07-11,4.150000095367432,4.349999904632568,4.0,4.139999866485596,4.139999866485596,55400
2019-07-12,4.190000057220459,4.360000133514404,4.0229997634887695,4.25,4.25,138200
2019-07-15,4.25,4.269999980926514,4.039999961853027,4.099999904632568,4.099999904632568,47900
2019-07-16,4.010000228881836,4.139999866485596,3.950000047683716,4.0,4.0,98000
2019-07-17,3.9690001010894775,4.050000190734863,3.880000114440918,3.9200000762939453,3.9200000762939453,44700
2019-07-18,3.8489999771118164,3.950000047683716,3.799999952316284,3.8499999046325684,3.8499999046325684,53800
2019-07-19,3.869999885559082,4.079999923706055,3.8299999237060547,3.8499999046325684,3.8499999046325684,23300
2019-07-22,3.809999942779541,4.139999866485596,3.75,4.039999961853027,4.039999961853027,244900
2019-07-23,4.050000190734863,4.235000133514404,3.880000114440918,3.9749999046325684,3.9749999046325684,23100
2019-07-24,3.7899999618530273,4.019999980926514,3.7899999618530273,3.9749999046325684,3.9749999046325684,19600
2019-07-25,3.86899995803833,4.119999885559082,3.86899995803833,4.090000152587891,4.090000152587891,29200
2019-07-26,4.0,4.110000133514404,3.930000066757202,4.039999961853027,4.039999961853027,11900
2019-07-29,4.079999923706055,4.340000152587891,4.079999923706055,4.150000095367432,4.150000095367432,8800
2019-07-30,4.210000038146973,4.5,4.050000190734863,4.429999828338623,4.429999828338623,51300
2019-07-31,4.558000087738037,4.90500020980835,4.420000076293945,4.679999828338623,4.679999828338623,103400
2019-08-01,4.650000095367432,4.940000057220459,4.5,4.710000038146973,4.710000038146973,55100
2019-08-02,4.730000019073486,4.800000190734863,4.570000171661377,4.670000076293945,4.670000076293945,14700
2019-08-05,4.5,4.563000202178955,4.329999923706055,4.329999923706055,4.329999923706055,9400
2019-08-06,4.340000152587891,4.650000095367432,4.340000152587891,4.409999847412109,4.409999847412109,25500
2019-08-07,4.349999904632568,4.619999885559082,4.329999923706055,4.420000076293945,4.420000076293945,4900
2019-08-08,4.929999828338623,4.929999828338623,4.590000152587891,4.769999980926514,4.769999980926514,17600
2019-08-09,4.800000190734863,4.820000171661377,4.510000228881836,4.699999809265137,4.699999809265137,30600
2019-08-12,4.877999782562256,4.877999782562256,4.375,4.539999961853027,4.539999961853027,26300
2019-08-13,4.5229997634887695,4.552999973297119,4.329999923706055,4.5,4.5,27600
2019-08-14,4.480000019073486,4.670000076293945,4.300000190734863,4.300000190734863,4.300000190734863,14100
2019-08-15,4.309999942779541,4.454999923706055,4.309999942779541,4.329999923706055,4.329999923706055,1400
2019-08-16,4.360000133514404,4.489999771118164,4.304999828338623,4.349999904632568,4.349999904632568,6400
2019-08-19,4.449999809265137,4.552999973297119,4.372000217437744,4.550000190734863,4.550000190734863,18000
2019-08-20,4.5,4.559000015258789,4.360000133514404,4.480000019073486,4.480000019073486,11200
2019-08-21,4.578000068664551,4.578000068664551,4.360000133514404,4.440000057220459,4.440000057220459,7100
2019-08-22,4.46999979019165,4.510000228881836,4.409999847412109,4.409999847412109,4.409999847412109,6000
2019-08-23,4.394999980926514,4.394999980926514,3.9100000858306885,4.070000171661377,4.070000171661377,25600
2019-08-26,4.139999866485596,4.170000076293945,4.050000190734863,4.110000133514404,4.110000133514404,5600
2019-08-27,4.197999954223633,4.300000190734863,4.197999954223633,4.25,4.25,8600
2019-08-28,4.25,4.25,4.110000133514404,4.199999809265137,4.199999809265137,5500
2019-08-29,4.300000190734863,4.349999904632568,4.300000190734863,4.320000171661377,4.320000171661377,1800
2019-08-30,4.349999904632568,4.4629998207092285,4.300000190734863,4.300000190734863,4.300000190734863,1200
2019-09-03,4.260000228881836,4.5,4.239999771118164,4.409999847412109,4.409999847412109,10800
2019-09-04,4.539999961853027,4.590000152587891,4.349999904632568,4.510000228881836,4.510000228881836,6000
2019-09-05,4.53000020980835,4.75,4.269999980926514,4.75,4.75,31900
2019-09-06,4.639999866485596,4.739999771118164,4.433000087738037,4.739999771118164,4.739999771118164,16400
2019-09-09,4.619999885559082,4.659999847412109,4.489999771118164,4.659999847412109,4.659999847412109,11600
2019-09-10,4.650000095367432,4.824999809265137,4.5,4.710000038146973,4.710000038146973,22200
2019-09-11,4.599999904632568,5.010000228881836,4.599999904632568,4.769999980926514,4.769999980926514,45800
2019-09-12,4.8520002365112305,4.8520002365112305,4.800000190734863,4.800000190734863,4.800000190734863,5400
2019-09-13,4.809999942779541,4.980000019073486,4.75,4.869999885559082,4.869999885559082,34700
2019-09-16,4.909999847412109,4.980000019073486,4.820000171661377,4.949999809265137,4.949999809265137,9500
2019-09-17,5.0,5.0,4.829999923706055,4.940000057220459,4.940000057220459,23200
2019-09-18,4.869999885559082,4.869999885559082,4.75,4.800000190734863,4.800000190734863,15800
2019-09-19,4.867000102996826,4.900000095367432,4.821000099182129,4.900000095367432,4.900000095367432,8400
2019-09-20,4.8470001220703125,4.925000190734863,4.8470001220703125,4.889999866485596,4.889999866485596,17600
2019-09-23,4.940000057220459,4.949999809265137,4.800000190734863,4.889999866485596,4.889999866485596,19200
2019-09-24,4.849999904632568,5.0,4.829999923706055,4.829999923706055,4.829999923706055,21600
2019-09-25,4.767000198364258,4.940000057220459,4.699999809265137,4.920000076293945,4.920000076293945,12400
2019-09-26,4.920000076293945,4.96999979019165,4.800000190734863,4.809000015258789,4.809000015258789,29000
2019-09-27,4.800000190734863,4.885000228881836,4.789999961853027,4.800000190734863,4.800000190734863,14100
2019-09-30,4.830999851226807,4.96999979019165,4.800000190734863,4.809999942779541,4.809999942779541,13200
2019-10-01,4.829999923706055,4.849999904632568,4.449999809265137,4.449999809265137,4.449999809265137,84600
2019-10-02,4.369999885559082,4.480000019073486,4.199999809265137,4.369999885559082,4.369999885559082,72300
2019-10-03,4.379000186920166,4.630000114440918,4.369999885559082,4.449999809265137,4.449999809265137,17900
2019-10-04,4.679999828338623,4.860000133514404,4.578999996185303,4.650000095367432,4.650000095367432,12000
2019-10-07,4.804999828338623,4.869999885559082,4.710000038146973,4.739999771118164,4.739999771118164,3500
2019-10-08,4.573999881744385,4.920000076293945,4.25,4.25,4.25,165600
2019-10-09,4.46999979019165,4.5,4.260000228881836,4.260000228881836,4.260000228881836,13800
2019-10-10,4.269999980926514,4.75,4.25,4.289999961853027,4.289999961853027,25200
2019-10-11,4.360000133514404,4.488999843597412,4.199999809265137,4.320000171661377,4.320000171661377,18400
2019-10-14,4.320000171661377,4.60699987411499,4.300000190734863,4.409999847412109,4.409999847412109,14000
2019-10-15,4.429999828338623,4.539999961853027,4.360000133514404,4.400000095367432,4.400000095367432,29000
2019-10-16,4.5,4.75,4.480000019073486,4.610000133514404,4.610000133514404,18500
2019-10-17,4.630000114440918,4.8520002365112305,4.369999885559082,4.369999885559082,4.369999885559082,35100
2019-10-18,4.400000095367432,4.619999885559082,4.400000095367432,4.559999942779541,4.559999942779541,7100
2019-10-21,4.610000133514404,4.820000171661377,4.480000019073486,4.559999942779541,4.559999942779541,5300
2019-10-22,4.650000095367432,4.820000171661377,4.380000114440918,4.610000133514404,4.610000133514404,40000
2019-10-23,4.5,4.730000019073486,4.5,4.570000171661377,4.570000171661377,4300
2019-10-24,4.690000057220459,4.695000171661377,4.610000133514404,4.679999828338623,4.679999828338623,11300
2019-10-25,4.650000095367432,4.989999771118164,4.599999904632568,4.915999889373779,4.915999889373779,41200
2019-10-28,4.949999809265137,5.320000171661377,4.900000095367432,5.130000114440918,5.130000114440918,45200
2019-10-29,5.289999961853027,5.309999942779541,5.050000190734863,5.210999965667725,5.210999965667725,25000
2019-10-30,5.289999961853027,5.302000045776367,5.050000190734863,5.146999835968018,5.146999835968018,29500
2019-10-31,5.289999961853027,5.5,5.0879998207092285,5.340000152587891,5.340000152587891,14900
2019-11-01,5.400000095367432,5.489999771118164,5.260000228881836,5.390999794006348,5.390999794006348,10600
2019-11-04,5.46999979019165,5.599999904632568,5.300000190734863,5.309999942779541,5.309999942779541,53800
2019-11-05,5.300000190734863,5.574999809265137,5.300000190734863,5.440000057220459,5.440000057220459,13300
2019-11-06,5.53000020980835,5.920000076293945,4.690000057220459,4.690000057220459,4.690000057220459,47700
2019-11-07,4.909999847412109,5.400000095367432,4.71999979019165,5.050000190734863,5.050000190734863,68000
2019-11-08,4.929999828338623,5.25,4.900000095367432,5.119999885559082,5.119999885559082,23400
2019-11-11,5.440000057220459,5.767000198364258,5.079999923706055,5.348999977111816,5.348999977111816,20700
2019-11-12,5.590000152587891,5.599999904632568,5.210000038146973,5.239999771118164,5.239999771118164,34400
2019-11-13,5.289999961853027,5.460000038146973,5.239999771118164,5.239999771118164,5.239999771118164,10300
2019-11-14,5.260000228881836,5.349999904632568,5.070000171661377,5.230000019073486,5.230000019073486,14500
2019-11-15,5.186999797821045,5.389999866485596,5.170000076293945,5.296000003814697,5.296000003814697,7100
2019-11-18,5.245999813079834,5.275000095367432,5.025000095367432,5.190000057220459,5.190000057220459,24700
2019-11-19,5.099999904632568,5.315999984741211,5.0970001220703125,5.230000019073486,5.230000019073486,11500
2019-11-20,5.269999980926514,5.369999885559082,5.21999979019165,5.360000133514404,5.360000133514404,4300
2019-11-21,5.429999828338623,5.960000038146973,5.340000152587891,5.809999942779541,5.809999942779541,34500
2019-11-22,5.860000133514404,5.869999885559082,5.619999885559082,5.820000171661377,5.820000171661377,12900
2019-11-25,5.75,6.205999851226807,5.572999954223633,5.809999942779541,5.809999942779541,21300
2019-11-26,5.849999904632568,6.130000114440918,5.769000053405762,5.909999847412109,5.909999847412109,9200
2019-11-27,5.96999979019165,6.050000190734863,5.849999904632568,5.849999904632568,5.849999904632568,15000
2019-11-29,5.809999942779541,6.28000020980835,5.800000190734863,6.261000156402588,6.261000156402588,39100
2019-12-02,6.420000076293945,6.679999828338623,6.070000171661377,6.241000175476074,6.241000175476074,30500
2019-12-03,6.460000038146973,6.460000038146973,6.0,6.010000228881836,6.010000228881836,17900
2019-12-04,6.130000114440918,6.489999771118164,6.039999961853027,6.039999961853027,6.039999961853027,16100
2019-12-05,6.010000228881836,6.339000225067139,6.010000228881836,6.27400016784668,6.27400016784668,43100
2019-12-06,6.389999866485596,6.394999980926514,6.21999979019165,6.340000152587891,6.340000152587891,33300
2019-12-09,6.429999828338623,6.449999809265137,6.139999866485596,6.230000019073486,6.230000019073486,16400
2019-12-10,6.21999979019165,6.300000190734863,6.091000080108643,6.203999996185303,6.203999996185303,29600
2019-12-11,6.130000114440918,6.26200008392334,6.050000190734863,6.099999904632568,6.099999904632568,22900
2019-12-12,6.099999904632568,6.239999771118164,6.050000190734863,6.215000152587891,6.215000152587891,18500
2019-12-13,6.199999809265137,6.28000020980835,6.0,6.099999904632568,6.099999904632568,16100
2019-12-16,6.099999904632568,6.289999961853027,6.010000228881836,6.070000171661377,6.070000171661377,33100
2019-12-17,6.150000095367432,6.241000175476074,5.920000076293945,6.079999923706055,6.079999923706055,27000
2019-12-18,5.900000095367432,6.206999778747559,5.880000114440918,5.945000171661377,5.945000171661377,34900
2019-12-19,5.929999828338623,6.133999824523926,5.840000152587891,6.039999961853027,6.039999961853027,32900
2019-12-20,5.989999771118164,6.119999885559082,5.769999980926514,5.909999847412109,5.909999847412109,73400
2019-12-23,5.909999847412109,6.119999885559082,5.800000190734863,5.909999847412109,5.909999847412109,50200
2019-12-24,5.960000038146973,6.150000095367432,5.920000076293945,6.130000114440918,6.130000114440918,27300
2019-12-26,6.269999980926514,6.329999923706055,6.072000026702881,6.119999885559082,6.119999885559082,26300
2019-12-27,6.25,6.309999942779541,6.099999904632568,6.224999904632568,6.224999904632568,44500
2019-12-30,6.25,6.289999961853027,6.210000038146973,6.25,6.25,45800
2019-12-31,6.289999961853027,6.684999942779541,6.263000011444092,6.489999771118164,6.489999771118164,86100
2020-01-02,6.619999885559082,6.7870001792907715,6.389999866485596,6.480000019073486,6.480000019073486,34400
2020-01-03,6.53000020980835,6.630000114440918,6.5,6.559999942779541,6.559999942779541,27900
2020-01-06,6.550000190734863,6.659999847412109,6.381999969482422,6.46999979019165,6.46999979019165,30400
2020-01-07,6.300000190734863,6.460000038146973,6.25600004196167,6.389999866485596,6.389999866485596,67400
2020-01-08,6.130000114440918,6.440000057220459,6.099999904632568,6.380000114440918,6.380000114440918,42800
2020-01-09,6.400000095367432,6.590000152587891,6.400000095367432,6.480999946594238,6.480999946594238,62000
2020-01-10,6.816999912261963,7.130000114440918,6.610000133514404,6.982999801635742,6.982999801635742,56300
2020-01-13,7.25,8.399999618530273,6.873000144958496,6.880000114440918,6.880000114440918,241300
2020-01-14,6.889999866485596,7.079999923706055,6.570000171661377,6.920000076293945,6.920000076293945,58400
2020-01-15,6.920000076293945,6.920000076293945,6.599999904632568,6.650000095367432,6.650000095367432,58400
2020-01-16,6.630000114440918,6.730000019073486,6.400000095367432,6.429999828338623,6.429999828338623,54000
2020-01-17,6.429999828338623,6.510000228881836,6.070000171661377,6.179999828338623,6.179999828338623,64300
2020-01-21,6.010000228881836,6.389999866485596,6.010000228881836,6.210000038146973,6.210000038146973,68900
2020-01-22,6.36299991607666,6.36299991607666,6.099999904632568,6.150000095367432,6.150000095367432,39200
2020-01-23,6.050000190734863,6.447000026702881,6.050000190734863,6.210000038146973,6.210000038146973,75100
2020-01-24,6.440000057220459,6.440000057220459,6.099999904632568,6.135000228881836,6.135000228881836,17700
2020-01-27,6.010000228881836,6.210000038146973,5.760000228881836,6.110000133514404,6.110000133514404,48700
2020-01-28,6.13100004196167,6.25,6.099999904632568,6.25,6.25,21200
2020-01-29,6.25,6.28000020980835,6.110000133514404,6.230000019073486,6.230000019073486,58300
2020-01-30,6.230000019073486,6.489999771118164,6.179999828338623,6.380000114440918,6.380000114440918,32100
2020-01-31,6.679999828338623,6.739999771118164,6.460000038146973,6.659999847412109,6.659999847412109,27900
2020-02-03,6.590000152587891,6.699999809265137,6.510000228881836,6.53000020980835,6.53000020980835,27900
2020-02-04,6.519999980926514,6.659999847412109,6.510000228881836,6.590000152587891,6.590000152587891,29300
2020-02-05,6.6529998779296875,6.695000171661377,6.519999980926514,6.690000057220459,6.690000057220459,11000
2020-02-06,6.670000076293945,6.690000057220459,6.535999774932861,6.599999904632568,6.599999904632568,7100
2020-02-07,6.489999771118164,6.610000133514404,6.449999809265137,6.610000133514404,6.610000133514404,13000
2020-02-10,6.619999885559082,6.699999809265137,6.5,6.650000095367432,6.650000095367432,19000
2020-02-11,7.260000228881836,7.480000019073486,6.9679999351501465,7.170000076293945,7.170000076293945,235700
2020-02-12,7.199999809265137,7.315000057220459,6.985000133514404,7.190000057220459,7.190000057220459,69800
2020-02-13,7.440000057220459,7.599999904632568,7.139999866485596,7.550000190734863,7.550000190734863,126800
2020-02-14,7.360000133514404,7.940000057220459,7.360000133514404,7.820000171661377,7.820000171661377,71900
2020-02-18,7.800000190734863,8.029999732971191,7.550000190734863,7.949999809265137,7.949999809265137,74600
2020-02-19,7.980000019073486,8.199999809265137,7.639999866485596,8.015000343322754,8.015000343322754,71900
2020-02-20,8.119999885559082,8.119999885559082,7.610000133514404,8.100000381469727,8.100000381469727,129800
2020-02-21,8.109999656677246,8.109999656677246,7.5,7.639999866485596,7.639999866485596,63000
2020-02-24,7.300000190734863,7.539999961853027,6.96999979019165,7.099999904632568,7.099999904632568,69800
2020-02-25,7.199999809265137,7.199999809265137,6.820000171661377,6.980000019073486,6.980000019073486,67700
2020-02-26,6.940000057220459,6.949999809265137,6.494999885559082,6.650000095367432,6.650000095367432,71000
2020-02-27,6.519999980926514,6.949999809265137,6.326000213623047,6.835000038146973,6.835000038146973,144700
2020-02-28,6.800000190734863,6.929999828338623,6.690000057220459,6.854000091552734,6.854000091552734,49600
2020-03-02,6.940000057220459,6.980000019073486,6.710000038146973,6.940000057220459,6.940000057220459,65100
2020-03-03,6.989999771118164,7.300000190734863,6.260000228881836,6.96999979019165,6.96999979019165,42000
2020-03-04,6.900000095367432,7.170000076293945,6.695000171661377,7.170000076293945,7.170000076293945,53500
2020-03-05,7.010000228881836,7.570000171661377,7.0,7.570000171661377,7.570000171661377,88300
2020-03-06,7.010000228881836,7.929999828338623,7.010000228881836,7.5,7.5,90000
2020-03-09,7.21999979019165,7.21999979019165,6.619999885559082,6.809999942779541,6.809999942779541,42500
2020-03-10,6.809999942779541,6.880000114440918,6.329999923706055,6.755000114440918,6.755000114440918,53900
2020-03-11,6.510000228881836,7.27400016784668,6.150000095367432,6.630000114440918,6.630000114440918,105800
2020-03-12,6.239999771118164,6.239999771118164,5.380000114440918,5.599999904632568,5.599999904632568,164700
2020-03-13,5.699999809265137,5.869999885559082,5.329999923706055,5.840000152587891,5.840000152587891,77700
2020-03-16,5.420000076293945,5.599999904632568,4.929999828338623,5.0,5.0,158500
2020-03-17,5.5,5.630000114440918,4.96999979019165,5.320000171661377,5.320000171661377,71400
2020-03-18,5.0,5.21999979019165,4.650000095367432,4.889999866485596,4.889999866485596,85500
2020-03-19,4.889999866485596,5.650000095367432,4.820000171661377,5.599999904632568,5.599999904632568,136800
2020-03-20,5.920000076293945,5.920000076293945,5.050000190734863,5.380000114440918,5.380000114440918,38000
2020-03-23,5.340000152587891,5.340000152587891,4.925000190734863,5.260000228881836,5.260000228881836,31100
2020-03-24,5.429999828338623,5.670000076293945,5.300000190734863,5.659999847412109,5.659999847412109,48300
2020-03-25,5.6579999923706055,5.940000057220459,5.480000019073486,5.71999979019165,5.71999979019165,35300
2020-03-26,5.650000095367432,5.889999866485596,5.619999885559082,5.619999885559082,5.619999885559082,33300
2020-03-27,5.940000057220459,5.940000057220459,5.510000228881836,5.789999961853027,5.789999961853027,13300
2020-03-30,5.860000133514404,5.860000133514404,5.539999961853027,5.760000228881836,5.760000228881836,16500
2020-03-31,5.829999923706055,5.960000038146973,5.650000095367432,5.940000057220459,5.940000057220459,22400
2020-04-01,5.650000095367432,5.65500020980835,5.28000020980835,5.489999771118164,5.489999771118164,28100
2020-04-02,5.579999923706055,5.900000095367432,5.340000152587891,5.429999828338623,5.429999828338623,10600
2020-04-03,5.28000020980835,5.849999904632568,5.179999828338623,5.460000038146973,5.460000038146973,39500
2020-04-06,5.340000152587891,7.25,5.291999816894531,6.639999866485596,6.639999866485596,266300
2020-04-07,6.960000038146973,6.960000038146973,6.03000020980835,6.159999847412109,6.159999847412109,54400
2020-04-08,6.2270002365112305,6.599999904632568,6.204999923706055,6.349999904632568,6.349999904632568,34600
2020-04-09,6.389999866485596,6.685999870300293,6.25,6.460000038146973,6.460000038146973,37500
2020-04-13,6.849999904632568,7.449999809265137,6.570000171661377,7.230000019073486,7.230000019073486,247400
2020-04-14,7.559999942779541,7.989999771118164,6.949999809265137,6.949999809265137,6.949999809265137,217700
2020-04-15,7.0,7.355999946594238,6.340000152587891,6.340000152587891,6.340000152587891,78500
2020-04-16,6.5,6.929999828338623,6.5,6.829999923706055,6.829999923706055,33100
2020-04-17,7.0,7.150000095367432,6.909999847412109,6.989999771118164,6.989999771118164,49100
2020-04-20,7.0,7.289999961853027,6.900000095367432,7.179999828338623,7.179999828338623,55000
2020-04-21,7.0,7.199999809265137,6.75,7.139999866485596,7.139999866485596,32400
2020-04-22,7.019999980926514,7.539999961853027,6.945000171661377,7.309999942779541,7.309999942779541,70700
2020-04-23,7.769999980926514,7.78000020980835,7.340000152587891,7.489999771118164,7.489999771118164,56800
2020-04-24,7.420000076293945,7.690000057220459,7.179999828338623,7.579999923706055,7.579999923706055,16800
2020-04-27,7.639999866485596,7.697999954223633,7.199999809265137,7.199999809265137,7.199999809265137,57100
2020-04-28,7.289999961853027,7.46999979019165,6.849999904632568,7.010000228881836,7.010000228881836,40100
2020-04-29,7.400000095367432,7.480000019073486,7.017000198364258,7.230000019073486,7.230000019073486,37300
2020-04-30,6.099999904632568,6.394999980926514,5.949999809265137,6.25,6.25,1304400
2020-05-01,6.230000019073486,6.565000057220459,6.170000076293945,6.320000171661377,6.320000171661377,201700
2020-05-04,6.349999904632568,6.599999904632568,6.199999809265137,6.510000228881836,6.510000228881836,182800
2020-05-05,6.599999904632568,6.909999847412109,6.440000057220459,6.5,6.5,320100
2020-05-06,6.489999771118164,6.566999912261963,6.199999809265137,6.349999904632568,6.349999904632568,172800
2020-05-07,6.590000152587891,6.960000038146973,6.449999809265137,6.699999809265137,6.699999809265137,198900
2020-05-08,7.039999961853027,7.039999961853027,6.480000019073486,6.639999866485596,6.639999866485596,109500
2020-05-11,6.630000114440918,7.46999979019165,6.5,7.199999809265137,7.199999809265137,158900
2020-05-12,7.239999771118164,7.96999979019165,7.139999866485596,7.400000095367432,7.400000095367432,223300
2020-05-13,7.449999809265137,7.635000228881836,6.909999847412109,7.070000171661377,7.070000171661377,120500
2020-05-14,7.329999923706055,7.460000038146973,6.659999847412109,6.929999828338623,6.929999828338623,161900
2020-05-15,7.239999771118164,7.579999923706055,7.139999866485596,7.340000152587891,7.340000152587891,145200
2020-05-18,7.559999942779541,7.800000190734863,7.389999866485596,7.460000038146973,7.460000038146973,110500
2020-05-19,7.409999847412109,7.5,7.25,7.400000095367432,7.400000095367432,50500
2020-05-20,7.480000019073486,7.480000019073486,7.230000019073486,7.260000228881836,7.260000228881836,72800
2020-05-21,7.21999979019165,7.485000133514404,7.199999809265137,7.25,7.25,44900
2020-05-22,7.289999961853027,7.610000133514404,7.210000038146973,7.460000038146973,7.460000038146973,73400
2020-05-26,7.619999885559082,7.739999771118164,7.434999942779541,7.579999923706055,7.579999923706055,73200
2020-05-27,7.619999885559082,7.650000095367432,7.25,7.460000038146973,7.460000038146973,111200
2020-05-28,7.46999979019165,7.539999961853027,7.25,7.320000171661377,7.320000171661377,61300
2020-05-29,7.289999961853027,7.489999771118164,7.25,7.400000095367432,7.400000095367432,29800
2020-06-01,7.389999866485596,7.75,7.289999961853027,7.289999961853027,7.289999961853027,110100
2020-06-02,7.329999923706055,7.565000057220459,7.260000228881836,7.389999866485596,7.389999866485596,69500
2020-06-03,7.510000228881836,7.53000020980835,7.360000133514404,7.5,7.5,44400
2020-06-04,7.5,7.755000114440918,7.300000190734863,7.550000190734863,7.550000190734863,88300
2020-06-05,8.0600004196167,8.850000381469727,7.7820000648498535,8.329999923706055,8.329999923706055,541500
2020-06-08,8.5,8.859999656677246,8.0,8.029999732971191,8.029999732971191,319700
2020-06-09,8.0,8.270000457763672,7.849999904632568,7.989999771118164,7.989999771118164,199400
2020-06-10,7.929999828338623,8.229999542236328,7.760000228881836,8.010000228881836,8.010000228881836,171200
2020-06-11,7.789999961853027,7.980000019073486,7.599999904632568,7.690000057220459,7.690000057220459,197100
2020-06-12,7.889999866485596,8.539999961853027,7.889999866485596,8.390000343322754,8.390000343322754,323100
2020-06-15,8.4399995803833,8.960000038146973,8.4399995803833,8.824999809265137,8.824999809265137,300900
2020-06-16,8.989999771118164,9.079999923706055,8.699999809265137,9.010000228881836,9.010000228881836,207400
2020-06-17,9.170000076293945,9.199999809265137,8.90999984741211,9.199999809265137,9.199999809265137,159500
2020-06-18,9.220000267028809,9.710000038146973,9.069999694824219,9.380000114440918,9.380000114440918,210200
2020-06-19,9.600000381469727,9.699999809265137,8.880000114440918,9.100000381469727,9.100000381469727,405600
2020-06-22,9.170000076293945,9.390000343322754,8.9399995803833,9.130000114440918,9.130000114440918,287400
2020-06-23,9.479999542236328,9.479999542236328,9.100000381469727,9.1899995803833,9.1899995803833,242800
2020-06-24,9.1899995803833,9.475000381469727,8.829999923706055,9.220000267028809,9.220000267028809,349000
2020-06-25,9.270000457763672,9.75,9.220000267028809,9.390000343322754,9.390000343322754,434800
2020-06-26,9.510000228881836,9.600000381469727,8.949999809265137,9.109999656677246,9.109999656677246,3064100
2020-06-29,9.119999885559082,9.140000343322754,8.100000381469727,8.180000305175781,8.180000305175781,267100
2020-06-30,8.1899995803833,8.600000381469727,8.029999732971191,8.350000381469727,8.350000381469727,244700
2020-07-01,8.319999694824219,8.444999694824219,7.929999828338623,8.09000015258789,8.09000015258789,238100
2020-07-02,8.029999732971191,8.300000190734863,7.869999885559082,8.220000267028809,8.220000267028809,230600
2020-07-06,8.329999923706055,8.369999885559082,7.860000133514404,8.319999694824219,8.319999694824219,288800
2020-07-07,8.350000381469727,8.510000228881836,7.869999885559082,8.0600004196167,8.0600004196167,277400
2020-07-08,8.09000015258789,8.529999732971191,7.949999809265137,8.5,8.5,196200
2020-07-09,8.479999542236328,8.600000381469727,8.09000015258789,8.1899995803833,8.1899995803833,154600
2020-07-10,8.199999809265137,8.399999618530273,8.0649995803833,8.270000457763672,8.270000457763672,128600
2020-07-13,8.369999885559082,8.609999656677246,8.199999809265137,8.229999542236328,8.229999542236328,191700
2020-07-14,8.210000038146973,8.550000190734863,7.940000057220459,8.479999542236328,8.479999542236328,281400
2020-07-15,8.630000114440918,9.489999771118164,8.460000038146973,9.039999961853027,9.039999961853027,725100
2020-07-16,9.210000038146973,9.489999771118164,9.0600004196167,9.420000076293945,9.420000076293945,282500
2020-07-17,9.489999771118164,9.699999809265137,9.180000305175781,9.34000015258789,9.34000015258789,251500
2020-07-20,9.4399995803833,9.58899974822998,9.052000045776367,9.15999984741211,9.15999984741211,243700
2020-07-21,9.300000190734863,9.300000190734863,8.8100004196167,8.890000343322754,8.890000343322754,279000
2020-07-22,8.84000015258789,8.970000267028809,8.649999618530273,8.890000343322754,8.890000343322754,213900
2020-07-23,8.90999984741211,9.024999618530273,8.640000343322754,8.760000228881836,8.760000228881836,176200
2020-07-24,8.760000228881836,8.875,8.510000228881836,8.680000305175781,8.680000305175781,145500
2020-07-27,8.6899995803833,8.989999771118164,8.630000114440918,8.84000015258789,8.84000015258789,250000
2020-07-28,8.819999694824219,8.899999618530273,8.630000114440918,8.670000076293945,8.670000076293945,159500
2020-07-29,8.680000305175781,8.760000228881836,8.029999732971191,8.170000076293945,8.170000076293945,422700
2020-07-30,8.239999771118164,8.890000343322754,8.210000038146973,8.329999923706055,8.329999923706055,345400
2020-07-31,8.539999961853027,8.680000305175781,8.282999992370605,8.444999694824219,8.444999694824219,277000
2020-08-03,8.619999885559082,8.989999771118164,8.569999694824219,8.800000190734863,8.800000190734863,417800
2020-08-04,8.850000381469727,9.020000457763672,8.84000015258789,9.0,9.0,261400
2020-08-05,9.0,9.100000381469727,8.510000228881836,8.739999771118164,8.739999771118164,448000
2020-08-06,8.84000015258789,9.039999961853027,8.550000190734863,8.670000076293945,8.670000076293945,581300
2020-08-07,8.699999809265137,9.09000015258789,8.5600004196167,9.010000228881836,9.010000228881836,756300
2020-08-10,9.460000038146973,10.670000076293945,9.329999923706055,10.170000076293945,10.170000076293945,2629300
2020-08-11,6.5,6.989999771118164,6.159999847412109,6.659999847412109,6.659999847412109,3614700
2020-08-12,6.71999979019165,6.980000019073486,5.929999828338623,6.170000076293945,6.170000076293945,1342200
2020-08-13,6.170000076293945,6.21999979019165,5.619999885559082,5.670000076293945,5.670000076293945,1073000
2020-08-14,5.760000228881836,5.800000190734863,5.389999866485596,5.670000076293945,5.670000076293945,833100
2020-08-17,5.679999828338623,5.889999866485596,5.619999885559082,5.829999923706055,5.829999923706055,460800
2020-08-18,5.800000190734863,6.159999847412109,5.630000114440918,5.929999828338623,5.929999828338623,550300
2020-08-19,5.900000095367432,5.960000038146973,5.697000026702881,5.829999923706055,5.829999923706055,236300
2020-08-20,5.800000190734863,5.860000133514404,5.639999866485596,5.659999847412109,5.659999847412109,251700
2020-08-21,5.630000114440918,5.639999866485596,5.360000133514404,5.590000152587891,5.590000152587891,401800
2020-08-24,5.559999942779541,5.650000095367432,5.190000057220459,5.320000171661377,5.320000171661377,331500
2020-08-25,5.300000190734863,5.369999885559082,5.119999885559082,5.230000019073486,5.230000019073486,267000
2020-08-26,5.25,5.730000019073486,5.190000057220459,5.699999809265137,5.699999809265137,439600
2020-08-27,5.599999904632568,5.769999980926514,5.320000171661377,5.559999942779541,5.559999942779541,381700
2020-08-28,5.559999942779541,5.6539998054504395,5.380000114440918,5.460000038146973,5.460000038146973,232800
2020-08-31,5.460000038146973,5.590000152587891,5.329999923706055,5.480000019073486,5.480000019073486,215500
2020-09-01,5.5,5.590000152587891,5.300000190734863,5.360000133514404,5.360000133514404,211300
2020-09-02,5.329999923706055,5.429999828338623,5.079999923706055,5.420000076293945,5.420000076293945,228300
2020-09-03,5.400000095367432,5.550000190734863,5.170000076293945,5.25,5.25,299800
2020-09-04,5.260000228881836,5.320000171661377,4.800000190734863,5.190000057220459,5.190000057220459,416600
2020-09-08,5.079999923706055,5.420000076293945,5.0,5.309999942779541,5.309999942779541,226600
2020-09-09,5.329999923706055,5.889999866485596,5.329999923706055,5.840000152587891,5.840000152587891,398900
2020-09-10,5.829999923706055,5.96999979019165,5.610000133514404,5.710000038146973,5.710000038146973,261400
2020-09-11,5.760000228881836,5.809999942779541,5.260000228881836,5.420000076293945,5.420000076293945,193600
2020-09-14,5.519999980926514,5.880000114440918,5.449999809265137,5.820000171661377,5.820000171661377,162400
2020-09-15,5.880000114440918,6.269999980926514,5.809999942779541,6.099999904632568,6.099999904632568,377800
2020-09-16,6.130000114440918,6.289999961853027,6.050000190734863,6.210000038146973,6.210000038146973,219400
2020-09-17,6.079999923706055,6.28000020980835,6.03000020980835,6.159999847412109,6.159999847412109,183000
2020-09-18,6.239999771118164,6.590000152587891,6.190000057220459,6.559999942779541,6.559999942779541,359400
2020-09-21,6.480000019073486,6.570000171661377,6.119999885559082,6.380000114440918,6.380000114440918,458800
2020-09-22,6.329999923706055,6.380000114440918,6.010000228881836,6.079999923706055,6.079999923706055,360700
2020-09-23,6.090000152587891,6.159999847412109,5.789999961853027,5.820000171661377,5.820000171661377,193300
2020-09-24,5.860000133514404,5.940000057220459,5.630000114440918,5.78000020980835,5.78000020980835,173100
2020-09-25,5.78000020980835,5.910999774932861,5.639999866485596,5.730000019073486,5.730000019073486,138300
2020-09-28,5.739999771118164,5.889999866485596,5.570000171661377,5.840000152587891,5.840000152587891,127800
2020-09-29,5.869999885559082,6.0269999504089355,5.690000057220459,5.96999979019165,5.96999979019165,104800
2020-09-30,6.0,6.079999923706055,5.789999961853027,6.059999942779541,6.059999942779541,187600
2020-10-01,6.099999904632568,6.3520002365112305,6.059999942779541,6.25,6.25,230300
2020-10-02,6.190000057220459,6.328000068664551,5.934999942779541,5.989999771118164,5.989999771118164,113000
2020-10-05,6.079999923706055,6.800000190734863,6.079999923706055,6.71999979019165,6.71999979019165,279900
2020-10-06,6.820000171661377,7.150000095367432,6.710000038146973,7.045000076293945,7.045000076293945,300100
2020-10-07,7.070000171661377,7.559999942779541,7.010000228881836,7.5,7.5,274000
2020-10-08,7.550000190734863,8.180000305175781,7.519999980926514,8.09000015258789,8.09000015258789,354500
2020-10-09,8.100000381469727,8.170000076293945,7.550000190734863,7.590000152587891,7.590000152587891,162600
2020-10-12,7.650000095367432,7.71999979019165,7.389999866485596,7.46999979019165,7.46999979019165,78300
2020-10-13,7.400000095367432,7.610000133514404,7.300000190734863,7.400000095367432,7.400000095367432,73200
2020-10-14,7.449999809265137,7.679999828338623,7.2220001220703125,7.340000152587891,7.340000152587891,98800
2020-10-15,7.230000019073486,7.75,7.070000171661377,7.590000152587891,7.590000152587891,138600
2020-10-16,7.539999961853027,7.730000019073486,7.539999961853027,7.619999885559082,7.619999885559082,47000
2020-10-19,7.659999847412109,7.71999979019165,7.21999979019165,7.25,7.25,126900
2020-10-20,7.349999904632568,7.409999847412109,7.070000171661377,7.300000190734863,7.300000190734863,102600
2020-10-21,7.28000020980835,7.377999782562256,7.170000076293945,7.300000190734863,7.300000190734863,90200
2020-10-22,7.210000038146973,7.744999885559082,7.170000076293945,7.659999847412109,7.659999847412109,152600
2020-10-23,7.699999809265137,7.78000020980835,7.670000076293945,7.710000038146973,7.710000038146973,64300
2020-10-26,7.690000057220459,7.789999961853027,7.210000038146973,7.340000152587891,7.340000152587891,129000
2020-10-27,7.340000152587891,8.109999656677246,7.239999771118164,8.050000190734863,8.050000190734863,251100
2020-10-28,7.909999847412109,7.909999847412109,7.329999923706055,7.380000114440918,7.380000114440918,129400
2020-10-29,7.28000020980835,7.835000038146973,7.130000114440918,7.71999979019165,7.71999979019165,141100
2020-10-30,7.7789998054504395,7.7789998054504395,7.28000020980835,7.559999942779541,7.559999942779541,86000
2020-11-02,7.429999828338623,7.519999980926514,6.860000133514404,7.329999923706055,7.329999923706055,102300
2020-11-03,7.429999828338623,8.020000457763672,7.400000095367432,7.900000095367432,7.900000095367432,116300
2020-11-04,7.860000133514404,8.199999809265137,7.75,8.029999732971191,8.029999732971191,177800
2020-11-05,7.900000095367432,8.050000190734863,7.659999847412109,7.989999771118164,7.989999771118164,169500
2020-11-06,8.029999732971191,8.029999732971191,7.460000038146973,7.46999979019165,7.46999979019165,60600
2020-11-09,7.630000114440918,8.25,7.510000228881836,8.050000190734863,8.050000190734863,366300
2020-11-10,8.050000190734863,8.274999618530273,7.769999980926514,8.010000228881836,8.010000228881836,134700
2020-11-11,8.09000015258789,8.416999816894531,7.909999847412109,8.350000381469727,8.350000381469727,125600
2020-11-12,8.470000267028809,8.470000267028809,8.020000457763672,8.220000267028809,8.220000267028809,87200
2020-11-13,8.220000267028809,8.680000305175781,8.100000381469727,8.550000190734863,8.550000190734863,89100
2020-11-16,8.6899995803833,8.75,7.809999942779541,8.199999809265137,8.199999809265137,181300
2020-11-17,8.1899995803833,8.1899995803833,7.889999866485596,8.09000015258789,8.09000015258789,63400
2020-11-18,8.09000015258789,8.149999618530273,7.900000095367432,7.920000076293945,7.920000076293945,84300
2020-11-19,7.889999866485596,8.109999656677246,7.71999979019165,8.0,8.0,101900
2020-11-20,7.929999828338623,8.010000228881836,7.820000171661377,7.960000038146973,7.960000038146973,85600
2020-11-23,7.900000095367432,7.929999828338623,7.650000095367432,7.760000228881836,7.760000228881836,88900
2020-11-24,7.809999942779541,7.809999942779541,7.539999961853027,7.639999866485596,7.639999866485596,89300
2020-11-25,7.630000114440918,7.940000057220459,7.53000020980835,7.880000114440918,7.880000114440918,50700
2020-11-27,7.800000190734863,7.800000190734863,7.7129998207092285,7.739999771118164,7.739999771118164,63100
2020-11-30,7.739999771118164,7.900000095367432,7.739999771118164,7.820000171661377,7.820000171661377,87700
2020-12-01,7.942999839782715,7.949999809265137,7.769999980926514,7.829999923706055,7.829999923706055,82800
2020-12-02,7.760000228881836,7.800000190734863,7.5,7.739999771118164,7.739999771118164,332000
2020-12-03,7.683000087738037,8.0600004196167,7.683000087738037,7.849999904632568,7.849999904632568,93400
2020-12-04,7.920000076293945,8.100000381469727,7.78000020980835,8.050000190734863,8.050000190734863,77100
2020-12-07,8.039999961853027,8.300000190734863,7.940000057220459,8.079999923706055,8.079999923706055,76800
2020-12-08,7.980000019073486,8.359999656677246,7.96999979019165,8.1899995803833,8.1899995803833,77100
2020-12-09,8.3100004196167,8.3100004196167,7.659999847412109,7.71999979019165,7.71999979019165,93200
2020-12-10,7.650000095367432,7.840000152587891,6.650000095367432,7.690000057220459,7.690000057220459,352700
2020-12-11,7.670000076293945,7.670000076293945,7.559999942779541,7.610000133514404,7.610000133514404,51000
2020-12-14,7.650000095367432,7.800000190734863,7.409999847412109,7.574999809265137,7.574999809265137,134600
2020-12-15,7.710000038146973,7.860000133514404,7.46999979019165,7.730000019073486,7.730000019073486,51500
2020-12-16,7.760000228881836,7.869999885559082,7.329999923706055,7.329999923706055,7.329999923706055,72900
2020-12-17,7.440000057220459,7.510000228881836,7.289999961853027,7.420000076293945,7.420000076293945,69500
2020-12-18,7.489999771118164,7.539999961853027,7.28000020980835,7.480000019073486,7.480000019073486,134800
2020-12-21,7.230000019073486,7.504000186920166,7.2210001945495605,7.420000076293945,7.420000076293945,116600
2020-12-22,7.480000019073486,7.550000190734863,7.300000190734863,7.340000152587891,7.340000152587891,74100
2020-12-23,7.329999923706055,7.510000228881836,7.260000228881836,7.320000171661377,7.320000171661377,89100
2020-12-24,7.320000171661377,7.329999923706055,6.519999980926514,7.159999847412109,7.159999847412109,162500
2020-12-28,7.230000019073486,7.5,7.170000076293945,7.380000114440918,7.380000114440918,55300
2020-12-29,7.309999942779541,7.460000038146973,6.96999979019165,7.090000152587891,7.090000152587891,52500
2020-12-30,7.050000190734863,7.36299991607666,7.050000190734863,7.139999866485596,7.139999866485596,51700
2020-12-31,7.159999847412109,7.550000190734863,7.110000133514404,7.449999809265137,7.449999809265137,76700
2021-01-04,7.489999771118164,7.550000190734863,7.25,7.460000038146973,7.460000038146973,47000
2021-01-05,7.449999809265137,7.554999828338623,7.369999885559082,7.5,7.5,27100
2021-01-06,7.5,7.610000133514404,7.070000171661377,7.329999923706055,7.329999923706055,96400
2021-01-07,7.329999923706055,7.550000190734863,7.329999923706055,7.5,7.5,55200
2021-01-08,7.5,7.570000171661377,7.230000019073486,7.489999771118164,7.489999771118164,58200
2021-01-11,7.21999979019165,7.5,7.110000133514404,7.340000152587891,7.340000152587891,106000
2021-01-12,7.320000171661377,7.489999771118164,7.28000020980835,7.440000057220459,7.440000057220459,79500
2021-01-13,7.46999979019165,7.940000057220459,7.429999828338623,7.550000190734863,7.550000190734863,124900
2021-01-14,7.570000171661377,7.724999904632568,7.369999885559082,7.389999866485596,7.389999866485596,111700
2021-01-15,7.440000057220459,7.570000171661377,7.25,7.429999828338623,7.429999828338623,109400
2021-01-19,7.539999961853027,7.949999809265137,7.46999979019165,7.909999847412109,7.909999847412109,89600
2021-01-20,7.889999866485596,8.0,7.619999885559082,7.639999866485596,7.639999866485596,44900
2021-01-21,7.699999809265137,7.880000114440918,7.570000171661377,7.809999942779541,7.809999942779541,67600
2021-01-22,7.710000038146973,8.1899995803833,7.710000038146973,8.15999984741211,8.15999984741211,91100
2021-01-25,8.140000343322754,8.1899995803833,7.860000133514404,8.09000015258789,8.09000015258789,66500
2021-01-26,8.0,8.069999694824219,7.570000171661377,7.679999828338623,7.679999828338623,115000
2021-01-27,7.53000020980835,7.829999923706055,7.300000190734863,7.429999828338623,7.429999828338623,185400
2021-01-28,7.550000190734863,7.550000190734863,7.110000133514404,7.360000133514404,7.360000133514404,89400
2021-01-29,7.320000171661377,7.489999771118164,7.050000190734863,7.199999809265137,7.199999809265137,112900
2021-02-01,7.199999809265137,7.309999942779541,7.139999866485596,7.289999961853027,7.289999961853027,69600
2021-02-02,7.380000114440918,7.579999923706055,7.269999980926514,7.53000020980835,7.53000020980835,84300
2021-02-03,7.449999809265137,7.809999942779541,7.449999809265137,7.809999942779541,7.809999942779541,80000
2021-02-04,7.840000152587891,8.0,7.800000190734863,7.96999979019165,7.96999979019165,49000
2021-02-05,8.039999961853027,8.1899995803833,7.880000114440918,8.180000305175781,8.180000305175781,98200
2021-02-08,8.1899995803833,8.640000343322754,8.1899995803833,8.59000015258789,8.59000015258789,102300
2021-02-09,8.460000038146973,8.824999809265137,8.401000022888184,8.680000305175781,8.680000305175781,111800
2021-02-10,8.609999656677246,8.84000015258789,8.350000381469727,8.550000190734863,8.550000190734863,88700
2021-02-11,8.649999618530273,8.729999542236328,8.239999771118164,8.369999885559082,8.369999885559082,71700
2021-02-12,8.199999809265137,8.329999923706055,7.960000038146973,8.050000190734863,8.050000190734863,76200
2021-02-16,8.0,8.23799991607666,7.909999847412109,8.039999961853027,8.039999961853027,68200
2021-02-17,7.980000019073486,8.319999694824219,7.915999889373779,8.25,8.25,57000
2021-02-18,8.229999542236328,8.229999542236328,7.800000190734863,7.800000190734863,7.800000190734863,43300
2021-02-19,7.769999980926514,8.140000343322754,7.769999980926514,8.079999923706055,8.079999923706055,44700
2021-02-22,8.050000190734863,8.359999656677246,7.840000152587891,8.3100004196167,8.3100004196167,68300
2021-02-23,8.130000114440918,8.25,7.849999904632568,7.940000057220459,7.940000057220459,43100
2021-02-24,7.949999809265137,8.229999542236328,7.840000152587891,7.900000095367432,7.900000095367432,74000
2021-02-25,7.869999885559082,8.020000457763672,7.440000057220459,7.639999866485596,7.639999866485596,69000
2021-02-26,7.639999866485596,7.690000057220459,7.269999980926514,7.320000171661377,7.320000171661377,70200
2021-03-01,7.440000057220459,7.489999771118164,7.099999904632568,7.46999979019165,7.46999979019165,59700
2021-03-02,7.449999809265137,7.5,7.309999942779541,7.329999923706055,7.329999923706055,40700
2021-03-03,7.329999923706055,7.840000152587891,7.199999809265137,7.659999847412109,7.659999847412109,51600
2021-03-04,7.260000228881836,7.460000038146973,6.820000171661377,7.179999828338623,7.179999828338623,104600
2021-03-05,6.960000038146973,7.505000114440918,6.730000019073486,7.335000038146973,7.335000038146973,148100
2021-03-08,7.460000038146973,7.510000228881836,7.099999904632568,7.28000020980835,7.28000020980835,52300
2021-03-09,7.380000114440918,7.619999885559082,7.322999954223633,7.460000038146973,7.460000038146973,60900
2021-03-10,7.599999904632568,7.699999809265137,7.409999847412109,7.489999771118164,7.489999771118164,68200
2021-03-11,7.590000152587891,8.020000457763672,7.53000020980835,7.599999904632568,7.599999904632568,88500
2021-03-12,7.570000171661377,7.860000133514404,7.5,7.699999809265137,7.699999809265137,43300
2021-03-15,7.650000095367432,7.670000076293945,7.445000171661377,7.619999885559082,7.619999885559082,37600
2021-03-16,7.630000114440918,7.730000019073486,7.400000095367432,7.650000095367432,7.650000095367432,41000
2021-03-17,7.610000133514404,7.610000133514404,7.449999809265137,7.480000019073486,7.480000019073486,26800
2021-03-18,7.460000038146973,7.603000164031982,7.230000019073486,7.230000019073486,7.230000019073486,45900
2021-03-19,7.230000019073486,7.300000190734863,7.090000152587891,7.119999885559082,7.119999885559082,133200
2021-03-22,7.090000152587891,7.265999794006348,6.900000095367432,6.940000057220459,6.940000057220459,79500
2021-03-23,7.309999942779541,7.309999942779541,6.5,6.605000019073486,6.605000019073486,133000
2021-03-24,6.670000076293945,6.848999977111816,6.289999961853027,6.380000114440918,6.380000114440918,115400
2021-03-25,6.360000133514404,6.599999904632568,6.260000228881836,6.599999904632568,6.599999904632568,50400
2021-03-26,6.679999828338623,6.699999809265137,6.179999828338623,6.21999979019165,6.21999979019165,109100
2021-03-29,6.190000057220459,6.389999866485596,5.900000095367432,6.210000038146973,6.210000038146973,74300
2021-03-30,6.505000114440918,6.619999885559082,6.210000038146973,6.449999809265137,6.449999809265137,174100
2021-03-31,6.480000019073486,6.565000057220459,6.159999847412109,6.210000038146973,6.210000038146973,126100
2021-04-01,6.21999979019165,6.329999923706055,6.159999847412109,6.264999866485596,6.264999866485596,126800
2021-04-05,6.320000171661377,6.320000171661377,5.949999809265137,5.989999771118164,5.989999771118164,171500
2021-04-06,5.989999771118164,6.96999979019165,5.929999828338623,6.929999828338623,6.929999828338623,1213800
2021-04-07,6.960000038146973,6.960000038146973,6.309999942779541,6.409999847412109,6.409999847412109,141300
2021-04-08,6.389999866485596,6.53000020980835,6.110000133514404,6.420000076293945,6.420000076293945,128200
2021-04-09,6.409999847412109,6.429999828338623,6.170000076293945,6.28000020980835,6.28000020980835,116500
2021-04-12,6.210000038146973,6.300000190734863,5.900000095367432,6.110000133514404,6.110000133514404,111800
2021-04-13,6.099999904632568,6.409999847412109,5.960000038146973,6.320000171661377,6.320000171661377,81900
2021-04-14,6.329999923706055,6.590000152587891,6.210000038146973,6.449999809265137,6.449999809265137,87300
2021-04-15,6.53000020980835,6.53000020980835,6.369999885559082,6.429999828338623,6.429999828338623,65900
2021-04-16,6.510000228881836,6.539999961853027,6.139999866485596,6.269999980926514,6.269999980926514,89600
2021-04-19,6.510000228881836,6.550000190734863,6.179999828338623,6.260000228881836,6.260000228881836,113100
2021-04-20,6.28000020980835,6.380000114440918,5.96999979019165,6.21999979019165,6.21999979019165,116200
2021-04-21,6.420000076293945,6.949999809265137,6.21999979019165,6.909999847412109,6.909999847412109,154000
2021-04-22,6.96999979019165,6.989999771118164,6.619999885559082,6.880000114440918,6.880000114440918,140300
2021-04-23,6.889999866485596,7.0,6.789999961853027,6.860000133514404,6.860000133514404,63400
2021-04-26,6.635000228881836,7.130000114440918,6.635000228881836,7.03000020980835,7.03000020980835,112100
2021-04-27,7.079999923706055,7.079999923706055,6.650000095367432,6.869999885559082,6.869999885559082,98300
2021-04-28,6.800000190734863,6.829999923706055,6.559999942779541,6.679999828338623,6.679999828338623,99000
2021-04-29,6.71999979019165,6.849999904632568,6.460000038146973,6.5,6.5,129600
2021-04-30,6.480000019073486,6.519999980926514,6.179999828338623,6.25,6.25,193300
2021-05-03,6.28000020980835,6.480000019073486,6.114999771118164,6.199999809265137,6.199999809265137,164500
2021-05-04,6.199999809265137,6.21999979019165,5.960000038146973,5.960000038146973,5.960000038146973,145400
2021-05-05,6.010000228881836,6.239999771118164,5.949999809265137,6.179999828338623,6.179999828338623,214600
2021-05-06,6.199999809265137,6.199999809265137,5.829999923706055,6.110000133514404,6.110000133514404,159700
2021-05-07,6.099999904632568,6.264999866485596,5.960000038146973,6.170000076293945,6.170000076293945,99000
2021-05-10,6.159999847412109,6.159999847412109,5.920000076293945,5.980000019073486,5.980000019073486,118700
2021-05-11,5.840000152587891,6.210000038146973,5.800000190734863,6.070000171661377,6.070000171661377,54900
2021-05-12,6.070000171661377,6.159999847412109,5.889999866485596,5.980000019073486,5.980000019073486,79100
2021-05-13,5.980000019073486,6.230000019073486,5.925000190734863,6.199999809265137,6.199999809265137,193600
2021-05-14,6.199999809265137,6.559999942779541,6.079999923706055,6.309999942779541,6.309999942779541,107400
2021-05-17,6.239999771118164,6.429999828338623,6.230000019073486,6.320000171661377,6.320000171661377,45800
2021-05-18,6.340000152587891,6.679999828338623,6.340000152587891,6.559999942779541,6.559999942779541,118700
2021-05-19,6.65500020980835,6.71999979019165,6.449999809265137,6.650000095367432,6.650000095367432,75700
2021-05-20,6.639999866485596,6.854000091552734,6.579999923706055,6.769999980926514,6.769999980926514,79400
2021-05-21,6.880000114440918,6.900000095367432,6.639999866485596,6.78000020980835,6.78000020980835,71400
2021-05-24,6.800000190734863,6.909999847412109,6.679999828338623,6.71999979019165,6.71999979019165,83200
2021-05-25,6.75,6.849999904632568,6.599999904632568,6.610000133514404,6.610000133514404,80300
2021-05-26,6.679999828338623,6.980000019073486,6.53000020980835,6.869999885559082,6.869999885559082,64000
2021-05-27,6.929999828338623,7.0,6.75,6.909999847412109,6.909999847412109,54000
2021-05-28,7.059999942779541,7.630000114440918,7.050000190734863,7.369999885559082,7.369999885559082,322000
2021-06-01,7.78000020980835,7.78000020980835,7.46999979019165,7.53000020980835,7.53000020980835,115400
2021-06-02,7.579999923706055,7.579999923706055,7.349999904632568,7.460000038146973,7.460000038146973,76800
2021-06-03,6.920000076293945,7.489999771118164,6.849999904632568,7.389999866485596,7.389999866485596,189700
2021-06-04,7.449999809265137,7.5,7.400000095367432,7.46999979019165,7.46999979019165,104900
2021-06-07,7.440000057220459,7.46999979019165,6.730000019073486,7.079999923706055,7.079999923706055,258000
2021-06-08,7.110000133514404,7.239999771118164,6.929999828338623,6.96999979019165,6.96999979019165,114800
2021-06-09,6.980000019073486,7.070000171661377,6.940000057220459,7.050000190734863,7.050000190734863,97100
2021-06-10,7.070000171661377,7.070000171661377,6.829999923706055,6.880000114440918,6.880000114440918,89800
2021-06-11,6.869999885559082,6.929999828338623,6.670000076293945,6.769999980926514,6.769999980926514,106500
2021-06-14,6.800000190734863,6.940000057220459,6.650000095367432,6.690000057220459,6.690000057220459,67800
2021-06-15,6.699999809265137,6.769999980926514,6.550000190734863,6.619999885559082,6.619999885559082,114300
2021-06-16,6.599999904632568,6.760000228881836,6.460000038146973,6.570000171661377,6.570000171661377,110700
2021-06-17,6.539999961853027,6.730000019073486,6.539999961853027,6.650000095367432,6.650000095367432,144700
2021-06-18,6.539999961853027,6.699999809265137,6.320000171661377,6.53000020980835,6.53000020980835,252500
2021-06-21,6.550000190734863,6.789999961853027,6.460000038146973,6.630000114440918,6.630000114440918,150500
2021-06-22,6.900000095367432,7.050000190734863,6.630000114440918,6.96999979019165,6.96999979019165,532500
2021-06-23,6.949999809265137,7.0,6.599999904632568,6.78000020980835,6.78000020980835,261500
2021-06-24,7.144999980926514,7.324999809265137,6.650000095367432,7.289999961853027,7.289999961853027,343000
2021-06-25,7.21999979019165,7.639999866485596,6.984000205993652,7.389999866485596,7.389999866485596,2824000
2021-06-28,7.460000038146973,7.940000057220459,7.269999980926514,7.849999904632568,7.849999904632568,161900
2021-06-29,7.800000190734863,7.820000171661377,7.480000019073486,7.519999980926514,7.519999980926514,87900
2021-06-30,7.53000020980835,7.53000020980835,7.230000019073486,7.289999961853027,7.289999961853027,92900
2021-07-01,7.25,7.340000152587891,7.079999923706055,7.309999942779541,7.309999942779541,86200
2021-07-02,7.329999923706055,7.420000076293945,7.039999961853027,7.199999809265137,7.199999809265137,88300
2021-07-06,7.230000019073486,7.289999961853027,6.960000038146973,6.96999979019165,6.96999979019165,64900
2021-07-07,6.989999771118164,7.0,6.559999942779541,6.630000114440918,6.630000114440918,125700
2021-07-08,6.53000020980835,6.739999771118164,6.460000038146973,6.550000190734863,6.550000190734863,112200
2021-07-09,6.559999942779541,6.670000076293945,6.539999961853027,6.630000114440918,6.630000114440918,44700
2021-07-12,6.570000171661377,6.840000152587891,6.46999979019165,6.519999980926514,6.519999980926514,90600
2021-07-13,6.550000190734863,6.900000095367432,6.5,6.840000152587891,6.840000152587891,80600
2021-07-14,6.974999904632568,6.974999904632568,6.630000114440918,6.670000076293945,6.670000076293945,98900
2021-07-15,6.6570000648498535,6.699999809265137,6.394999980926514,6.610000133514404,6.610000133514404,98900
2021-07-16,6.480000019073486,6.679999828338623,6.480000019073486,6.579999923706055,6.579999923706055,102500
2021-07-19,6.519999980926514,6.670000076293945,6.480000019073486,6.539999961853027,6.539999961853027,67700
2021-07-20,6.510000228881836,6.639999866485596,6.449999809265137,6.610000133514404,6.610000133514404,37100
2021-07-21,6.610000133514404,6.96999979019165,6.610000133514404,6.800000190734863,6.800000190734863,54800
2021-07-22,6.849999904632568,6.940000057220459,6.579999923706055,6.710000038146973,6.710000038146973,60600
2021-07-23,6.974999904632568,6.974999904632568,6.460000038146973,6.579999923706055,6.579999923706055,65000
2021-07-26,6.579999923706055,6.659999847412109,6.449999809265137,6.539999961853027,6.539999961853027,61400
2021-07-27,6.510000228881836,6.670000076293945,6.46999979019165,6.619999885559082,6.619999885559082,53900
2021-07-28,6.639999866485596,6.699999809265137,6.5,6.610000133514404,6.610000133514404,33300
2021-07-29,6.599999904632568,6.679999828338623,6.510000228881836,6.539999961853027,6.539999961853027,20900
2021-07-30,6.539999961853027,6.570000171661377,6.449999809265137,6.510000228881836,6.510000228881836,25700
2021-08-02,6.619999885559082,6.813000202178955,6.550000190734863,6.699999809265137,6.699999809265137,32100
2021-08-03,6.699999809265137,6.699999809265137,6.510000228881836,6.619999885559082,6.619999885559082,16200
2021-08-04,6.550000190734863,6.690000057220459,6.5,6.610000133514404,6.610000133514404,26900
2021-08-05,6.610000133514404,7.0,6.566999912261963,6.880000114440918,6.880000114440918,61800
2021-08-06,6.869999885559082,6.869999885559082,6.699999809265137,6.809999942779541,6.809999942779541,15200
2021-08-09,6.75,7.079999923706055,6.699999809265137,6.96999979019165,6.96999979019165,49600
2021-08-10,6.989999771118164,6.989999771118164,6.829999923706055,6.989999771118164,6.989999771118164,23100
2021-08-11,7.050000190734863,7.340000152587891,6.929999828338623,7.340000152587891,7.340000152587891,47300
2021-08-12,7.340000152587891,7.400000095367432,7.050000190734863,7.139999866485596,7.139999866485596,50400
2021-08-13,7.159999847412109,7.255000114440918,7.070000171661377,7.130000114440918,7.130000114440918,27700
2021-08-16,7.150000095367432,7.199999809265137,6.900000095367432,6.96999979019165,6.96999979019165,55500
2021-08-17,6.880000114440918,7.099999904632568,6.78000020980835,6.900000095367432,6.900000095367432,26600
2021-08-18,6.840000152587891,7.079999923706055,6.820000171661377,6.880000114440918,6.880000114440918,33000
2021-08-19,6.840000152587891,6.900000095367432,6.749000072479248,6.820000171661377,6.820000171661377,30800
2021-08-20,6.800000190734863,7.03000020980835,6.800000190734863,6.96999979019165,6.96999979019165,23900
2021-08-23,7.0,7.670000076293945,6.9629998207092285,7.539999961853027,7.539999961853027,88500
2021-08-24,7.599999904632568,7.730000019073486,7.315000057220459,7.71999979019165,7.71999979019165,43100
2021-08-25,7.624000072479248,8.119999885559082,7.624000072479248,7.989999771118164,7.989999771118164,66600
2021-08-26,8.020000457763672,8.1899995803833,7.784999847412109,7.96999979019165,7.96999979019165,45000
2021-08-27,7.989999771118164,8.210000038146973,7.622000217437744,8.149999618530273,8.149999618530273,42200
2021-08-30,8.0,8.119999885559082,7.769999980926514,7.860000133514404,7.860000133514404,37900
2021-08-31,7.909999847412109,8.118000030517578,7.809999942779541,7.920000076293945,7.920000076293945,21900
2021-09-01,7.849999904632568,7.96999979019165,7.760000228881836,7.860000133514404,7.860000133514404,29500
2021-09-02,7.860000133514404,8.220000267028809,7.860000133514404,8.050000190734863,8.050000190734863,31500
2021-09-03,7.989999771118164,8.0,7.800000190734863,7.940000057220459,7.940000057220459,44000
2021-09-07,7.989999771118164,8.140000343322754,7.869999885559082,8.039999961853027,8.039999961853027,44200
2021-09-08,8.0,8.0,7.849999904632568,7.880000114440918,7.880000114440918,44300
2021-09-09,8.0,8.0,7.860000133514404,7.929999828338623,7.929999828338623,14800
2021-09-10,7.929999828338623,8.229999542236328,7.869999885559082,8.1899995803833,8.1899995803833,28200
2021-09-13,8.180000305175781,8.75,8.114999771118164,8.680000305175781,8.680000305175781,117200
2021-09-14,8.302000045776367,8.739999771118164,8.210000038146973,8.220000267028809,8.220000267028809,36000
2021-09-15,8.279999732971191,8.770000457763672,8.210000038146973,8.640000343322754,8.640000343322754,55200
2021-09-16,8.609999656677246,8.710000038146973,8.5,8.520000457763672,8.520000457763672,16200
2021-09-17,8.569999694824219,8.670000076293945,8.38599967956543,8.460000038146973,8.460000038146973,57500
2021-09-20,8.300000190734863,8.640000343322754,8.140000343322754,8.5,8.5,83700
2021-09-21,8.619999885559082,8.734000205993652,8.199999809265137,8.609999656677246,8.609999656677246,37800
2021-09-22,8.739999771118164,8.789999961853027,8.61400032043457,8.729999542236328,8.729999542236328,25700
2021-09-23,8.789999961853027,9.5,8.789999961853027,9.399999618530273,9.399999618530273,94800
2021-09-24,9.3100004196167,9.550000190734863,8.960000038146973,9.390000343322754,9.390000343322754,50600
2021-09-27,9.399999618530273,9.399999618530273,9.300000190734863,9.350000381469727,9.350000381469727,33200
2021-09-28,9.359999656677246,9.829999923706055,9.345000267028809,9.619999885559082,9.619999885559082,42400
2021-09-29,9.6899995803833,9.720000267028809,9.170000076293945,9.279999732971191,9.279999732971191,74600
2021-09-30,9.350000381469727,9.5,9.050000190734863,9.420000076293945,9.420000076293945,28300
2021-10-01,9.430000305175781,9.472999572753906,9.149999618530273,9.319999694824219,9.319999694824219,28400
2021-10-04,9.260000228881836,9.369999885559082,9.09000015258789,9.109999656677246,9.109999656677246,43500
2021-10-05,9.15999984741211,9.4399995803833,9.095000267028809,9.40999984741211,9.40999984741211,19900
2021-10-06,9.329999923706055,9.449999809265137,9.180999755859375,9.359999656677246,9.359999656677246,13700
2021-10-07,9.319999694824219,9.479999542236328,9.180000305175781,9.180000305175781,9.180000305175781,31800
2021-10-08,9.229999542236328,9.399999618530273,9.0600004196167,9.279999732971191,9.279999732971191,34500
2021-10-11,9.315999984741211,9.4399995803833,9.25,9.289999961853027,9.289999961853027,19700
2021-10-12,9.359999656677246,9.479999542236328,9.279000282287598,9.479999542236328,9.479999542236328,29500
2021-10-13,9.449999809265137,9.600000381469727,9.260000228881836,9.359999656677246,9.359999656677246,55600
2021-10-14,9.350000381469727,9.489999771118164,9.239999771118164,9.350000381469727,9.350000381469727,82300
2021-10-15,9.359999656677246,9.45199966430664,9.050000190734863,9.1899995803833,9.1899995803833,30100
2021-10-18,8.539999961853027,9.192000389099121,8.5,8.739999771118164,8.739999771118164,39000
2021-10-19,8.670000076293945,8.949999809265137,8.65999984741211,8.890000343322754,8.890000343322754,46100
2021-10-20,8.899999618530273,9.050000190734863,8.739999771118164,9.050000190734863,9.050000190734863,23700
2021-10-21,9.050000190734863,9.050000190734863,8.789999961853027,8.789999961853027,8.789999961853027,32600
2021-10-22,8.8149995803833,8.84000015258789,8.717000007629395,8.760000228881836,8.760000228881836,10600
2021-10-25,8.760000228881836,8.99899959564209,8.680000305175781,8.880000114440918,8.880000114440918,92500
2021-10-26,8.734000205993652,9.175000190734863,8.734000205993652,9.149999618530273,9.149999618530273,59100
2021-10-27,9.180000305175781,9.199999809265137,8.90999984741211,9.050000190734863,9.050000190734863,57900
2021-10-28,9.029999732971191,9.029999732971191,8.789999961853027,8.970000267028809,8.970000267028809,38200
2021-10-29,9.0,9.420000076293945,9.0,9.260000228881836,9.260000228881836,86000
2021-11-01,9.25,9.75,9.03499984741211,9.489999771118164,9.489999771118164,142800
2021-11-02,9.529999732971191,9.739999771118164,9.329999923706055,9.739999771118164,9.739999771118164,73900
2021-11-03,9.699999809265137,9.699999809265137,9.399999618530273,9.579999923706055,9.579999923706055,70800
2021-11-04,9.550000190734863,9.600000381469727,9.220000267028809,9.3100004196167,9.3100004196167,71400
2021-11-05,9.380000114440918,9.479999542236328,9.199999809265137,9.350000381469727,9.350000381469727,30000
2021-11-08,9.319999694824219,9.437000274658203,9.279999732971191,9.3100004196167,9.3100004196167,43100
2021-11-09,9.399999618530273,9.449999809265137,9.210000038146973,9.369999885559082,9.369999885559082,46900
2021-11-10,9.369999885559082,9.579999923706055,9.199999809265137,9.279999732971191,9.279999732971191,89000
2021-11-11,9.34000015258789,9.430000305175781,9.210000038146973,9.350000381469727,9.350000381469727,41900
2021-11-12,9.300000190734863,10.07800006866455,9.289999961853027,9.529999732971191,9.529999732971191,145100
2021-11-15,9.630000114440918,9.819999694824219,9.515000343322754,9.649999618530273,9.649999618530273,77900
2021-11-16,9.649999618530273,9.84000015258789,9.59000015258789,9.710000038146973,9.710000038146973,85500
2021-11-17,9.739999771118164,9.850000381469727,9.609999656677246,9.75,9.75,65800
2021-11-18,9.890000343322754,9.949999809265137,9.75,9.850000381469727,9.850000381469727,96400
2021-11-19,9.850000381469727,9.885000228881836,9.710000038146973,9.824999809265137,9.824999809265137,59000
2021-11-22,9.930000305175781,10.010000228881836,9.71500015258789,10.010000228881836,10.010000228881836,96800
2021-11-23,10.050000190734863,10.050000190734863,9.34000015258789,9.739999771118164,9.739999771118164,126700
2021-11-24,9.800000190734863,9.9399995803833,9.489999771118164,9.850000381469727,9.850000381469727,106200
2021-11-26,9.829999923706055,9.9399995803833,9.279999732971191,9.640000343322754,9.640000343322754,126400
2021-11-29,4.940000057220459,5.199999809265137,4.690000057220459,4.78000020980835,4.78000020980835,2958300
2021-11-30,4.394000053405762,4.590000152587891,4.199999809265137,4.389999866485596,4.389999866485596,666800
2021-12-01,4.440000057220459,4.440000057220459,3.822000026702881,3.890000104904175,3.890000104904175,568600
2021-12-02,3.950000047683716,4.315000057220459,3.890000104904175,4.25,4.25,299300
2021-12-03,4.309999942779541,4.519999980926514,4.269999980926514,4.429999828338623,4.429999828338623,333900
2021-12-06,4.5,4.5,4.099999904632568,4.190000057220459,4.190000057220459,139300
2021-12-07,4.199999809265137,4.420000076293945,4.190000057220459,4.289999961853027,4.289999961853027,84200
2021-12-08,4.329999923706055,4.349999904632568,4.130000114440918,4.260000228881836,4.260000228881836,116400
2021-12-09,4.244999885559082,4.289999961853027,4.099999904632568,4.139999866485596,4.139999866485596,94500
2021-12-10,4.139999866485596,4.239999771118164,4.110000133514404,4.130000114440918,4.130000114440918,71600
2021-12-13,4.099999904632568,4.224999904632568,4.039999961853027,4.179999828338623,4.179999828338623,104300
2021-12-14,4.130000114440918,4.170000076293945,4.050000190734863,4.079999923706055,4.079999923706055,90800
2021-12-15,4.050000190734863,4.335999965667725,4.050000190734863,4.28000020980835,4.28000020980835,106300
2021-12-16,4.269999980926514,4.291999816894531,3.9600000381469727,4.019999980926514,4.019999980926514,172900
2021-12-17,4.010000228881836,4.204999923706055,3.9719998836517334,4.079999923706055,4.079999923706055,80500
2021-12-20,4.150000095367432,4.289999961853027,4.03000020980835,4.210000038146973,4.210000038146973,125600
2021-12-21,4.179999828338623,4.269999980926514,4.050000190734863,4.210000038146973,4.210000038146973,108300
2021-12-22,4.170000076293945,4.400000095367432,4.099999904632568,4.309999942779541,4.309999942779541,116700
2021-12-23,4.300000190734863,4.570000171661377,4.269999980926514,4.489999771118164,4.489999771118164,186800
2021-12-27,4.46999979019165,4.53000020980835,4.139999866485596,4.320000171661377,4.320000171661377,109700
2021-12-28,4.260000228881836,4.360000133514404,4.139999866485596,4.179999828338623,4.179999828338623,93900
2021-12-29,4.230000019073486,4.300000190734863,4.140999794006348,4.21999979019165,4.21999979019165,90200
2021-12-30,4.230000019073486,4.5,4.230000019073486,4.380000114440918,4.380000114440918,191400
2021-12-31,4.329999923706055,4.510000228881836,4.297999858856201,4.400000095367432,4.400000095367432,73600
2022-01-03,4.389999866485596,4.599999904632568,4.369999885559082,4.579999923706055,4.579999923706055,46600
2022-01-04,4.590000152587891,4.590000152587891,4.302999973297119,4.519999980926514,4.519999980926514,36000
2022-01-05,4.464000225067139,4.599999904632568,4.349999904632568,4.409999847412109,4.409999847412109,73000
2022-01-06,4.230000019073486,4.53000020980835,4.175000190734863,4.400000095367432,4.400000095367432,94100
2022-01-07,4.260000228881836,4.559999942779541,4.260000228881836,4.519999980926514,4.519999980926514,57300
2022-01-10,4.349999904632568,4.539999961853027,4.309999942779541,4.489999771118164,4.489999771118164,28500
2022-01-11,4.460000038146973,4.789999961853027,4.341000080108643,4.78000020980835,4.78000020980835,76700
2022-01-12,4.550000190734863,4.828000068664551,4.550000190734863,4.744999885559082,4.744999885559082,45300
2022-01-13,4.570000171661377,4.775000095367432,4.449999809265137,4.679999828338623,4.679999828338623,88700
2022-01-14,4.449999809265137,4.730000019073486,4.449999809265137,4.630000114440918,4.630000114440918,77800
2022-01-18,4.630000114440918,4.699999809265137,4.5,4.599999904632568,4.599999904632568,103600
2022-01-19,4.610000133514404,4.610000133514404,4.440000057220459,4.480000019073486,4.480000019073486,97600
2022-01-20,4.554999828338623,4.699999809265137,4.53000020980835,4.639999866485596,4.639999866485596,41000
2022-01-21,4.579999923706055,4.590000152587891,4.28000020980835,4.389999866485596,4.389999866485596,68900
2022-01-24,4.590000152587891,4.599999904632568,4.110000133514404,4.550000190734863,4.550000190734863,107200
2022-01-25,4.360000133514404,4.61899995803833,4.349999904632568,4.599999904632568,4.599999904632568,24900
2022-01-26,4.690000057220459,4.823999881744385,4.460000038146973,4.639999866485596,4.639999866485596,69300
2022-01-27,4.710000038146973,4.730000019073486,4.289999961853027,4.289999961853027,4.289999961853027,24800
2022-01-28,4.239999771118164,4.422999858856201,4.239999771118164,4.420000076293945,4.420000076293945,35800
2022-01-31,4.179999828338623,4.949999809265137,4.159999847412109,4.650000095367432,4.650000095367432,156300
2022-02-01,4.699999809265137,4.929999828338623,4.699999809265137,4.880000114440918,4.880000114440918,68300
2022-02-02,4.900000095367432,4.949999809265137,4.71999979019165,4.78000020980835,4.78000020980835,25100
2022-02-03,4.699999809265137,4.699999809265137,4.599999904632568,4.679999828338623,4.679999828338623,25800
2022-02-04,4.699999809265137,4.829999923706055,4.579999923706055,4.764999866485596,4.764999866485596,22100
2022-02-07,4.760000228881836,4.900000095367432,4.739999771118164,4.900000095367432,4.900000095367432,25900
2022-02-08,4.760000228881836,4.940000057220459,4.760000228881836,4.869999885559082,4.869999885559082,12500
2022-02-09,4.869999885559082,5.0,4.869999885559082,4.980000019073486,4.980000019073486,30000
2022-02-10,4.909999847412109,5.5,4.909999847412109,5.110000133514404,5.110000133514404,92800
2022-02-11,4.699999809265137,5.210000038146973,4.699999809265137,5.0,5.0,42400
2022-02-14,4.96999979019165,4.989999771118164,4.659999847412109,4.71999979019165,4.71999979019165,51500
2022-02-15,4.800000190734863,4.920000076293945,4.760000228881836,4.860000133514404,4.860000133514404,34600
2022-02-16,4.809999942779541,4.860000133514404,4.679999828338623,4.860000133514404,4.860000133514404,27100
2022-02-17,4.960000038146973,5.019999980926514,4.71999979019165,4.880000114440918,4.880000114440918,26300
2022-02-18,4.829999923706055,4.880000114440918,4.78000020980835,4.869999885559082,4.869999885559082,16600
2022-02-22,4.869999885559082,4.96999979019165,4.75,4.954999923706055,4.954999923706055,18500
2022-02-23,5.0,5.03000020980835,4.78000020980835,4.960000038146973,4.960000038146973,33300
2022-02-24,4.789999961853027,5.192999839782715,4.639999866485596,5.090000152587891,5.090000152587891,45800
2022-02-25,5.059999942779541,5.574999809265137,5.019999980926514,5.429999828338623,5.429999828338623,56100
2022-02-28,5.173999786376953,5.599999904632568,5.079999923706055,5.590000152587891,5.590000152587891,28900
2022-03-01,5.699999809265137,5.78000020980835,5.474999904632568,5.559999942779541,5.559999942779541,40800
2022-03-02,5.570000171661377,5.659999847412109,5.510000228881836,5.510000228881836,5.510000228881836,29100
2022-03-03,5.510000228881836,5.564000129699707,5.369999885559082,5.461999893188477,5.461999893188477,17100
2022-03-04,5.309999942779541,5.480000019073486,5.070000171661377,5.079999923706055,5.079999923706055,30800
2022-03-07,4.840000152587891,5.199999809265137,4.840000152587891,5.099999904632568,5.099999904632568,39100
2022-03-08,5.090000152587891,5.179999828338623,4.815000057220459,5.170000076293945,5.170000076293945,61200
2022-03-09,5.150000095367432,5.309999942779541,5.070000171661377,5.210000038146973,5.210000038146973,24700
2022-03-10,5.320000171661377,5.320000171661377,5.110000133514404,5.289999961853027,5.289999961853027,24200
2022-03-11,5.289999961853027,5.485000133514404,5.239999771118164,5.46999979019165,5.46999979019165,79000
2022-03-14,5.53000020980835,5.53000020980835,5.074999809265137,5.119999885559082,5.119999885559082,33400
2022-03-15,5.125,5.199999809265137,4.889999866485596,5.199999809265137,5.199999809265137,52200
2022-03-16,5.199999809265137,5.335000038146973,5.199999809265137,5.289999961853027,5.289999961853027,22500
2022-03-17,5.260000228881836,5.4670000076293945,5.260000228881836,5.377999782562256,5.377999782562256,37700
2022-03-18,5.420000076293945,5.625,5.400000095367432,5.579999923706055,5.579999923706055,43300
2022-03-21,5.559999942779541,5.880000114440918,5.510000228881836,5.880000114440918,5.880000114440918,38200
2022-03-22,5.829999923706055,6.25,5.747000217437744,6.070000171661377,6.070000171661377,78600
2022-03-23,6.119999885559082,6.369999885559082,5.909999847412109,6.079999923706055,6.079999923706055,37700
2022-03-24,6.079999923706055,6.199999809265137,5.650000095367432,5.690000057220459,5.690000057220459,118000
2022-03-25,5.935999870300293,5.960000038146973,5.699999809265137,5.929999828338623,5.929999828338623,29300
2022-03-28,6.050000190734863,6.050000190734863,5.78000020980835,5.849999904632568,5.849999904632568,35600
2022-03-29,5.929999828338623,6.0,5.849999904632568,5.889999866485596,5.889999866485596,33500
2022-03-30,5.820000171661377,6.0,5.820000171661377,5.829999923706055,5.829999923706055,13400
2022-03-31,5.789999961853027,5.829999923706055,5.585000038146973,5.599999904632568,5.599999904632568,39100
2022-04-01,5.539999961853027,5.989999771118164,5.539999961853027,5.900000095367432,5.900000095367432,30300
2022-04-04,5.909999847412109,6.0,5.8379998207092285,5.900000095367432,5.900000095367432,22200
2022-04-05,5.98799991607666,6.0,5.820000171661377,5.860000133514404,5.860000133514404,12700
2022-04-06,5.960000038146973,6.130000114440918,5.900000095367432,6.090000152587891,6.090000152587891,31400
2022-04-07,6.039999961853027,6.300000190734863,5.88100004196167,6.289999961853027,6.289999961853027,66700
2022-04-08,6.21999979019165,6.550000190734863,6.001999855041504,6.329999923706055,6.329999923706055,34800
2022-04-11,6.380000114440918,6.380000114440918,5.960000038146973,5.989999771118164,5.989999771118164,28600
2022-04-12,6.039999961853027,6.380000114440918,5.929999828338623,6.300000190734863,6.300000190734863,20800
2022-04-13,6.320000171661377,6.400000095367432,6.239999771118164,6.300000190734863,6.300000190734863,31400
2022-04-14,6.383999824523926,6.400000095367432,6.199999809265137,6.199999809265137,6.199999809265137,42700
2022-04-18,6.260000228881836,6.289999961853027,6.0,6.139999866485596,6.139999866485596,20400
2022-04-19,6.070000171661377,6.177000045776367,5.699999809265137,6.079999923706055,6.079999923706055,38200
2022-04-20,6.139999866485596,6.38100004196167,6.050000190734863,6.079999923706055,6.079999923706055,8700
2022-04-21,6.139999866485596,6.400000095367432,5.980000019073486,5.980000019073486,5.980000019073486,19700
2022-04-22,6.010000228881836,6.139999866485596,5.909999847412109,5.96999979019165,5.96999979019165,20400
2022-04-25,6.0,6.059999942779541,5.769999980926514,5.960000038146973,5.960000038146973,11800
2022-04-26,5.982999801635742,6.269000053405762,5.860000133514404,6.260000228881836,6.260000228881836,32000
2022-04-27,6.170000076293945,6.289999961853027,5.579999923706055,5.679999828338623,5.679999828338623,161200
2022-04-28,5.679999828338623,5.989999771118164,5.410999774932861,5.949999809265137,5.949999809265137,83500
2022-04-29,5.920000076293945,5.920000076293945,5.659999847412109,5.775000095367432,5.775000095367432,19500
2022-05-02,5.760000228881836,6.349999904632568,5.599999904632568,6.150000095367432,6.150000095367432,36500
2022-05-03,6.070000171661377,6.199999809265137,5.989999771118164,6.0,6.0,5900
2022-05-04,5.989999771118164,6.199999809265137,5.920000076293945,6.199999809265137,6.199999809265137,6000
2022-05-05,6.079999923706055,6.125,5.809999942779541,5.820000171661377,5.820000171661377,17800
2022-05-06,5.880000114440918,5.949999809265137,5.71999979019165,5.760000228881836,5.760000228881836,14300
2022-05-09,5.699999809265137,5.849999904632568,5.590000152587891,5.800000190734863,5.800000190734863,19200
2022-05-10,5.739999771118164,5.986000061035156,5.550000190734863,5.550000190734863,5.550000190734863,56700
2022-05-11,5.619999885559082,5.880000114440918,5.10699987411499,5.170000076293945,5.170000076293945,59500
2022-05-12,5.099999904632568,5.420000076293945,5.0,5.300000190734863,5.300000190734863,37600
2022-05-13,5.099999904632568,5.739999771118164,5.099999904632568,5.519999980926514,5.519999980926514,22300
2022-05-16,5.449999809265137,5.989999771118164,5.447999954223633,5.949999809265137,5.949999809265137,38300
2022-05-17,6.019999980926514,6.050000190734863,5.769999980926514,5.958000183105469,5.958000183105469,13600
2022-05-18,5.9679999351501465,5.980000019073486,5.78000020980835,5.96999979019165,5.96999979019165,13600
2022-05-19,5.900000095367432,5.949999809265137,5.769999980926514,5.800000190734863,5.800000190734863,18000
2022-05-20,5.86299991607666,5.934000015258789,5.676000118255615,5.800000190734863,5.800000190734863,13500
2022-05-23,5.860000133514404,5.860000133514404,5.550000190734863,5.619999885559082,5.619999885559082,28800
2022-05-24,5.599999904632568,5.679999828338623,5.260000228881836,5.579999923706055,5.579999923706055,43900
2022-05-25,5.630000114440918,5.642000198364258,5.360000133514404,5.610000133514404,5.610000133514404,8200
2022-05-26,5.517000198364258,5.800000190734863,5.517000198364258,5.78000020980835,5.78000020980835,6800
2022-05-27,5.800000190734863,5.96999979019165,5.739999771118164,5.820000171661377,5.820000171661377,19400
2022-05-31,5.920000076293945,5.929999828338623,5.695000171661377,5.710000038146973,5.710000038146973,11700
2022-06-01,5.710000038146973,5.760000228881836,5.570000171661377,5.690000057220459,5.690000057220459,17800
2022-06-02,5.670000076293945,5.829999923706055,5.619999885559082,5.829999923706055,5.829999923706055,10100
2022-06-03,5.619999885559082,5.839000225067139,5.619999885559082,5.71999979019165,5.71999979019165,14900
2022-06-06,5.71999979019165,5.849999904632568,5.570000171661377,5.650000095367432,5.650000095367432,28100
2022-06-07,5.650000095367432,5.765999794006348,5.639999866485596,5.683000087738037,5.683000087738037,18000
2022-06-08,5.710000038146973,5.760000228881836,5.480000019073486,5.579999923706055,5.579999923706055,17800
2022-06-09,5.619999885559082,5.619999885559082,5.300000190734863,5.480000019073486,5.480000019073486,23400
2022-06-10,5.53000020980835,5.579999923706055,5.349999904632568,5.53000020980835,5.53000020980835,17800
2022-06-13,5.420000076293945,5.730000019073486,5.349999904632568,5.505000114440918,5.505000114440918,34600
2022-06-14,5.46999979019165,5.599999904632568,5.289999961853027,5.590000152587891,5.590000152587891,24100
2022-06-15,5.539999961853027,5.730000019073486,5.449999809265137,5.610000133514404,5.610000133514404,37300
2022-06-16,5.630000114440918,5.76200008392334,5.309999942779541,5.309999942779541,5.309999942779541,36700
2022-06-17,5.28000020980835,5.900000095367432,5.264999866485596,5.5,5.5,53400
2022-06-21,5.53000020980835,5.695000171661377,5.53000020980835,5.585000038146973,5.585000038146973,12900
2022-06-22,5.574999809265137,5.635000228881836,5.570000171661377,5.570000171661377,5.570000171661377,2200
2022-06-23,5.639999866485596,5.677999973297119,5.550000190734863,5.590000152587891,5.590000152587891,9200
2022-06-24,5.6539998054504395,5.699999809265137,5.510000228881836,5.570000171661377,5.570000171661377,20500
2022-06-27,5.659999847412109,5.75,5.53000020980835,5.670000076293945,5.670000076293945,16900
2022-06-28,5.630000114440918,5.909999847412109,5.630000114440918,5.820000171661377,5.820000171661377,18200
2022-06-29,5.820000171661377,5.940000057220459,5.769999980926514,5.769999980926514,5.769999980926514,6600
2022-06-30,5.9039998054504395,5.9039998054504395,5.510000228881836,5.579999923706055,5.579999923706055,6800
2022-07-01,5.664999961853027,5.809999942779541,5.53000020980835,5.710000038146973,5.710000038146973,35700
2022-07-05,5.710000038146973,6.349999904632568,5.710000038146973,6.150000095367432,6.150000095367432,76900
2022-07-06,6.079999923706055,6.309999942779541,6.079999923706055,6.110000133514404,6.110000133514404,37700
2022-07-07,6.09499979019165,6.440000057220459,6.090000152587891,6.289999961853027,6.289999961853027,74300
2022-07-08,6.289999961853027,6.5,6.269999980926514,6.380000114440918,6.380000114440918,35600
2022-07-11,6.409999847412109,6.5,6.176000118255615,6.369999885559082,6.369999885559082,27700
2022-07-12,6.309999942779541,6.489999771118164,6.25,6.394999980926514,6.394999980926514,21200
2022-07-13,6.269999980926514,6.586999893188477,6.269999980926514,6.510000228881836,6.510000228881836,37200
2022-07-14,6.506999969482422,6.590000152587891,6.260000228881836,6.5,6.5,37300
2022-07-15,6.5,6.929999828338623,6.260000228881836,6.71999979019165,6.71999979019165,47400
2022-07-18,6.769999980926514,6.929999828338623,6.599999904632568,6.599999904632568,6.599999904632568,59800
2022-07-19,6.630000114440918,6.980000019073486,6.550000190734863,6.559999942779541,6.559999942779541,15300
2022-07-20,6.570000171661377,6.920000076293945,6.570000171661377,6.659999847412109,6.659999847412109,15200
2022-07-21,6.650000095367432,6.989999771118164,6.650000095367432,6.829999923706055,6.829999923706055,32000
2022-07-22,6.78000020980835,7.267000198364258,6.78000020980835,6.849999904632568,6.849999904632568,41000
2022-07-25,6.860000133514404,7.129000186920166,6.75,6.960000038146973,6.960000038146973,28900
2022-07-26,6.880000114440918,7.019999980926514,6.599999904632568,6.659999847412109,6.659999847412109,36400
2022-07-27,6.690000057220459,6.840000152587891,6.679999828338623,6.78000020980835,6.78000020980835,12100
2022-07-28,6.579999923706055,6.71999979019165,6.550000190734863,6.699999809265137,6.699999809265137,21100
2022-07-29,6.739999771118164,6.78000020980835,6.579999923706055,6.679999828338623,6.679999828338623,19100
2022-08-01,6.599999904632568,7.590000152587891,6.599999904632568,6.840000152587891,6.840000152587891,47500
2022-08-02,6.880000114440918,6.989999771118164,6.650000095367432,6.849999904632568,6.849999904632568,38600
2022-08-03,6.659999847412109,6.840000152587891,6.599999904632568,6.599999904632568,6.599999904632568,83500
2022-08-04,6.659999847412109,6.920000076293945,6.659999847412109,6.75,6.75,31400
2022-08-05,6.760000228881836,7.0,6.699999809265137,6.994999885559082,6.994999885559082,15400
2022-08-08,7.0,7.260000228881836,6.929999828338623,6.929999828338623,6.929999828338623,91200
2022-08-09,6.947000026702881,6.947000026702881,6.670000076293945,6.690000057220459,6.690000057220459,36400
2022-08-10,6.829999923706055,7.309999942779541,6.760000228881836,7.079999923706055,7.079999923706055,120200
2022-08-11,7.150000095367432,7.25,6.804999828338623,7.045000076293945,7.045000076293945,44700
2022-08-12,6.985000133514404,7.050000190734863,6.910999774932861,6.940000057220459,6.940000057220459,47500
2022-08-15,6.921999931335449,6.980000019073486,6.760000228881836,6.789999961853027,6.789999961853027,72100
2022-08-16,6.989999771118164,7.019999980926514,6.53000020980835,6.75,6.75,232700
2022-08-17,6.739999771118164,6.860000133514404,6.650000095367432,6.650000095367432,6.650000095367432,41500
2022-08-18,6.630000114440918,6.679999828338623,6.460000038146973,6.460000038146973,6.460000038146973,43400
2022-08-19,6.489999771118164,6.610000133514404,6.230999946594238,6.360000133514404,6.360000133514404,46900
2022-08-22,6.489999771118164,6.619999885559082,6.360000133514404,6.409999847412109,6.409999847412109,57900
2022-08-23,6.460000038146973,6.820000171661377,6.360000133514404,6.679999828338623,6.679999828338623,91700
2022-08-24,6.730000019073486,7.150000095367432,6.699999809265137,6.889999866485596,6.889999866485596,60400
2022-08-25,6.929999828338623,7.3379998207092285,6.928999900817871,7.110000133514404,7.110000133514404,126000
2022-08-26,7.059999942779541,7.190000057220459,7.0,7.0,7.0,56000
2022-08-29,6.909999847412109,7.139999866485596,6.820000171661377,6.980000019073486,6.980000019073486,57100
2022-08-30,7.110000133514404,7.110000133514404,6.809999942779541,6.909999847412109,6.909999847412109,27700
2022-08-31,6.900000095367432,7.050000190734863,6.900000095367432,7.0,7.0,34300
2022-09-01,7.03000020980835,7.485000133514404,7.010000228881836,7.440000057220459,7.440000057220459,60900
2022-09-02,7.489999771118164,7.599999904632568,7.28000020980835,7.389999866485596,7.389999866485596,39200
2022-09-06,7.429999828338623,7.499000072479248,7.300000190734863,7.349999904632568,7.349999904632568,70300
2022-09-07,7.400000095367432,7.552000045776367,7.110000133514404,7.110000133514404,7.110000133514404,105500
2022-09-08,7.170000076293945,7.170000076293945,6.809999942779541,6.880000114440918,6.880000114440918,96000
2022-09-09,6.849999904632568,6.96999979019165,6.289999961853027,6.340000152587891,6.340000152587891,185100
2022-09-12,6.579999923706055,6.739999771118164,6.429999828338623,6.53000020980835,6.53000020980835,122900
2022-09-13,6.53000020980835,6.949999809265137,6.5,6.659999847412109,6.659999847412109,98600
2022-09-14,6.599999904632568,6.7179999351501465,6.432000160217285,6.460000038146973,6.460000038146973,300400
2022-09-15,6.5,6.78000020980835,6.460000038146973,6.71999979019165,6.71999979019165,158500
2022-09-16,6.650000095367432,6.789999961853027,6.519999980926514,6.610000133514404,6.610000133514404,44500
2022-09-19,6.670000076293945,6.800000190734863,6.53000020980835,6.590000152587891,6.590000152587891,122200
2022-09-20,6.599999904632568,7.630000114440918,6.489999771118164,7.630000114440918,7.630000114440918,794000
2022-09-21,7.849999904632568,8.75,7.650000095367432,8.539999961853027,8.539999961853027,1883200
2022-09-22,8.399999618530273,8.5,7.849999904632568,8.029999732971191,8.029999732971191,412400
2022-09-23,7.809999942779541,8.0,7.579999923706055,7.829999923706055,7.829999923706055,249300
2022-09-26,7.78000020980835,8.093999862670898,6.920000076293945,7.179999828338623,7.179999828338623,361600
2022-09-27,7.429999828338623,7.880000114440918,7.130000114440918,7.320000171661377,7.320000171661377,90900
2022-09-28,7.300000190734863,7.5,7.119999885559082,7.460000038146973,7.460000038146973,96500
2022-09-29,7.53000020980835,8.239999771118164,7.53000020980835,8.039999961853027,8.039999961853027,336900
2022-09-30,7.960000038146973,8.1899995803833,7.75,8.100000381469727,8.100000381469727,186100
2022-10-03,8.149999618530273,8.210000038146973,7.809999942779541,8.0,8.0,120600
2022-10-04,8.029999732971191,8.050000190734863,7.670000076293945,7.809999942779541,7.809999942779541,106700
2022-10-05,7.670000076293945,7.849999904632568,7.567999839782715,7.809999942779541,7.809999942779541,35900
2022-10-06,7.650000095367432,8.020000457763672,7.650000095367432,7.929999828338623,7.929999828338623,169500
2022-10-07,7.866000175476074,8.0,7.710000038146973,7.78000020980835,7.78000020980835,100900
2022-10-10,7.710000038146973,7.800000190734863,7.510000228881836,7.630000114440918,7.630000114440918,56200
2022-10-11,7.650000095367432,7.75,7.349999904632568,7.71999979019165,7.71999979019165,101800
2022-10-12,7.739999771118164,7.889999866485596,7.639999866485596,7.710000038146973,7.710000038146973,93400
2022-10-13,7.670000076293945,8.069999694824219,7.554999828338623,8.050000190734863,8.050000190734863,78800
2022-10-14,8.069999694824219,8.085000038146973,7.840000152587891,7.869999885559082,7.869999885559082,95000
2022-10-17,7.940000057220459,8.119999885559082,7.934999942779541,8.079999923706055,8.079999923706055,91800
2022-10-18,8.149999618530273,8.380000114440918,8.069999694824219,8.300000190734863,8.300000190734863,201700
2022-10-19,8.350000381469727,8.399999618530273,8.069999694824219,8.199999809265137,8.199999809265137,130900
2022-10-20,8.390000343322754,8.40999984741211,8.210000038146973,8.300000190734863,8.300000190734863,114200
2022-10-21,8.319999694824219,8.460000038146973,8.239999771118164,8.300000190734863,8.300000190734863,149700
2022-10-24,8.329999923706055,8.383000373840332,8.079999923706055,8.229999542236328,8.229999542236328,88100
2022-10-25,8.239999771118164,8.413000106811523,8.175000190734863,8.270000457763672,8.270000457763672,70900
2022-10-26,8.180000305175781,8.350000381469727,8.180000305175781,8.289999961853027,8.289999961853027,99000
2022-10-27,8.199999809265137,8.350000381469727,8.109999656677246,8.329999923706055,8.329999923706055,76300
2022-10-28,8.329999923706055,8.470000267028809,8.289999961853027,8.420000076293945,8.420000076293945,79300
2022-10-31,8.489999771118164,8.850000381469727,8.300000190734863,8.800000190734863,8.800000190734863,255200
2022-11-01,8.859999656677246,8.880000114440918,8.510000228881836,8.550000190734863,8.550000190734863,113500
2022-11-02,8.510000228881836,8.510000228881836,8.210000038146973,8.25,8.25,114800
2022-11-03,8.199999809265137,8.484999656677246,8.199999809265137,8.319999694824219,8.319999694824219,54700
2022-11-04,8.260000228881836,8.395000457763672,8.25,8.380000114440918,8.380000114440918,40900
2022-11-07,8.279999732971191,8.640000343322754,8.130000114440918,8.470000267028809,8.470000267028809,52000
2022-11-08,8.539999961853027,8.625,8.420000076293945,8.550000190734863,8.550000190734863,47800
2022-11-09,8.449999809265137,8.470000267028809,8.15999984741211,8.279999732971191,8.279999732971191,50100
2022-11-10,8.1899995803833,8.369999885559082,7.690000057220459,8.180000305175781,8.180000305175781,88700
2022-11-11,8.0,8.359999656677246,8.0,8.220000267028809,8.220000267028809,75500
2022-11-14,8.180000305175781,8.300000190734863,7.699999809265137,7.909999847412109,7.909999847412109,103300
2022-11-15,7.929999828338623,8.119999885559082,7.929999828338623,8.029999732971191,8.029999732971191,50100
2022-11-16,7.949999809265137,8.109999656677246,7.880000114440918,7.989999771118164,7.989999771118164,48400
2022-11-17,7.989999771118164,8.260000228881836,7.915999889373779,8.1899995803833,8.1899995803833,102700
2022-11-18,8.279999732971191,8.630000114440918,8.244999885559082,8.579999923706055,8.579999923706055,134400
2022-11-21,8.579999923706055,8.805000305175781,8.489999771118164,8.710000038146973,8.710000038146973,81300
2022-11-22,9.0,9.628000259399414,8.760000228881836,9.529999732971191,9.529999732971191,335800
2022-11-23,9.539999961853027,9.869999885559082,9.458000183105469,9.510000228881836,9.510000228881836,177100
2022-11-25,9.380000114440918,9.539999961853027,9.1899995803833,9.510000228881836,9.510000228881836,42500
2022-11-28,9.550000190734863,9.890000343322754,9.119999885559082,9.609999656677246,9.609999656677246,70600
2022-11-29,9.520000457763672,9.954999923706055,9.520000457763672,9.75,9.75,85300
2022-11-30,9.710000038146973,10.0600004196167,9.630000114440918,9.760000228881836,9.760000228881836,177600
2022-12-01,9.710000038146973,9.970000267028809,9.649999618530273,9.859999656677246,9.859999656677246,72000
2022-12-02,9.75,9.819999694824219,9.5600004196167,9.619999885559082,9.619999885559082,66300
2022-12-05,9.520000457763672,9.649999618530273,9.5,9.569999694824219,9.569999694824219,62500
2022-12-06,9.600000381469727,9.717000007629395,9.319999694824219,9.539999961853027,9.539999961853027,68400
2022-12-07,9.529999732971191,9.890000343322754,8.829999923706055,9.6899995803833,9.6899995803833,108900
2022-12-08,9.8100004196167,9.920000076293945,9.579999923706055,9.880000114440918,9.880000114440918,77700
2022-12-09,9.880000114440918,10.039999961853027,9.479999542236328,9.510000228881836,9.510000228881836,81000
2022-12-12,9.649999618530273,9.9399995803833,9.289999961853027,9.850000381469727,9.850000381469727,109200
2022-12-13,10.0,10.289999961853027,9.770000457763672,10.020000457763672,10.020000457763672,146300
2022-12-14,10.069999694824219,10.375,9.619999885559082,9.850000381469727,9.850000381469727,156700
2022-12-15,9.829999923706055,9.920000076293945,9.449999809265137,9.729999542236328,9.729999542236328,64300
2022-12-16,9.779999732971191,9.930000305175781,9.425000190734863,9.90999984741211,9.90999984741211,67800
2022-12-19,9.90999984741211,10.0,9.704999923706055,9.9350004196167,9.9350004196167,45700
2022-12-20,9.850000381469727,10.0,9.699999809265137,9.789999961853027,9.789999961853027,100900
2022-12-21,9.699999809265137,10.350000381469727,9.699999809265137,10.220000267028809,10.220000267028809,106600
2022-12-22,10.199999809265137,10.199999809265137,9.369999885559082,9.930000305175781,9.930000305175781,110000
2022-12-23,9.960000038146973,9.970000267028809,9.520999908447266,9.779999732971191,9.779999732971191,55000
2022-12-27,9.989999771118164,9.989999771118164,9.609000205993652,9.829999923706055,9.829999923706055,68000
2022-12-28,9.720000267028809,9.800000190734863,9.529999732971191,9.529999732971191,9.529999732971191,95000
2022-12-29,9.520000457763672,9.779999732971191,9.369999885559082,9.680000305175781,9.680000305175781,57100
2022-12-30,9.649999618530273,9.729999542236328,9.510000228881836,9.600000381469727,9.600000381469727,62200
2023-01-03,9.75,10.130000114440918,9.4399995803833,10.029999732971191,10.029999732971191,139700
2023-01-04,10.140000343322754,10.449999809265137,10.0,10.25,10.25,104300
2023-01-05,10.199999809265137,10.3100004196167,10.0,10.170000076293945,10.170000076293945,59100
2023-01-06,10.109999656677246,10.1899995803833,9.859999656677246,9.9399995803833,9.9399995803833,62400
2023-01-09,9.9399995803833,10.0,9.800000190734863,9.9399995803833,9.9399995803833,167400
2023-01-10,10.010000228881836,10.380000114440918,9.99899959564209,10.1899995803833,10.1899995803833,53100
2023-01-11,10.279999732971191,10.279999732971191,10.069999694824219,10.210000038146973,10.210000038146973,60400
2023-01-12,10.25,10.270000457763672,9.979999542236328,10.039999961853027,10.039999961853027,46300
2023-01-13,10.010000228881836,10.850000381469727,10.0,10.350000381469727,10.350000381469727,324100
2023-01-17,10.239999771118164,10.5,9.930000305175781,10.09000015258789,10.09000015258789,152200
2023-01-18,10.029999732971191,10.130000114440918,9.869999885559082,10.109999656677246,10.109999656677246,70000
2023-01-19,10.010000228881836,10.069999694824219,9.859999656677246,9.930000305175781,9.930000305175781,126700
2023-01-20,9.90999984741211,10.09000015258789,9.850000381469727,9.899999618530273,9.899999618530273,46500
2023-01-23,9.8100004196167,9.8100004196167,9.539999961853027,9.6899995803833,9.6899995803833,68800
2023-01-24,9.649999618530273,9.704999923706055,9.100000381469727,9.1899995803833,9.1899995803833,180200
2023-01-25,9.350000381469727,10.0600004196167,9.350000381469727,9.949999809265137,9.949999809265137,271800
2023-01-26,9.899999618530273,9.914999961853027,9.699999809265137,9.829999923706055,9.829999923706055,73800
2023-01-27,9.84000015258789,9.84000015258789,9.34000015258789,9.460000038146973,9.460000038146973,94700
2023-01-30,9.350000381469727,9.579999923706055,9.220000267028809,9.420000076293945,9.420000076293945,37300
2023-01-31,9.399999618530273,10.180000305175781,9.350000381469727,10.010000228881836,10.010000228881836,247700
2023-02-01,10.010000228881836,10.289999961853027,9.84000015258789,10.210000038146973,10.210000038146973,97300
2023-02-02,10.319999694824219,10.5,9.920000076293945,10.149999618530273,10.149999618530273,148400
2023-02-03,10.109999656677246,10.289999961853027,9.760000228881836,10.010000228881836,10.010000228881836,138000
2023-02-06,10.0,10.0,9.520000457763672,9.710000038146973,9.710000038146973,138100
2023-02-07,9.960000038146973,10.109999656677246,9.664999961853027,9.970000267028809,9.970000267028809,39600
2023-02-08,9.850000381469727,10.130000114440918,9.760000228881836,9.8100004196167,9.8100004196167,25100
2023-02-09,9.890000343322754,9.970000267028809,9.75,9.930000305175781,9.930000305175781,66900
2023-02-10,9.84000015258789,9.885000228881836,9.630000114440918,9.800000190734863,9.800000190734863,20500
2023-02-13,9.75,9.890000343322754,9.5600004196167,9.720000267028809,9.720000267028809,53100
2023-02-14,9.609999656677246,9.760000228881836,9.5600004196167,9.680000305175781,9.680000305175781,68200
2023-02-15,9.59000015258789,9.758000373840332,9.210000038146973,9.460000038146973,9.460000038146973,53900
2023-02-16,9.3100004196167,9.399999618530273,9.300000190734863,9.359999656677246,9.359999656677246,45500
2023-02-17,9.260000228881836,9.59000015258789,8.960000038146973,9.140000343322754,9.140000343322754,57600
2023-02-21,9.140000343322754,9.229999542236328,8.859999656677246,9.020000457763672,9.020000457763672,47200
2023-02-22,9.029999732971191,9.170000076293945,9.020000457763672,9.130000114440918,9.130000114440918,41400
2023-02-23,9.140000343322754,9.15999984741211,8.989999771118164,9.09000015258789,9.09000015258789,22900
2023-02-24,8.890000343322754,9.130000114440918,8.510000228881836,8.970000267028809,8.970000267028809,89200
2023-02-27,9.050000190734863,9.279999732971191,8.8100004196167,8.979999542236328,8.979999542236328,59600
2023-02-28,8.920000076293945,9.010000228881836,8.760000228881836,9.0,9.0,59300
2023-03-01,8.920000076293945,9.449999809265137,8.770000457763672,9.140000343322754,9.140000343322754,33700
2023-03-02,9.069999694824219,9.380000114440918,8.8100004196167,9.149999618530273,9.149999618530273,56200
2023-03-03,9.09000015258789,9.170000076293945,8.949999809265137,9.010000228881836,9.010000228881836,84200
2023-03-06,9.0,9.244999885559082,9.0,9.15999984741211,9.15999984741211,47900
2023-03-07,9.149999618530273,9.199999809265137,8.850000381469727,8.970000267028809,8.970000267028809,84400
2023-03-08,8.960000038146973,9.0600004196167,8.90999984741211,9.050000190734863,9.050000190734863,186300
2023-03-09,9.010000228881836,9.3100004196167,9.010000228881836,9.1899995803833,9.1899995803833,76900
2023-03-10,9.170000076293945,9.239999771118164,8.789999961853027,8.84000015258789,8.84000015258789,115200
2023-03-13,8.75,8.75,8.079999923706055,8.260000228881836,8.260000228881836,83800
2023-03-14,8.289999961853027,9.09000015258789,8.079999923706055,8.90999984741211,8.90999984741211,59400
2023-03-15,8.899999618530273,9.0,8.295000076293945,8.399999618530273,8.399999618530273,82400
2023-03-16,8.390000343322754,8.460000038146973,8.15999984741211,8.460000038146973,8.460000038146973,37800
2023-03-17,8.34000015258789,8.390000343322754,8.229999542236328,8.25,8.25,25200
2023-03-20,8.199999809265137,8.279999732971191,7.940000057220459,8.079999923706055,8.079999923706055,63000
2023-03-21,8.09000015258789,8.270999908447266,7.96999979019165,7.989999771118164,7.989999771118164,49600
2023-03-22,8.050000190734863,8.050000190734863,7.079999923706055,7.570000171661377,7.570000171661377,317100
2023-03-23,7.599999904632568,7.949999809265137,7.340000152587891,7.380000114440918,7.380000114440918,74500
2023-03-24,7.400000095367432,7.650000095367432,7.289999961853027,7.590000152587891,7.590000152587891,118200
2023-03-27,7.670000076293945,8.3100004196167,7.230000019073486,8.210000038146973,8.210000038146973,175300
2023-03-28,8.210000038146973,8.569999694824219,7.929999828338623,8.404999732971191,8.404999732971191,106200
2023-03-29,8.510000228881836,8.510000228881836,8.119999885559082,8.319999694824219,8.319999694824219,77700
2023-03-30,8.210000038146973,8.711000442504883,7.980000019073486,8.550000190734863,8.550000190734863,218300
2023-03-31,8.699999809265137,9.109999656677246,8.03499984741211,8.319999694824219,8.319999694824219,303500
2023-04-03,8.239999771118164,8.5,7.900000095367432,8.220000267028809,8.220000267028809,167100
2023-04-04,8.220000267028809,8.550000190734863,8.079999923706055,8.390000343322754,8.390000343322754,84300
2023-04-05,8.449999809265137,8.720000267028809,8.4399995803833,8.479999542236328,8.479999542236328,53100
2023-04-06,8.550000190734863,8.699999809265137,8.270000457763672,8.489999771118164,8.489999771118164,72500
2023-04-10,8.380000114440918,9.069999694824219,8.270000457763672,9.0,9.0,108700
2023-04-11,9.0600004196167,9.154999732971191,8.805000305175781,8.930000305175781,8.930000305175781,57700
2023-04-12,8.890000343322754,9.029999732971191,8.510000228881836,8.600000381469727,8.600000381469727,55600
2023-04-13,8.829000473022461,8.829000473022461,8.520000457763672,8.569999694824219,8.569999694824219,45400
2023-04-14,8.609999656677246,8.649999618530273,8.28499984741211,8.420000076293945,8.420000076293945,43000
2023-04-17,8.34000015258789,8.553000450134277,8.109999656677246,8.199999809265137,8.199999809265137,61300
2023-04-18,8.246999740600586,8.359999656677246,7.949999809265137,8.3100004196167,8.3100004196167,49400
2023-04-19,8.199999809265137,8.348999977111816,7.940000057220459,8.069999694824219,8.069999694824219,77500
2023-04-20,7.949999809265137,7.985000133514404,7.699999809265137,7.78000020980835,7.78000020980835,91700
2023-04-21,7.849999904632568,7.849999904632568,7.659999847412109,7.699999809265137,7.699999809265137,51900
2023-04-24,7.659999847412109,8.081999778747559,7.579999923706055,8.010000228881836,8.010000228881836,89200
2023-04-25,7.980000019073486,8.039999961853027,7.75,7.949999809265137,7.949999809265137,49200
2023-04-26,7.96999979019165,8.260000228881836,7.820000171661377,8.15999984741211,8.15999984741211,51300
2023-04-27,8.38599967956543,8.59000015258789,8.15999984741211,8.539999961853027,8.539999961853027,63200
2023-04-28,8.40999984741211,8.710000038146973,8.100000381469727,8.1899995803833,8.1899995803833,105500
2023-05-01,8.1899995803833,8.289999961853027,7.900000095367432,7.980000019073486,7.980000019073486,87100
2023-05-02,7.980000019073486,8.489999771118164,7.980000019073486,8.4399995803833,8.4399995803833,40000
2023-05-03,8.380000114440918,8.739999771118164,8.109999656677246,8.244999885559082,8.244999885559082,108900
2023-05-04,8.15999984741211,8.180000305175781,7.945000171661377,8.050000190734863,8.050000190734863,32700
2023-05-05,8.130000114440918,8.260000228881836,8.010000228881836,8.1899995803833,8.1899995803833,46200
2023-05-08,8.260000228881836,8.270000457763672,7.789999961853027,7.949999809265137,7.949999809265137,120500
2023-05-09,8.020000457763672,8.020000457763672,7.730000019073486,7.820000171661377,7.820000171661377,62500
2023-05-10,7.900000095367432,8.020000457763672,7.699999809265137,7.900000095367432,7.900000095367432,103900
2023-05-11,7.789999961853027,7.940000057220459,7.48199987411499,7.869999885559082,7.869999885559082,97000
2023-05-12,7.960000038146973,7.960000038146973,7.360000133514404,7.510000228881836,7.510000228881836,192300
2023-05-15,7.650000095367432,7.735000133514404,7.269999980926514,7.639999866485596,7.639999866485596,154400
2023-05-16,7.690000057220459,7.71999979019165,7.360000133514404,7.380000114440918,7.380000114440918,48000
2023-05-17,7.454999923706055,7.730000019073486,7.400000095367432,7.539999961853027,7.539999961853027,114800
2023-05-18,7.550000190734863,7.605000019073486,7.340000152587891,7.420000076293945,7.420000076293945,68300
2023-05-19,7.360000133514404,7.539999961853027,7.360000133514404,7.46999979019165,7.46999979019165,68400
2023-05-22,7.460000038146973,7.639999866485596,7.300000190734863,7.369999885559082,7.369999885559082,46000
2023-05-23,7.300000190734863,7.579999923706055,7.300000190734863,7.420000076293945,7.420000076293945,68900
2023-05-24,7.440000057220459,7.760000228881836,7.369999885559082,7.670000076293945,7.670000076293945,83400
2023-05-25,7.650000095367432,7.650000095367432,7.300000190734863,7.349999904632568,7.349999904632568,37200
2023-05-26,7.400000095367432,7.434999942779541,7.099999904632568,7.269999980926514,7.269999980926514,50100
2023-05-30,7.320000171661377,7.460000038146973,7.239999771118164,7.389999866485596,7.389999866485596,49100
2023-05-31,7.440000057220459,7.690000057220459,7.349999904632568,7.579999923706055,7.579999923706055,37700
2023-06-01,7.409999847412109,8.149999618530273,7.369999885559082,8.050000190734863,8.050000190734863,299100
2023-06-02,8.020000457763672,8.289999961853027,7.900000095367432,8.220000267028809,8.220000267028809,62400
2023-06-05,8.270000457763672,8.460000038146973,8.109999656677246,8.329999923706055,8.329999923706055,40100
2023-06-06,8.428999900817871,8.765000343322754,8.380000114440918,8.579999923706055,8.579999923706055,72300
2023-06-07,8.489999771118164,8.75,8.479999542236328,8.600000381469727,8.600000381469727,70200
2023-06-08,8.600000381469727,8.890000343322754,8.430000305175781,8.619999885559082,8.619999885559082,135600
2023-06-09,8.699999809265137,8.84000015258789,8.470000267028809,8.630000114440918,8.630000114440918,81600
2023-06-12,8.609999656677246,8.859999656677246,8.479999542236328,8.779999732971191,8.779999732971191,172700
2023-06-13,8.75,9.100000381469727,8.625,9.079999923706055,9.079999923706055,196400
2023-06-14,9.1899995803833,9.5,9.1850004196167,9.40999984741211,9.40999984741211,175600
2023-06-15,9.359999656677246,9.765000343322754,9.3100004196167,9.680000305175781,9.680000305175781,234100
2023-06-16,9.720000267028809,9.869999885559082,9.359999656677246,9.4399995803833,9.4399995803833,243200
2023-06-20,9.399999618530273,9.8100004196167,9.25,9.550000190734863,9.550000190734863,182000
2023-06-21,9.4399995803833,10.0,9.289999961853027,9.819999694824219,9.819999694824219,409300
2023-06-22,9.75,9.989999771118164,9.399999618530273,9.479999542236328,9.479999542236328,95900
2023-06-23,9.329999923706055,9.645000457763672,8.795999526977539,8.960000038146973,8.960000038146973,2216900
2023-06-26,8.9399995803833,9.0,8.789999961853027,8.880000114440918,8.880000114440918,124400
2023-06-27,8.753000259399414,9.199000358581543,8.744999885559082,8.930000305175781,8.930000305175781,78900
2023-06-28,8.819999694824219,9.380000114440918,8.760000228881836,9.289999961853027,9.289999961853027,84100
2023-06-29,9.1899995803833,9.210000038146973,8.680000305175781,8.869999885559082,8.869999885559082,80500
2023-06-30,8.829999923706055,8.944999694824219,8.649999618530273,8.829999923706055,8.829999923706055,64600
2023-07-03,8.75,8.75,8.350000381469727,8.569999694824219,8.569999694824219,27000
2023-07-05,8.569999694824219,8.649999618530273,8.414999961853027,8.569999694824219,8.569999694824219,36300
2023-07-06,8.470000267028809,8.649999618530273,8.130000114440918,8.579999923706055,8.579999923706055,79100
2023-07-07,8.640000343322754,8.899999618530273,8.390000343322754,8.880000114440918,8.880000114440918,44000
2023-07-10,8.84000015258789,9.079999923706055,8.8100004196167,8.899999618530273,8.899999618530273,54500
2023-07-11,8.90999984741211,8.90999984741211,8.609999656677246,8.8100004196167,8.8100004196167,52900
2023-07-12,8.9399995803833,9.0600004196167,8.789999961853027,8.9399995803833,8.9399995803833,63400
2023-07-13,8.989999771118164,8.989999771118164,8.65999984741211,8.850000381469727,8.850000381469727,43500
2023-07-14,8.800000190734863,8.90999984741211,8.63599967956543,8.779999732971191,8.779999732971191,32000
2023-07-17,8.789999961853027,8.979999542236328,8.579999923706055,8.75,8.75,41900
2023-07-18,8.75,8.949999809265137,8.75,8.869999885559082,8.869999885559082,28100
2023-07-19,8.850000381469727,8.850000381469727,8.522000312805176,8.609999656677246,8.609999656677246,45800
2023-07-20,8.670000076293945,8.710000038146973,8.270000457763672,8.510000228881836,8.510000228881836,47100
2023-07-21,8.5600004196167,8.5600004196167,8.050000190734863,8.199999809265137,8.199999809265137,70200
2023-07-24,8.210000038146973,8.350000381469727,8.0600004196167,8.119999885559082,8.119999885559082,56000
2023-07-25,8.109999656677246,8.260000228881836,8.045000076293945,8.140000343322754,8.140000343322754,32500
2023-07-26,8.109999656677246,8.15999984741211,7.929999828338623,8.0600004196167,8.0600004196167,28200
2023-07-27,8.130000114440918,8.130000114440918,7.76200008392334,8.050000190734863,8.050000190734863,47800
2023-07-28,8.050000190734863,8.3100004196167,8.0,8.199999809265137,8.199999809265137,60400
2023-07-31,8.25,8.96500015258789,8.25,8.90999984741211,8.90999984741211,143000
2023-08-01,8.779999732971191,8.779999732971191,8.569999694824219,8.75,8.75,57000
2023-08-02,8.59000015258789,8.723999977111816,8.472000122070312,8.640000343322754,8.640000343322754,34700
2023-08-03,8.619999885559082,8.670000076293945,7.76200008392334,8.010000228881836,8.010000228881836,253200
2023-08-04,7.914999961853027,8.260000228881836,7.800000190734863,8.029999732971191,8.029999732971191,48600
2023-08-07,8.109999656677246,8.229999542236328,7.84499979019165,8.119999885559082,8.119999885559082,48900
2023-08-08,8.119999885559082,8.170000076293945,8.010000228881836,8.149999618530273,8.149999618530273,54400
2023-08-09,8.079999923706055,8.350000381469727,8.0,8.199999809265137,8.199999809265137,41700
2023-08-10,8.270000457763672,8.529999732971191,8.079999923706055,8.369999885559082,8.369999885559082,37000
2023-08-11,8.336000442504883,8.550000190734863,8.336000442504883,8.489999771118164,8.489999771118164,38400
2023-08-14,8.406999588012695,8.479999542236328,8.260000228881836,8.369999885559082,8.369999885559082,21500
2023-08-15,8.380000114440918,8.539999961853027,8.199999809265137,8.289999961853027,8.289999961853027,56300
2023-08-16,8.199999809265137,8.239999771118164,7.860000133514404,8.020000457763672,8.020000457763672,51800
2023-08-17,8.039999961853027,8.039999961853027,7.820000171661377,7.900000095367432,7.900000095367432,32300
2023-08-18,7.849999904632568,7.989999771118164,7.670000076293945,7.829999923706055,7.829999923706055,37600
2023-08-21,7.880000114440918,8.074000358581543,7.71999979019165,7.789999961853027,7.789999961853027,38700
2023-08-22,7.840000152587891,7.909999847412109,7.679999828338623,7.769999980926514,7.769999980926514,24000
2023-08-23,7.860000133514404,8.029999732971191,7.639999866485596,7.929999828338623,7.929999828338623,45400
2023-08-24,7.929999828338623,8.199999809265137,7.920000076293945,8.100000381469727,8.100000381469727,30300
2023-08-25,8.020000457763672,8.25,8.010000228881836,8.199999809265137,8.199999809265137,19000
2023-08-28,8.199999809265137,8.199999809265137,7.900000095367432,7.989999771118164,7.989999771118164,42400
2023-08-29,8.0,8.289999961853027,7.920000076293945,8.005000114440918,8.005000114440918,65400
2023-08-30,8.050000190734863,8.364999771118164,8.020000457763672,8.260000228881836,8.260000228881836,33700
2023-08-31,8.3100004196167,8.331999778747559,8.109999656677246,8.15999984741211,8.15999984741211,35300
2023-09-01,8.050000190734863,8.411999702453613,8.045000076293945,8.369999885559082,8.369999885559082,61800
