Date,Open,High,Low,Close,Adj Close,Volume
2020-08-14,4.079999923706055,4.5,4.0,4.199999809265137,4.199999809265137,689700
2020-08-17,4.400000095367432,5.199999809265137,4.349999904632568,5.039999961853027,5.039999961853027,998200
2020-08-18,5.0,5.079999923706055,4.170000076293945,4.199999809265137,4.199999809265137,416100
2020-08-19,4.695000171661377,4.949999809265137,4.389999866485596,4.840000152587891,4.840000152587891,525500
2020-08-20,4.949999809265137,5.75,4.840000152587891,5.349999904632568,5.349999904632568,1113700
2020-08-21,5.349999904632568,5.5,4.599999904632568,5.110000133514404,5.110000133514404,469000
2020-08-24,4.860000133514404,5.019999980926514,4.809999942779541,4.929999828338623,4.929999828338623,235100
2020-08-25,4.949999809265137,5.25,4.829999923706055,4.980000019073486,4.980000019073486,287100
2020-08-26,5.389999866485596,5.420000076293945,5.010000228881836,5.050000190734863,5.050000190734863,180800
2020-08-27,5.599999904632568,6.550000190734863,5.550000190734863,6.070000171661377,6.070000171661377,1316200
2020-08-28,5.900000095367432,6.21999979019165,5.699999809265137,5.699999809265137,5.699999809265137,324100
2020-08-31,5.869999885559082,6.150000095367432,5.590000152587891,6.0,6.0,264900
2020-09-01,6.210000038146973,6.210000038146973,5.800000190734863,5.869999885559082,5.869999885559082,128600
2020-09-02,5.800000190734863,5.849999904632568,5.46999979019165,5.650000095367432,5.650000095367432,232000
2020-09-03,5.900000095367432,5.980000019073486,5.159999847412109,5.260000228881836,5.260000228881836,379300
2020-09-04,5.199999809265137,5.449999809265137,4.679999828338623,5.190000057220459,5.190000057220459,191800
2020-09-08,5.119999885559082,5.590000152587891,5.0,5.309999942779541,5.309999942779541,130700
2020-09-09,5.369999885559082,5.539999961853027,5.190000057220459,5.449999809265137,5.449999809265137,93300
2020-09-10,5.510000228881836,5.639999866485596,5.25,5.309999942779541,5.309999942779541,90400
2020-09-11,5.349999904632568,5.380000114440918,5.190000057220459,5.239999771118164,5.239999771118164,63000
2020-09-14,5.239999771118164,5.550000190734863,5.190000057220459,5.420000076293945,5.420000076293945,90600
2020-09-15,5.269999980926514,5.800000190734863,5.250999927520752,5.480000019073486,5.480000019073486,60800
2020-09-16,5.46999979019165,6.150000095367432,5.460000038146973,5.820000171661377,5.820000171661377,194500
2020-09-17,5.920000076293945,5.920000076293945,5.699999809265137,5.800000190734863,5.800000190734863,73100
2020-09-18,5.75,7.340000152587891,5.75,6.28000020980835,6.28000020980835,762100
2020-09-21,6.420000076293945,7.199999809265137,6.119999885559082,6.289999961853027,6.289999961853027,431000
2020-09-22,6.309999942779541,6.699999809265137,5.929999828338623,6.0,6.0,163900
2020-09-23,5.71999979019165,6.1020002365112305,4.949999809265137,5.170000076293945,5.170000076293945,413300
2020-09-24,5.059999942779541,6.110000133514404,5.050000190734863,5.659999847412109,5.659999847412109,354700
2020-09-25,5.760000228881836,6.190000057220459,5.400000095367432,5.489999771118164,5.489999771118164,238500
2020-09-28,5.869999885559082,5.999000072479248,4.889999866485596,5.400000095367432,5.400000095367432,2696400
2020-09-29,7.440000057220459,7.489999771118164,5.920000076293945,6.849999904632568,6.849999904632568,2277800
2020-09-30,6.460000038146973,6.801000118255615,6.038000106811523,6.699999809265137,6.699999809265137,436800
2020-10-01,6.489999771118164,6.699999809265137,6.300000190734863,6.699999809265137,6.699999809265137,264700
2020-10-02,6.329999923706055,7.367000102996826,6.150000095367432,7.300000190734863,7.300000190734863,401800
2020-10-05,7.210000038146973,7.849999904632568,7.0,7.690000057220459,7.690000057220459,331600
2020-10-06,8.0,8.739999771118164,7.150000095367432,7.769999980926514,7.769999980926514,837800
2020-10-07,8.199999809265137,8.890000343322754,7.590000152587891,8.600000381469727,8.600000381469727,452100
2020-10-08,8.5,8.836000442504883,7.710000038146973,8.149999618530273,8.149999618530273,347700
2020-10-09,8.199999809265137,9.600000381469727,8.156000137329102,9.100000381469727,9.100000381469727,464000
2020-10-12,9.600000381469727,10.583999633789062,9.25,10.319999694824219,10.319999694824219,554300
2020-10-13,10.350000381469727,11.350000381469727,10.225000381469727,11.350000381469727,11.350000381469727,462800
2020-10-14,11.600000381469727,12.489999771118164,11.59000015258789,12.09000015258789,12.09000015258789,549600
2020-10-15,11.789999961853027,11.899999618530273,10.520000457763672,11.460000038146973,11.460000038146973,422300
2020-10-16,11.8100004196167,11.989999771118164,10.0,10.430000305175781,10.430000305175781,460900
2020-10-19,9.6899995803833,9.859999656677246,8.369999885559082,9.239999771118164,9.239999771118164,433800
2020-10-20,9.369999885559082,9.369999885559082,8.699999809265137,8.90999984741211,8.90999984741211,135200
2020-10-21,8.890000343322754,8.890000343322754,8.460000038146973,8.579999923706055,8.579999923706055,140800
2020-10-22,8.609999656677246,8.710000038146973,8.260000228881836,8.399999618530273,8.399999618530273,103500
2020-10-23,8.399999618530273,8.829999923706055,8.300000190734863,8.65999984741211,8.65999984741211,98100
2020-10-26,8.479999542236328,8.800000190734863,7.699999809265137,8.140000343322754,8.140000343322754,131800
2020-10-27,8.25,8.25,7.309999942779541,7.309999942779541,7.309999942779541,136000
2020-10-28,7.300000190734863,7.309999942779541,6.599999904632568,7.119999885559082,7.119999885559082,143500
2020-10-29,7.139999866485596,7.800000190734863,7.0,7.309999942779541,7.309999942779541,161600
2020-10-30,7.349999904632568,7.409999847412109,6.590000152587891,6.670000076293945,6.670000076293945,154300
2020-11-02,6.699999809265137,7.440000057220459,6.699999809265137,7.159999847412109,7.159999847412109,90700
2020-11-03,7.329999923706055,8.5,7.329999923706055,7.849999904632568,7.849999904632568,165100
2020-11-04,7.980000019073486,8.380000114440918,7.769999980926514,7.909999847412109,7.909999847412109,89100
2020-11-05,8.100000381469727,9.24899959564209,8.0,9.029999732971191,9.029999732971191,229400
2020-11-06,10.039999961853027,10.039999961853027,9.100000381469727,9.859999656677246,9.859999656677246,168000
2020-11-09,9.579999923706055,9.699999809265137,8.149999618530273,8.529999732971191,8.529999732971191,202700
2020-11-10,8.859999656677246,9.09000015258789,8.260000228881836,8.84000015258789,8.84000015258789,125400
2020-11-11,8.9399995803833,9.279999732971191,8.359999656677246,8.949999809265137,8.949999809265137,144400
2020-11-12,9.430000305175781,9.75,8.760000228881836,8.880000114440918,8.880000114440918,175900
2020-11-13,8.949999809265137,9.380000114440918,7.989999771118164,8.40999984741211,8.40999984741211,133300
2020-11-16,8.5600004196167,8.949999809265137,8.553999900817871,8.890000343322754,8.890000343322754,106700
2020-11-17,8.630000114440918,8.880000114440918,8.40999984741211,8.5600004196167,8.5600004196167,118200
2020-11-18,8.609999656677246,8.638999938964844,7.880000114440918,8.170000076293945,8.170000076293945,273300
2020-11-19,8.210000038146973,9.789999961853027,8.100000381469727,9.779999732971191,9.779999732971191,361200
2020-11-20,9.800000190734863,10.4399995803833,9.616000175476074,10.359999656677246,10.359999656677246,533700
2020-11-23,10.5,11.960000038146973,10.5,11.100000381469727,11.100000381469727,681400
2020-11-24,11.5,11.5,9.329999923706055,9.8100004196167,9.8100004196167,526300
2020-11-25,9.880000114440918,10.54699993133545,9.619999885559082,10.180000305175781,10.180000305175781,174400
2020-11-27,10.239999771118164,10.890000343322754,9.84000015258789,9.989999771118164,9.989999771118164,176800
2020-11-30,10.15999984741211,10.25,8.970000267028809,9.539999961853027,9.539999961853027,226600
2020-12-01,9.819999694824219,10.0,9.149999618530273,9.170000076293945,9.170000076293945,181700
2020-12-02,9.100000381469727,9.1899995803833,8.260000228881836,9.180000305175781,9.180000305175781,379100
2020-12-03,9.25,9.295000076293945,8.75,8.90999984741211,8.90999984741211,158000
2020-12-04,9.0,9.710000038146973,8.782999992370605,9.680000305175781,9.680000305175781,159700
2020-12-07,9.649999618530273,9.729999542236328,8.970000267028809,9.180000305175781,9.180000305175781,340100
2020-12-08,9.5,10.640000343322754,9.380000114440918,10.149999618530273,10.149999618530273,713200
2020-12-09,10.449999809265137,11.154999732971191,9.550000190734863,9.619999885559082,9.619999885559082,490800
2020-12-10,9.640000343322754,11.289999961853027,9.300000190734863,11.100000381469727,11.100000381469727,631100
2020-12-11,10.930000305175781,11.289999961853027,10.25,10.550000190734863,10.550000190734863,317000
2020-12-14,11.4399995803833,11.4399995803833,10.40999984741211,10.800000190734863,10.800000190734863,464700
2020-12-15,10.9399995803833,12.699999809265137,10.8100004196167,12.350000381469727,12.350000381469727,530500
2020-12-16,12.053999900817871,13.5,11.020000457763672,11.779999732971191,11.779999732971191,755100
2020-12-17,11.9399995803833,12.25,11.199000358581543,11.270000457763672,11.270000457763672,265000
2020-12-18,11.760000228881836,13.220000267028809,11.609999656677246,13.039999961853027,13.039999961853027,801600
2020-12-21,12.4399995803833,13.300000190734863,12.3100004196167,13.210000038146973,13.210000038146973,406900
2020-12-22,13.550000190734863,14.140000343322754,12.569999694824219,12.970000267028809,12.970000267028809,466400
2020-12-23,13.329999923706055,13.451000213623047,12.5,12.720000267028809,12.720000267028809,235700
2020-12-24,12.859999656677246,13.100000381469727,12.520000457763672,12.800000190734863,12.800000190734863,127600
2020-12-28,13.40999984741211,21.889999389648438,13.390000343322754,17.440000534057617,17.440000534057617,2835700
2020-12-29,17.510000228881836,18.469999313354492,16.389999389648438,17.8700008392334,17.8700008392334,623500
2020-12-30,17.93000030517578,21.0,17.75,19.43000030517578,19.43000030517578,1908300
2020-12-31,19.5049991607666,19.799999237060547,17.09000015258789,17.239999771118164,17.239999771118164,656900
2021-01-04,16.940000534057617,16.941999435424805,14.90999984741211,15.319999694824219,15.319999694824219,639400
2021-01-05,15.100000381469727,16.3700008392334,15.0,15.289999961853027,15.289999961853027,251600
2021-01-06,15.949999809265137,18.679000854492188,15.692999839782715,17.399999618530273,17.399999618530273,595900
2021-01-07,19.15999984741211,19.860000610351562,18.010000228881836,19.0,19.0,348400
2021-01-08,19.65999984741211,19.739999771118164,17.327999114990234,18.75,18.75,343500
2021-01-11,17.899999618530273,18.177000045776367,17.079999923706055,17.670000076293945,17.670000076293945,295400
2021-01-12,17.700000762939453,19.389999389648438,17.434999465942383,19.075000762939453,19.075000762939453,563800
2021-01-13,19.700000762939453,22.5,19.6200008392334,20.0,20.0,835700
2021-01-14,19.850000381469727,20.149999618530273,18.37299919128418,18.43000030517578,18.43000030517578,592800
2021-01-15,18.43000030517578,19.40999984741211,17.049999237060547,17.399999618530273,17.399999618530273,353600
2021-01-19,17.760000228881836,18.549999237060547,17.200000762939453,18.200000762939453,18.200000762939453,291400
2021-01-20,18.100000381469727,18.309999465942383,17.479999542236328,18.219999313354492,18.219999313354492,159100
2021-01-21,18.309999465942383,18.8799991607666,17.577999114990234,18.729999542236328,18.729999542236328,371300
2021-01-22,18.420000076293945,18.5,17.0,17.68000030517578,17.68000030517578,381800
2021-01-25,17.75,17.780000686645508,15.307999610900879,15.960000038146973,15.960000038146973,688100
2021-01-26,16.260000228881836,17.149999618530273,16.0049991607666,17.149999618530273,17.149999618530273,265700
2021-01-27,16.31999969482422,16.759000778198242,15.350000381469727,15.819999694824219,15.819999694824219,299100
2021-01-28,15.90999984741211,16.25,15.130000114440918,15.470000267028809,15.470000267028809,174900
2021-01-29,15.59000015258789,15.890000343322754,14.600000381469727,14.6899995803833,14.6899995803833,254700
2021-02-01,14.869999885559082,15.229999542236328,13.960000038146973,14.779999732971191,14.779999732971191,251300
2021-02-02,15.180000305175781,15.89900016784668,15.100000381469727,15.520000457763672,15.520000457763672,222900
2021-02-03,15.699999809265137,16.100000381469727,15.15999984741211,15.539999961853027,15.539999961853027,208000
2021-02-04,16.549999237060547,17.18000030517578,16.40999984741211,16.690000534057617,16.690000534057617,392800
2021-02-05,16.729999542236328,17.149999618530273,16.290000915527344,16.809999465942383,16.809999465942383,247900
2021-02-08,16.850000381469727,17.020000457763672,15.869999885559082,16.290000915527344,16.290000915527344,296100
2021-02-09,16.15999984741211,16.65999984741211,15.739999771118164,16.170000076293945,16.170000076293945,280100
2021-02-10,16.34000015258789,16.860000610351562,15.279000282287598,16.0,16.0,237500
2021-02-11,16.510000228881836,17.149999618530273,15.8100004196167,16.75,16.75,316900
2021-02-12,16.969999313354492,17.149999618530273,16.219999313354492,16.3799991607666,16.3799991607666,195500
2021-02-16,16.84000015258789,17.0,16.309999465942383,16.670000076293945,16.670000076293945,251600
2021-02-17,16.670000076293945,17.0,15.279999732971191,15.800000190734863,15.800000190734863,291800
2021-02-18,15.470000267028809,15.529999732971191,13.970000267028809,15.260000228881836,15.260000228881836,276800
2021-02-19,15.40999984741211,15.680000305175781,14.6899995803833,14.920000076293945,14.920000076293945,224300
2021-02-22,14.420000076293945,14.920000076293945,13.5,13.649999618530273,13.649999618530273,234200
2021-02-23,13.100000381469727,13.229999542236328,11.0,13.220000267028809,13.220000267028809,435800
2021-02-24,13.369999885559082,14.329999923706055,13.170000076293945,13.270000457763672,13.270000457763672,240400
2021-02-25,13.079999923706055,13.470000267028809,11.9399995803833,12.229999542236328,12.229999542236328,185500
2021-02-26,12.300000190734863,12.899999618530273,11.4399995803833,12.880000114440918,12.880000114440918,164600
2021-03-01,13.229999542236328,13.609999656677246,12.770000457763672,13.1899995803833,13.1899995803833,158500
2021-03-02,13.399999618530273,13.760000228881836,12.53499984741211,12.829999923706055,12.829999923706055,158600
2021-03-03,12.819999694824219,13.520000457763672,12.300000190734863,12.5600004196167,12.5600004196167,145400
2021-03-04,12.390000343322754,12.739999771118164,10.199999809265137,10.760000228881836,10.760000228881836,400200
2021-03-05,10.859999656677246,11.079999923706055,8.34000015258789,10.010000228881836,10.010000228881836,370700
2021-03-08,10.039999961853027,10.25,9.380000114440918,9.619999885559082,9.619999885559082,153100
2021-03-09,9.899999618530273,10.680000305175781,9.770000457763672,10.680000305175781,10.680000305175781,160000
2021-03-10,10.989999771118164,11.609999656677246,10.789999961853027,11.199999809265137,11.199999809265137,170400
2021-03-11,11.864999771118164,12.210000038146973,11.229999542236328,12.210000038146973,12.210000038146973,211000
2021-03-12,11.949999809265137,12.09000015258789,11.199999809265137,11.569999694824219,11.569999694824219,114100
2021-03-15,11.680000305175781,12.229999542236328,11.40999984741211,11.779999732971191,11.779999732971191,187400
2021-03-16,11.960000038146973,11.960000038146973,10.710000038146973,10.970000267028809,10.970000267028809,155400
2021-03-17,10.649999618530273,11.630000114440918,10.359999656677246,11.4399995803833,11.4399995803833,233400
2021-03-18,11.020000457763672,12.6899995803833,11.010000228881836,11.670000076293945,11.670000076293945,360100
2021-03-19,11.699999809265137,15.869999885559082,11.40999984741211,15.350000381469727,15.350000381469727,1022400
2021-03-22,14.8100004196167,15.350000381469727,12.520000457763672,13.09000015258789,13.09000015258789,694200
2021-03-23,13.119999885559082,13.399999618530273,11.8100004196167,12.25,12.25,300400
2021-03-24,12.229999542236328,12.470000267028809,11.399999618530273,11.40999984741211,11.40999984741211,152500
2021-03-25,11.140000343322754,11.920000076293945,10.180000305175781,11.720000267028809,11.720000267028809,211000
2021-03-26,11.930000305175781,12.359999656677246,11.239999771118164,12.100000381469727,12.100000381469727,81600
2021-03-29,11.59000015258789,11.979999542236328,10.850000381469727,11.279999732971191,11.279999732971191,136800
2021-03-30,11.260000228881836,11.859999656677246,11.109999656677246,11.859999656677246,11.859999656677246,129600
2021-03-31,11.899999618530273,12.949999809265137,11.899999618530273,12.949999809265137,12.949999809265137,141900
2021-04-01,13.140000343322754,13.579999923706055,13.039999961853027,13.3100004196167,13.3100004196167,107700
2021-04-05,13.739999771118164,13.789999961853027,13.34000015258789,13.550000190734863,13.550000190734863,133900
2021-04-06,13.430000305175781,13.539999961853027,13.020000457763672,13.329999923706055,13.329999923706055,86100
2021-04-07,13.34000015258789,13.34000015258789,12.520000457763672,13.079999923706055,13.079999923706055,47100
2021-04-08,13.15999984741211,13.305000305175781,12.619999885559082,12.710000038146973,12.710000038146973,67600
2021-04-09,12.609999656677246,12.619999885559082,12.270000457763672,12.510000228881836,12.510000228881836,52600
2021-04-12,12.5,12.609999656677246,11.760000228881836,11.9399995803833,11.9399995803833,63400
2021-04-13,11.960000038146973,12.307999610900879,11.149999618530273,11.199999809265137,11.199999809265137,130500
2021-04-14,11.40999984741211,11.729999542236328,11.194999694824219,11.6899995803833,11.6899995803833,157500
2021-04-15,11.890000343322754,11.890000343322754,10.899999618530273,11.319999694824219,11.319999694824219,134100
2021-04-16,11.279999732971191,11.458000183105469,10.944999694824219,11.079999923706055,11.079999923706055,66300
2021-04-19,10.960000038146973,10.973999977111816,10.319999694824219,10.399999618530273,10.399999618530273,104600
2021-04-20,10.319999694824219,10.5,9.65999984741211,9.90999984741211,9.90999984741211,89100
2021-04-21,9.880000114440918,10.739999771118164,9.635000228881836,10.670000076293945,10.670000076293945,157400
2021-04-22,10.789999961853027,11.399999618530273,10.550000190734863,11.050000190734863,11.050000190734863,132700
2021-04-23,11.130000114440918,11.420000076293945,10.869999885559082,11.390000343322754,11.390000343322754,65700
2021-04-26,11.550000190734863,11.788999557495117,11.390000343322754,11.59000015258789,11.59000015258789,69600
2021-04-27,11.539999961853027,11.699999809265137,11.279999732971191,11.369999885559082,11.369999885559082,35300
2021-04-28,11.449999809265137,11.699999809265137,11.40999984741211,11.600000381469727,11.600000381469727,33400
2021-04-29,11.520000457763672,11.699999809265137,11.380000114440918,11.5600004196167,11.5600004196167,60300
2021-04-30,11.399999618530273,11.680000305175781,11.010000228881836,11.029999732971191,11.029999732971191,39000
2021-05-03,11.149999618530273,11.390000343322754,10.5,10.84000015258789,10.84000015258789,43400
2021-05-04,10.460000038146973,10.539999961853027,9.817000389099121,10.229999542236328,10.229999542236328,75400
2021-05-05,10.319999694824219,10.829999923706055,10.0,10.149999618530273,10.149999618530273,58500
2021-05-06,10.09000015258789,10.239999771118164,9.25,9.300000190734863,9.300000190734863,69000
2021-05-07,9.220000267028809,9.770000457763672,9.220000267028809,9.569999694824219,9.569999694824219,67600
2021-05-10,9.600000381469727,10.0,8.720000267028809,8.720000267028809,8.720000267028809,81400
2021-05-11,8.359999656677246,8.699999809265137,7.960000038146973,8.470000267028809,8.470000267028809,102700
2021-05-12,8.5,8.75,7.300000190734863,7.690000057220459,7.690000057220459,165800
2021-05-13,8.130000114440918,9.979999542236328,8.029999732971191,8.949999809265137,8.949999809265137,578600
2021-05-14,9.210000038146973,9.359999656677246,8.25,8.529999732971191,8.529999732971191,178200
2021-05-17,8.350000381469727,10.300000190734863,8.329999923706055,10.050000190734863,10.050000190734863,147600
2021-05-18,10.199999809265137,11.210000038146973,10.154000282287598,11.149999618530273,11.149999618530273,205600
2021-05-19,10.699999809265137,11.119999885559082,10.0,10.4399995803833,10.4399995803833,179700
2021-05-20,10.520000457763672,11.335000038146973,10.4399995803833,11.180000305175781,11.180000305175781,174600
2021-05-21,11.289999961853027,11.399999618530273,10.529999732971191,10.989999771118164,10.989999771118164,190300
2021-05-24,11.289999961853027,11.289999961853027,10.399999618530273,10.84000015258789,10.84000015258789,121900
2021-05-25,11.069999694824219,11.199999809265137,10.520000457763672,10.600000381469727,10.600000381469727,90000
2021-05-26,10.789999961853027,10.850000381469727,10.635000228881836,10.75,10.75,42900
2021-05-27,10.770000457763672,10.84000015258789,10.300000190734863,10.550000190734863,10.550000190734863,127500
2021-05-28,10.630000114440918,10.699999809265137,10.300000190734863,10.4399995803833,10.4399995803833,74300
2021-06-01,10.489999771118164,10.765999794006348,10.069999694824219,10.5,10.5,60300
2021-06-02,10.5,10.583000183105469,10.25,10.359999656677246,10.359999656677246,97400
2021-06-03,10.199999809265137,10.588000297546387,10.0600004196167,10.199999809265137,10.199999809265137,62300
2021-06-04,10.199999809265137,10.800000190734863,9.850000381469727,10.75,10.75,100600
2021-06-07,10.779999732971191,11.25,10.649999618530273,11.0,11.0,182400
2021-06-08,11.180000305175781,11.288999557495117,10.829999923706055,10.899999618530273,10.899999618530273,88300
2021-06-09,11.029999732971191,11.196000099182129,10.819999694824219,10.970000267028809,10.970000267028809,65000
2021-06-10,10.970000267028809,11.229999542236328,10.479999542236328,10.489999771118164,10.489999771118164,65400
2021-06-11,10.510000228881836,11.39900016784668,10.5,11.25,11.25,121700
2021-06-14,11.449999809265137,11.449999809265137,10.869999885559082,10.930000305175781,10.930000305175781,70000
2021-06-15,10.899999618530273,11.010000228881836,10.5,10.859999656677246,10.859999656677246,43400
2021-06-16,10.899999618530273,11.050000190734863,10.579999923706055,10.890000343322754,10.890000343322754,65500
2021-06-17,10.829999923706055,11.199999809265137,10.755000114440918,10.979999542236328,10.979999542236328,61600
2021-06-18,10.779999732971191,11.53499984741211,10.65999984741211,11.319999694824219,11.319999694824219,260800
2021-06-21,11.399999618530273,11.399999618530273,10.720000267028809,10.859999656677246,10.859999656677246,57200
2021-06-22,10.680000305175781,10.680000305175781,9.829999923706055,10.270000457763672,10.270000457763672,70100
2021-06-23,10.369999885559082,10.930000305175781,10.369999885559082,10.720000267028809,10.720000267028809,60300
2021-06-24,10.800000190734863,11.130000114440918,10.720000267028809,10.979999542236328,10.979999542236328,61600
2021-06-25,11.100000381469727,11.680000305175781,11.0,11.510000228881836,11.510000228881836,199800
2021-06-28,11.479999542236328,11.6899995803833,11.020000457763672,11.489999771118164,11.489999771118164,60400
2021-06-29,11.510000228881836,12.15999984741211,11.173999786376953,12.15999984741211,12.15999984741211,136500
2021-06-30,12.079999923706055,12.600000381469727,11.5,11.630000114440918,11.630000114440918,91200
2021-07-01,11.75,11.75,11.050000190734863,11.319999694824219,11.319999694824219,26900
2021-07-02,11.399999618530273,11.538000106811523,10.510000228881836,10.630000114440918,10.630000114440918,66300
2021-07-06,10.65999984741211,10.65999984741211,9.520000457763672,9.710000038146973,9.710000038146973,125200
2021-07-07,9.819999694824219,10.361000061035156,9.25,9.729999542236328,9.729999542236328,97000
2021-07-08,9.300000190734863,9.59000015258789,9.220000267028809,9.270000457763672,9.270000457763672,47900
2021-07-09,9.510000228881836,9.510000228881836,9.220000267028809,9.40999984741211,9.40999984741211,40400
2021-07-12,9.40999984741211,9.819999694824219,9.25,9.449999809265137,9.449999809265137,25600
2021-07-13,9.399999618530273,9.949999809265137,9.281000137329102,9.869999885559082,9.869999885559082,43500
2021-07-14,9.680000305175781,9.835000038146973,9.0,9.100000381469727,9.100000381469727,109100
2021-07-15,9.020000457763672,9.369999885559082,8.470000267028809,8.75,8.75,73000
2021-07-16,8.760000228881836,9.102999687194824,8.550000190734863,8.640000343322754,8.640000343322754,28900
2021-07-19,8.59000015258789,8.850000381469727,8.0600004196167,8.720000267028809,8.720000267028809,47900
2021-07-20,8.770000457763672,9.053999900817871,8.569999694824219,8.960000038146973,8.960000038146973,38000
2021-07-21,9.039999961853027,9.8100004196167,9.022000312805176,9.630000114440918,9.630000114440918,36700
2021-07-22,9.489999771118164,10.0,9.442999839782715,9.609999656677246,9.609999656677246,57400
2021-07-23,9.710000038146973,10.020000457763672,9.350000381469727,9.510000228881836,9.510000228881836,39700
2021-07-26,9.609999656677246,9.829999923706055,9.359999656677246,9.460000038146973,9.460000038146973,39500
2021-07-27,9.399999618530273,9.779999732971191,9.0600004196167,9.670000076293945,9.670000076293945,38900
2021-07-28,9.640000343322754,10.289999961853027,9.364999771118164,10.170000076293945,10.170000076293945,33800
2021-07-29,10.279999732971191,10.390000343322754,9.819999694824219,10.050000190734863,10.050000190734863,34800
2021-07-30,10.100000381469727,10.220000267028809,9.756999969482422,9.930000305175781,9.930000305175781,34700
2021-08-02,9.880000114440918,9.930000305175781,9.538999557495117,9.579999923706055,9.579999923706055,23700
2021-08-03,9.579999923706055,9.989999771118164,9.550999641418457,9.699999809265137,9.699999809265137,45700
2021-08-04,9.579999923706055,9.769000053405762,8.909000396728516,9.0600004196167,9.0600004196167,28100
2021-08-05,9.0600004196167,9.800000190734863,9.0600004196167,9.449999809265137,9.449999809265137,37200
2021-08-06,9.579999923706055,9.819999694824219,9.329999923706055,9.420000076293945,9.420000076293945,30200
2021-08-09,9.470000267028809,10.100000381469727,9.418000221252441,9.779999732971191,9.779999732971191,30100
2021-08-10,9.899999618530273,10.498000144958496,9.640000343322754,9.960000038146973,9.960000038146973,38900
2021-08-11,10.180000305175781,10.449999809265137,9.699999809265137,9.949999809265137,9.949999809265137,42500
2021-08-12,9.90999984741211,9.989999771118164,9.670000076293945,9.770000457763672,9.770000457763672,18000
2021-08-13,9.760000228881836,9.989999771118164,9.5,9.720000267028809,9.720000267028809,21500
2021-08-16,9.720000267028809,9.720000267028809,8.699999809265137,8.699999809265137,8.699999809265137,47800
2021-08-17,8.65999984741211,8.65999984741211,8.196999549865723,8.300000190734863,8.300000190734863,81900
2021-08-18,8.279999732971191,8.739999771118164,7.920000076293945,7.960000038146973,7.960000038146973,46100
2021-08-19,7.769999980926514,8.347000122070312,7.0,7.090000152587891,7.090000152587891,120500
2021-08-20,7.110000133514404,7.789000034332275,6.993000030517578,7.110000133514404,7.110000133514404,139600
2021-08-23,7.199999809265137,8.354999542236328,7.199999809265137,7.96999979019165,7.96999979019165,98600
2021-08-24,8.109999656677246,8.520000457763672,8.109999656677246,8.520000457763672,8.520000457763672,46900
2021-08-25,8.520000457763672,8.520000457763672,8.149999618530273,8.329999923706055,8.329999923706055,46500
2021-08-26,8.350000381469727,8.350000381469727,8.050000190734863,8.15999984741211,8.15999984741211,12600
2021-08-27,8.170000076293945,8.380999565124512,8.109999656677246,8.319999694824219,8.319999694824219,24300
2021-08-30,8.369999885559082,8.579999923706055,8.100000381469727,8.350000381469727,8.350000381469727,86300
2021-08-31,8.331999778747559,8.63599967956543,8.180000305175781,8.220000267028809,8.220000267028809,50300
2021-09-01,8.25,8.489999771118164,8.119999885559082,8.420000076293945,8.420000076293945,32100
2021-09-02,8.399999618530273,8.46500015258789,8.25,8.350000381469727,8.350000381469727,28600
2021-09-03,8.3100004196167,8.454999923706055,8.220000267028809,8.350000381469727,8.350000381469727,19900
2021-09-07,8.300000190734863,8.489999771118164,8.0,8.0600004196167,8.0600004196167,27800
2021-09-08,8.0,8.390000343322754,8.0,8.069999694824219,8.069999694824219,23500
2021-09-09,8.197999954223633,8.220000267028809,7.800000190734863,7.96999979019165,7.96999979019165,35800
2021-09-10,8.130000114440918,8.34000015258789,7.564000129699707,7.789999961853027,7.789999961853027,42600
2021-09-13,7.789999961853027,7.900000095367432,7.25,7.460000038146973,7.460000038146973,77300
2021-09-14,7.539999961853027,7.625,6.869999885559082,7.099999904632568,7.099999904632568,83300
2021-09-15,7.099999904632568,7.38700008392334,6.809999942779541,7.320000171661377,7.320000171661377,55800
2021-09-16,7.239999771118164,7.239999771118164,6.400000095367432,6.690000057220459,6.690000057220459,296800
2021-09-17,6.599999904632568,6.829999923706055,6.0,6.380000114440918,6.380000114440918,596300
2021-09-20,6.300000190734863,6.765999794006348,6.122000217437744,6.599999904632568,6.599999904632568,130300
2021-09-21,6.510000228881836,7.75,6.329999923706055,7.420000076293945,7.420000076293945,220600
2021-09-22,7.5,7.840000152587891,7.400000095367432,7.519999980926514,7.519999980926514,172800
2021-09-23,6.5,6.650000095367432,5.820000171661377,5.869999885559082,5.869999885559082,1339900
2021-09-24,5.920000076293945,5.960000038146973,5.659999847412109,5.704999923706055,5.704999923706055,360500
2021-09-27,5.679999828338623,5.809999942779541,5.406000137329102,5.71999979019165,5.71999979019165,648200
2021-09-28,5.699999809265137,5.78000020980835,5.0,5.210000038146973,5.210000038146973,766000
2021-09-29,5.159999847412109,5.239999771118164,4.75,4.989999771118164,4.989999771118164,2163300
2021-09-30,5.050000190734863,5.340000152587891,4.849999904632568,5.079999923706055,5.079999923706055,595300
2021-10-01,5.130000114440918,5.263999938964844,5.019999980926514,5.079999923706055,5.079999923706055,490400
2021-10-04,5.150000095367432,5.150000095367432,4.760000228881836,4.820000171661377,4.820000171661377,321700
2021-10-05,5.150000095367432,5.360000133514404,4.849999904632568,5.239999771118164,5.239999771118164,614400
2021-10-06,5.199999809265137,5.650000095367432,5.059999942779541,5.159999847412109,5.159999847412109,340000
2021-10-07,5.210000038146973,5.46999979019165,5.111999988555908,5.420000076293945,5.420000076293945,255100
2021-10-08,5.449999809265137,5.5,5.119999885559082,5.360000133514404,5.360000133514404,183200
2021-10-11,5.400000095367432,5.5,5.289999961853027,5.369999885559082,5.369999885559082,219500
2021-10-12,5.449999809265137,5.585000038146973,5.400000095367432,5.550000190734863,5.550000190734863,121400
2021-10-13,5.570000171661377,5.690000057220459,5.460000038146973,5.659999847412109,5.659999847412109,144100
2021-10-14,5.650000095367432,5.730000019073486,5.572000026702881,5.630000114440918,5.630000114440918,197200
2021-10-15,5.699999809265137,5.699999809265137,5.340000152587891,5.380000114440918,5.380000114440918,152400
2021-10-18,5.449999809265137,5.636000156402588,5.389999866485596,5.579999923706055,5.579999923706055,124600
2021-10-19,5.639999866485596,5.679999828338623,5.550000190734863,5.670000076293945,5.670000076293945,137400
2021-10-20,5.679999828338623,6.010000228881836,5.550000190734863,6.0,6.0,436000
2021-10-21,5.989999771118164,6.039999961853027,5.579999923706055,5.690000057220459,5.690000057220459,234100
2021-10-22,5.659999847412109,5.659999847412109,5.36899995803833,5.550000190734863,5.550000190734863,111900
2021-10-25,5.619999885559082,5.934999942779541,5.5,5.670000076293945,5.670000076293945,285400
2021-10-26,5.699999809265137,5.769999980926514,5.53000020980835,5.630000114440918,5.630000114440918,122300
2021-10-27,5.630000114440918,5.771999835968018,5.5,5.650000095367432,5.650000095367432,108200
2021-10-28,5.650000095367432,5.800000190734863,5.489999771118164,5.650000095367432,5.650000095367432,355500
2021-10-29,5.690000057220459,5.769999980926514,5.5,5.75,5.75,150600
2021-11-01,5.800000190734863,6.21999979019165,5.800000190734863,6.159999847412109,6.159999847412109,744500
2021-11-02,6.190000057220459,6.409999847412109,6.010000228881836,6.400000095367432,6.400000095367432,200100
2021-11-03,6.360000133514404,6.39900016784668,6.135000228881836,6.360000133514404,6.360000133514404,188200
2021-11-04,6.400000095367432,6.449999809265137,6.159999847412109,6.295000076293945,6.295000076293945,196900
2021-11-05,6.329999923706055,6.380000114440918,5.980000019073486,6.03000020980835,6.03000020980835,213300
2021-11-08,6.179999828338623,6.550000190734863,6.170000076293945,6.46999979019165,6.46999979019165,339500
2021-11-09,6.5,6.61299991607666,6.150000095367432,6.340000152587891,6.340000152587891,116400
2021-11-10,6.300000190734863,6.429999828338623,6.040999889373779,6.179999828338623,6.179999828338623,197100
2021-11-11,6.289999961853027,6.409999847412109,6.0,6.099999904632568,6.099999904632568,240600
2021-11-12,6.179999828338623,6.28000020980835,5.989999771118164,6.190000057220459,6.190000057220459,175800
2021-11-15,6.25,6.25,6.0,6.210000038146973,6.210000038146973,99000
2021-11-16,6.190000057220459,6.190000057220459,5.699999809265137,5.869999885559082,5.869999885559082,221900
2021-11-17,5.769999980926514,5.869999885559082,5.510000228881836,5.53000020980835,5.53000020980835,177300
2021-11-18,5.5,5.5229997634887695,5.114999771118164,5.210000038146973,5.210000038146973,144300
2021-11-19,5.230000019073486,5.550000190734863,5.230000019073486,5.460000038146973,5.460000038146973,143800
2021-11-22,5.449999809265137,5.53000020980835,5.099999904632568,5.349999904632568,5.349999904632568,107300
2021-11-23,5.380000114440918,5.449999809265137,5.010000228881836,5.320000171661377,5.320000171661377,202100
2021-11-24,5.21999979019165,5.449999809265137,5.150000095367432,5.369999885559082,5.369999885559082,87700
2021-11-26,5.179999828338623,5.28000020980835,5.03000020980835,5.159999847412109,5.159999847412109,75500
2021-11-29,5.199999809265137,5.449999809265137,5.050000190734863,5.260000228881836,5.260000228881836,130400
2021-11-30,5.199999809265137,5.27400016784668,4.829999923706055,5.159999847412109,5.159999847412109,123700
2021-12-01,5.179999828338623,5.295000076293945,4.769999980926514,4.880000114440918,4.880000114440918,129700
2021-12-02,4.989999771118164,5.209000110626221,4.880000114440918,5.150000095367432,5.150000095367432,100100
2021-12-03,5.239999771118164,5.239999771118164,4.559999942779541,4.699999809265137,4.699999809265137,186700
2021-12-06,4.840000152587891,5.079999923706055,4.458000183105469,4.820000171661377,4.820000171661377,173100
2021-12-07,4.940000057220459,5.420000076293945,4.659999847412109,5.159999847412109,5.159999847412109,125000
2021-12-08,5.130000114440918,5.449999809265137,5.019999980926514,5.230000019073486,5.230000019073486,79800
2021-12-09,5.21999979019165,5.269999980926514,4.909999847412109,4.980000019073486,4.980000019073486,54400
2021-12-10,5.099999904632568,5.190000057220459,4.760000228881836,4.820000171661377,4.820000171661377,114200
2021-12-13,4.789999961853027,4.860000133514404,4.559999942779541,4.650000095367432,4.650000095367432,67200
2021-12-14,4.802000045776367,4.849999904632568,4.539999961853027,4.809999942779541,4.809999942779541,82100
2021-12-15,4.829999923706055,4.849999904632568,4.440000057220459,4.739999771118164,4.739999771118164,123800
2021-12-16,4.800000190734863,4.829999923706055,4.46999979019165,4.539999961853027,4.539999961853027,70600
2021-12-17,4.460000038146973,4.880000114440918,4.329999923706055,4.539999961853027,4.539999961853027,195900
2021-12-20,4.53000020980835,4.534999847412109,4.300000190734863,4.309999942779541,4.309999942779541,91400
2021-12-21,4.429999828338623,4.809999942779541,4.369999885559082,4.75,4.75,147000
2021-12-22,4.690000057220459,4.840000152587891,4.619999885559082,4.699999809265137,4.699999809265137,68100
2021-12-23,4.699999809265137,4.699999809265137,4.3979997634887695,4.480000019073486,4.480000019073486,122300
2021-12-27,4.510000228881836,4.534999847412109,4.2179999351501465,4.289999961853027,4.289999961853027,128300
2021-12-28,4.300000190734863,4.320000171661377,3.9100000858306885,4.130000114440918,4.130000114440918,213700
2021-12-29,4.130000114440918,4.209000110626221,3.950000047683716,3.9800000190734863,3.9800000190734863,92200
2021-12-30,4.050000190734863,4.300000190734863,4.050000190734863,4.25,4.25,106600
2021-12-31,4.39900016784668,4.39900016784668,4.159999847412109,4.289999961853027,4.289999961853027,97000
2022-01-03,4.329999923706055,4.409999847412109,4.199999809265137,4.369999885559082,4.369999885559082,41900
2022-01-04,4.349999904632568,4.697999954223633,4.28000020980835,4.539999961853027,4.539999961853027,244200
2022-01-05,4.489999771118164,4.684999942779541,4.210000038146973,4.309999942779541,4.309999942779541,130200
2022-01-06,4.340000152587891,4.349999904632568,4.050000190734863,4.179999828338623,4.179999828338623,69300
2022-01-07,4.179999828338623,4.239999771118164,4.130000114440918,4.21999979019165,4.21999979019165,47400
2022-01-10,4.210000038146973,4.269999980926514,4.059999942779541,4.150000095367432,4.150000095367432,47700
2022-01-11,4.210000038146973,4.25,4.059999942779541,4.119999885559082,4.119999885559082,47400
2022-01-12,4.159999847412109,4.190000057220459,4.0,4.110000133514404,4.110000133514404,49400
2022-01-13,4.099999904632568,4.276000022888184,4.099999904632568,4.179999828338623,4.179999828338623,36000
2022-01-14,4.150000095367432,4.199999809265137,3.799999952316284,4.170000076293945,4.170000076293945,120300
2022-01-18,4.059999942779541,4.059999942779541,3.875,3.9600000381469727,3.9600000381469727,69000
2022-01-19,3.940000057220459,4.0,3.799999952316284,3.859999895095825,3.859999895095825,104900
2022-01-20,3.9000000953674316,3.9800000190734863,3.5450000762939453,3.6600000858306885,3.6600000858306885,141900
2022-01-21,3.619999885559082,3.7799999713897705,3.5,3.5999999046325684,3.5999999046325684,82700
2022-01-24,3.5,3.619999885559082,3.180000066757202,3.619999885559082,3.619999885559082,133600
2022-01-25,3.5,3.569000005722046,3.3299999237060547,3.440000057220459,3.440000057220459,59700
2022-01-26,3.549999952316284,3.609999895095825,3.3299999237060547,3.359999895095825,3.359999895095825,39700
2022-01-27,3.390000104904175,3.4800000190734863,3.140000104904175,3.180000066757202,3.180000066757202,45100
2022-01-28,3.190000057220459,3.3499999046325684,3.0,3.299999952316284,3.299999952316284,58300
2022-01-31,3.359999895095825,3.549999952316284,3.309999942779541,3.490000009536743,3.490000009536743,45500
2022-02-01,3.5299999713897705,3.619999885559082,3.4200000762939453,3.5799999237060547,3.5799999237060547,49400
2022-02-02,3.609999895095825,3.609999895095825,3.2300000190734863,3.2899999618530273,3.2899999618530273,64700
2022-02-03,3.200000047683716,3.250999927520752,3.119999885559082,3.119999885559082,3.119999885559082,17300
2022-02-04,3.140000104904175,3.1700000762939453,3.0,3.119999885559082,3.119999885559082,71500
2022-02-07,3.109999895095825,3.259999990463257,3.0199999809265137,3.0899999141693115,3.0899999141693115,46400
2022-02-08,3.0999999046325684,3.3980000019073486,3.0339999198913574,3.3499999046325684,3.3499999046325684,100500
2022-02-09,3.430000066757202,3.5399999618530273,3.2699999809265137,3.4200000762939453,3.4200000762939453,86900
2022-02-10,3.4100000858306885,3.503000020980835,3.309999942779541,3.4700000286102295,3.4700000286102295,77300
2022-02-11,3.009999990463257,3.191999912261963,2.9000000953674316,2.990000009536743,2.990000009536743,269900
2022-02-14,2.990000009536743,3.0999999046325684,2.819999933242798,2.819999933242798,2.819999933242798,77300
2022-02-15,2.880000114440918,2.9000000953674316,2.6449999809265137,2.7799999713897705,2.7799999713897705,146500
2022-02-16,2.809999942779541,2.8389999866485596,2.7039999961853027,2.740000009536743,2.740000009536743,51800
2022-02-17,2.75,2.7950000762939453,2.619999885559082,2.700000047683716,2.700000047683716,76800
2022-02-18,2.6600000858306885,2.7799999713897705,2.549999952316284,2.569999933242798,2.569999933242798,80600
2022-02-22,2.5199999809265137,2.7249999046325684,2.4600000381469727,2.609999895095825,2.609999895095825,91600
2022-02-23,2.609999895095825,2.6689999103546143,2.4200000762939453,2.4200000762939453,2.4200000762939453,67400
2022-02-24,2.3299999237060547,2.5999999046325684,2.3299999237060547,2.559999942779541,2.559999942779541,64700
2022-02-25,2.5799999237060547,2.700000047683716,2.559999942779541,2.630000114440918,2.630000114440918,35200
2022-02-28,2.5799999237060547,2.740000009536743,2.559999942779541,2.569999933242798,2.569999933242798,39400
2022-03-01,2.569999933242798,2.6389999389648438,2.390000104904175,2.4000000953674316,2.4000000953674316,101900
2022-03-02,2.4100000858306885,2.4719998836517334,2.25,2.2799999713897705,2.2799999713897705,125900
2022-03-03,2.2799999713897705,2.311000108718872,2.049999952316284,2.119999885559082,2.119999885559082,221500
2022-03-04,2.130000114440918,2.130000114440918,2.065000057220459,2.0999999046325684,2.0999999046325684,57900
2022-03-07,2.069999933242798,2.259999990463257,2.049999952316284,2.1600000858306885,2.1600000858306885,167600
2022-03-08,2.2300000190734863,2.559999942779541,2.200000047683716,2.380000114440918,2.380000114440918,305200
2022-03-09,2.490000009536743,2.490000009536743,2.299999952316284,2.319999933242798,2.319999933242798,90600
2022-03-10,2.2699999809265137,2.359999895095825,2.2200000286102295,2.2699999809265137,2.2699999809265137,51200
2022-03-11,2.2699999809265137,2.359999895095825,2.0399999618530273,2.0799999237060547,2.0799999237060547,79300
2022-03-14,2.130000114440918,2.130000114440918,2.0,2.0,2.0,51200
2022-03-15,2.0199999809265137,2.180000066757202,2.0,2.069999933242798,2.069999933242798,60200
2022-03-16,2.0999999046325684,2.2720000743865967,2.0999999046325684,2.240000009536743,2.240000009536743,114100
2022-03-17,2.240000009536743,2.5399999618530273,2.240000009536743,2.5299999713897705,2.5299999713897705,165400
2022-03-18,2.559999942779541,2.5950000286102295,2.5,2.5799999237060547,2.5799999237060547,103200
2022-03-21,2.5799999237060547,2.680000066757202,2.5,2.609999895095825,2.609999895095825,180100
2022-03-22,2.700000047683716,2.7200000286102295,2.640000104904175,2.6500000953674316,2.6500000953674316,53600
2022-03-23,2.6500000953674316,2.7300000190734863,2.5899999141693115,2.7100000381469727,2.7100000381469727,74700
2022-03-24,2.7200000286102295,2.740000009536743,2.6600000858306885,2.7200000286102295,2.7200000286102295,48300
2022-03-25,2.7200000286102295,2.7200000286102295,2.440000057220459,2.5399999618530273,2.5399999618530273,136200
2022-03-28,2.569999933242798,2.5989999771118164,2.384999990463257,2.4600000381469727,2.4600000381469727,52600
2022-03-29,2.5299999713897705,2.5899999141693115,2.4700000286102295,2.490000009536743,2.490000009536743,35000
2022-03-30,2.549999952316284,2.5889999866485596,2.5,2.5399999618530273,2.5399999618530273,42600
2022-03-31,2.569999933242798,2.7300000190734863,2.4700000286102295,2.6700000762939453,2.6700000762939453,205200
2022-04-01,2.700000047683716,2.7100000381469727,2.569999933242798,2.640000104904175,2.640000104904175,72200
2022-04-04,2.6600000858306885,2.9240000247955322,2.617000102996826,2.9100000858306885,2.9100000858306885,174300
2022-04-05,2.990000009536743,3.053999900817871,2.700000047683716,2.75,2.75,177500
2022-04-06,2.6600000858306885,2.690000057220459,2.5299999713897705,2.5999999046325684,2.5999999046325684,68800
2022-04-07,2.619999885559082,2.619999885559082,2.509999990463257,2.569999933242798,2.569999933242798,49900
2022-04-08,2.5999999046325684,2.6700000762939453,2.509999990463257,2.5399999618530273,2.5399999618530273,66400
2022-04-11,2.5999999046325684,2.6500000953674316,2.440000057220459,2.5199999809265137,2.5199999809265137,43500
2022-04-12,2.5299999713897705,2.75,2.440000057220459,2.740000009536743,2.740000009536743,120300
2022-04-13,2.7300000190734863,2.799999952316284,2.5399999618530273,2.700000047683716,2.700000047683716,65100
2022-04-14,2.7100000381469727,2.990000009536743,2.6080000400543213,2.990000009536743,2.990000009536743,91000
2022-04-18,2.950000047683716,2.950000047683716,2.75,2.759999990463257,2.759999990463257,46800
2022-04-19,2.8399999141693115,3.140000104904175,2.759999990463257,2.940000057220459,2.940000057220459,186200
2022-04-20,2.940000057220459,3.069000005722046,2.859999895095825,2.9100000858306885,2.9100000858306885,65000
2022-04-21,2.9000000953674316,2.937999963760376,2.609999895095825,2.6600000858306885,2.6600000858306885,49100
2022-04-22,2.5910000801086426,2.930999994277954,2.559999942779541,2.75,2.75,35000
2022-04-25,2.75,2.75,2.6500000953674316,2.680000066757202,2.680000066757202,33800
2022-04-26,2.680000066757202,2.690000057220459,2.4600000381469727,2.509999990463257,2.509999990463257,33500
2022-04-27,2.4700000286102295,2.5209999084472656,2.4000000953674316,2.4200000762939453,2.4200000762939453,22600
2022-04-28,2.4200000762939453,2.4700000286102295,2.309999942779541,2.4700000286102295,2.4700000286102295,37000
2022-04-29,2.440000057220459,2.4749999046325684,2.2899999618530273,2.2899999618530273,2.2899999618530273,17600
2022-05-02,2.2100000381469727,2.6700000762939453,2.200000047683716,2.569999933242798,2.569999933242798,45300
2022-05-03,2.609999895095825,2.7300000190734863,2.5999999046325684,2.640000104904175,2.640000104904175,28800
2022-05-04,2.6600000858306885,2.690000057220459,2.5,2.619999885559082,2.619999885559082,34100
2022-05-05,2.740000009536743,2.75,2.5799999237060547,2.6500000953674316,2.6500000953674316,21400
2022-05-06,2.440000057220459,2.7149999141693115,2.440000057220459,2.7100000381469727,2.7100000381469727,24100
2022-05-09,2.509999990463257,2.7100000381469727,2.4800000190734863,2.549999952316284,2.549999952316284,40400
2022-05-10,2.640000104904175,2.690000057220459,2.2899999618530273,2.3499999046325684,2.3499999046325684,58700
2022-05-11,2.319999933242798,2.5299999713897705,2.0899999141693115,2.119999885559082,2.119999885559082,25200
2022-05-12,2.059999942779541,2.325000047683716,2.059999942779541,2.0999999046325684,2.0999999046325684,41600
2022-05-13,2.4200000762939453,2.4600000381469727,2.299999952316284,2.309999942779541,2.309999942779541,41500
2022-05-16,2.359999895095825,2.359999895095825,2.119999885559082,2.2200000286102295,2.2200000286102295,37500
2022-05-17,2.2899999618530273,2.369999885559082,2.243000030517578,2.309999942779541,2.309999942779541,38700
2022-05-18,2.3499999046325684,2.369999885559082,2.200000047683716,2.200000047683716,2.200000047683716,35900
2022-05-19,2.2850000858306885,2.3499999046325684,2.130000114440918,2.1500000953674316,2.1500000953674316,46000
2022-05-20,2.140000104904175,2.180000066757202,2.059999942779541,2.069999933242798,2.069999933242798,23700
2022-05-23,2.0999999046325684,2.359999895095825,2.0399999618530273,2.0399999618530273,2.0399999618530273,40000
2022-05-24,2.0399999618530273,2.140000104904175,1.8899999856948853,2.0899999141693115,2.0899999141693115,83100
2022-05-25,2.009000062942505,2.2899999618530273,2.0,2.2200000286102295,2.2200000286102295,27100
2022-05-26,2.2200000286102295,2.4600000381469727,2.1500000953674316,2.3499999046325684,2.3499999046325684,39500
2022-05-27,2.375,2.559999942779541,2.375,2.549999952316284,2.549999952316284,68700
2022-05-31,2.5399999618530273,2.740000009536743,2.5,2.7200000286102295,2.7200000286102295,57700
2022-06-01,2.799999952316284,2.884000062942505,2.7200000286102295,2.8499999046325684,2.8499999046325684,53300
2022-06-02,2.819999933242798,2.882999897003174,2.6700000762939453,2.7300000190734863,2.7300000190734863,34000
2022-06-03,2.680000066757202,2.859999895095825,2.5,2.7200000286102295,2.7200000286102295,73200
2022-06-06,2.7100000381469727,2.7100000381469727,2.3499999046325684,2.5999999046325684,2.5999999046325684,20000
2022-06-07,2.569999933242798,2.740000009536743,2.559999942779541,2.7100000381469727,2.7100000381469727,44200
2022-06-08,2.7100000381469727,2.740000009536743,2.680000066757202,2.690000057220459,2.690000057220459,13900
2022-06-09,2.740000009536743,2.740000009536743,2.569999933242798,2.609999895095825,2.609999895095825,18800
2022-06-10,2.5899999141693115,2.6600000858306885,2.309999942779541,2.369999885559082,2.369999885559082,44000
2022-06-13,2.3399999141693115,2.3570001125335693,2.180000066757202,2.190000057220459,2.190000057220459,46400
2022-06-14,2.259999990463257,2.319999933242798,2.0999999046325684,2.0999999046325684,2.0999999046325684,18100
2022-06-15,2.180000066757202,2.180000066757202,2.0399999618530273,2.109999895095825,2.109999895095825,35700
2022-06-16,2.1500000953674316,2.193000078201294,1.9900000095367432,2.0199999809265137,2.0199999809265137,79400
2022-06-17,2.109999895095825,2.171999931335449,2.0399999618530273,2.1700000762939453,2.1700000762939453,37300
2022-06-21,2.259999990463257,2.2899999618530273,2.184999942779541,2.2300000190734863,2.2300000190734863,18600
2022-06-22,2.2100000381469727,2.2699999809265137,2.0799999237060547,2.1600000858306885,2.1600000858306885,14100
2022-06-23,2.180000066757202,2.299999952316284,2.1500000953674316,2.1600000858306885,2.1600000858306885,29600
2022-06-24,2.2100000381469727,2.299999952316284,2.1600000858306885,2.299999952316284,2.299999952316284,63100
2022-06-27,2.299999952316284,2.299999952316284,2.240000009536743,2.299999952316284,2.299999952316284,11800
2022-06-28,2.2799999713897705,2.4800000190734863,2.2799999713897705,2.4000000953674316,2.4000000953674316,26500
2022-06-29,2.369999885559082,2.390000104904175,2.2799999713897705,2.3299999237060547,2.3299999237060547,9800
2022-06-30,2.309999942779541,2.440000057220459,2.2799999713897705,2.4000000953674316,2.4000000953674316,13900
2022-07-01,2.3499999046325684,2.380000114440918,2.299999952316284,2.299999952316284,2.299999952316284,17600
2022-07-05,2.2899999618530273,2.4000000953674316,2.240000009536743,2.309999942779541,2.309999942779541,27100
2022-07-06,2.2899999618530273,2.4800000190734863,2.240000009536743,2.390000104904175,2.390000104904175,23500
2022-07-07,2.4800000190734863,2.490000009536743,2.259999990463257,2.2899999618530273,2.2899999618530273,49200
2022-07-08,2.3499999046325684,2.4700000286102295,2.3499999046325684,2.380000114440918,2.380000114440918,16000
2022-07-11,2.3499999046325684,2.4200000762939453,2.1600000858306885,2.1700000762939453,2.1700000762939453,20500
2022-07-12,2.1700000762939453,2.434999942779541,2.1700000762939453,2.200000047683716,2.200000047683716,9500
2022-07-13,2.2200000286102295,2.359999895095825,2.200000047683716,2.2300000190734863,2.2300000190734863,7100
2022-07-14,2.184999942779541,2.184999942779541,2.109999895095825,2.138000011444092,2.138000011444092,12200
2022-07-15,2.059999942779541,2.2799999713897705,2.059999942779541,2.200000047683716,2.200000047683716,14100
2022-07-18,2.3299999237060547,2.390000104904175,2.25,2.25,2.25,14800
2022-07-19,2.369999885559082,2.450000047683716,2.369999885559082,2.4000000953674316,2.4000000953674316,20500
2022-07-20,2.4800000190734863,2.5,2.180000066757202,2.390000104904175,2.390000104904175,36300
2022-07-21,2.3499999046325684,2.4000000953674316,2.299999952316284,2.3399999141693115,2.3399999141693115,11000
2022-07-22,2.430000066757202,2.430000066757202,2.316999912261963,2.3299999237060547,2.3299999237060547,6900
2022-07-25,2.299999952316284,2.299999952316284,2.180000066757202,2.240000009536743,2.240000009536743,10300
2022-07-26,2.200000047683716,2.359999895095825,2.180000066757202,2.200000047683716,2.200000047683716,17800
2022-07-27,2.200000047683716,2.2839999198913574,2.200000047683716,2.2699999809265137,2.2699999809265137,10200
2022-07-28,2.3399999141693115,2.390000104904175,2.319999933242798,2.319999933242798,2.319999933242798,60000
2022-07-29,2.369999885559082,2.700000047683716,2.3410000801086426,2.630000114440918,2.630000114440918,72300
2022-08-01,2.7699999809265137,2.890000104904175,2.6470000743865967,2.8399999141693115,2.8399999141693115,54200
2022-08-02,2.859999895095825,3.430000066757202,2.7799999713897705,3.2699999809265137,3.2699999809265137,109500
2022-08-03,3.130000114440918,3.319999933242798,2.859999895095825,3.190000057220459,3.190000057220459,73300
2022-08-04,3.190000057220459,3.4200000762939453,3.177999973297119,3.2699999809265137,3.2699999809265137,23800
2022-08-05,3.2019999027252197,3.2660000324249268,3.0999999046325684,3.190000057220459,3.190000057220459,16500
2022-08-08,3.180000066757202,3.3299999237060547,3.109999895095825,3.1600000858306885,3.1600000858306885,19100
2022-08-09,3.180000066757202,3.200000047683716,2.869999885559082,2.9100000858306885,2.9100000858306885,43000
2022-08-10,2.880000114440918,3.0,2.805000066757202,2.9200000762939453,2.9200000762939453,38700
2022-08-11,2.9200000762939453,2.9549999237060547,2.859999895095825,2.9000000953674316,2.9000000953674316,23800
2022-08-12,3.009999990463257,3.318000078201294,2.88100004196167,2.950000047683716,2.950000047683716,58300
2022-08-15,3.0899999141693115,3.0899999141693115,2.9100000858306885,2.9100000858306885,2.9100000858306885,28800
2022-08-16,2.9200000762939453,3.0299999713897705,2.7799999713897705,2.9700000286102295,2.9700000286102295,58700
2022-08-17,3.0,3.0320000648498535,2.8499999046325684,2.950000047683716,2.950000047683716,12600
2022-08-18,2.9200000762939453,3.2100000381469727,2.9100000858306885,2.9800000190734863,2.9800000190734863,14700
2022-08-19,2.930000066757202,2.930000066757202,2.609999895095825,2.75,2.75,38700
2022-08-22,2.630000114440918,2.630000114440918,2.5199999809265137,2.569999933242798,2.569999933242798,16300
2022-08-23,2.5399999618530273,2.9800000190734863,2.5399999618530273,2.759999990463257,2.759999990463257,36300
2022-08-24,2.7899999618530273,2.799999952316284,2.6070001125335693,2.75,2.75,34100
2022-08-25,2.8399999141693115,2.9600000381469727,2.7200000286102295,2.7799999713897705,2.7799999713897705,29900
2022-08-26,2.7699999809265137,2.7699999809265137,2.6589999198913574,2.700000047683716,2.700000047683716,5500
2022-08-29,2.6700000762939453,2.878000020980835,2.559999942779541,2.609999895095825,2.609999895095825,14500
2022-08-30,2.6700000762939453,2.9660000801086426,2.5199999809265137,2.5399999618530273,2.5399999618530273,32900
2022-08-31,2.5899999141693115,2.674999952316284,2.2100000381469727,2.490000009536743,2.490000009536743,55800
2022-09-01,2.369999885559082,2.569999933242798,2.3399999141693115,2.3499999046325684,2.3499999046325684,39700
2022-09-02,2.615999937057495,2.7899999618530273,2.4200000762939453,2.5199999809265137,2.5199999809265137,26600
2022-09-06,2.700000047683716,2.756999969482422,2.5199999809265137,2.7200000286102295,2.7200000286102295,30600
2022-09-07,2.7699999809265137,2.8340001106262207,2.7100000381469727,2.7799999713897705,2.7799999713897705,29800
2022-09-08,2.7100000381469727,2.928999900817871,2.7100000381469727,2.8299999237060547,2.8299999237060547,21700
2022-09-09,2.997999906539917,2.997999906539917,2.869999885559082,2.9200000762939453,2.9200000762939453,33800
2022-09-12,3.0,3.140000104904175,2.869999885559082,3.109999895095825,3.109999895095825,96400
2022-09-13,3.0,3.130000114440918,2.930000066757202,3.119999885559082,3.119999885559082,44900
2022-09-14,3.130000114440918,3.3289999961853027,3.0,3.2300000190734863,3.2300000190734863,76100
2022-09-15,3.2720000743865967,3.440000057220459,3.25,3.390000104904175,3.390000104904175,63200
2022-09-16,3.3299999237060547,3.380000114440918,3.200000047683716,3.2200000286102295,3.2200000286102295,54400
2022-09-19,3.190000057220459,3.2200000286102295,3.0899999141693115,3.140000104904175,3.140000104904175,19400
2022-09-20,3.140000104904175,3.140000104904175,2.812999963760376,2.9000000953674316,2.9000000953674316,25500
2022-09-21,2.869999885559082,2.9000000953674316,2.799999952316284,2.869999885559082,2.869999885559082,13700
2022-09-22,2.940000057220459,3.059999942779541,2.4100000858306885,2.6410000324249268,2.6410000324249268,95800
2022-09-23,3.069999933242798,3.069999933242798,2.6700000762939453,2.7709999084472656,2.7709999084472656,92000
2022-09-26,2.799999952316284,2.8429999351501465,2.630000114440918,2.75,2.75,38000
2022-09-27,2.7699999809265137,2.7899999618530273,2.509999990463257,2.5399999618530273,2.5399999618530273,27200
2022-09-28,2.509999990463257,2.630000114440918,2.4600000381469727,2.5899999141693115,2.5899999141693115,11900
2022-09-29,2.759999990463257,2.8320000171661377,2.5190000534057617,2.7200000286102295,2.7200000286102295,26300
2022-09-30,2.609999895095825,2.75,2.509999990463257,2.559999942779541,2.559999942779541,26600
2022-10-03,2.559999942779541,2.680000066757202,2.559999942779541,2.680000066757202,2.680000066757202,22900
2022-10-04,2.7799999713897705,3.0169999599456787,2.75,2.9000000953674316,2.9000000953674316,39500
2022-10-05,2.990000009536743,3.0999999046325684,2.9100000858306885,3.069999933242798,3.069999933242798,36000
2022-10-06,3.0999999046325684,3.1050000190734863,3.0399999618530273,3.0899999141693115,3.0899999141693115,11800
2022-10-07,2.990000009536743,3.049999952316284,2.700000047683716,3.009999990463257,3.009999990463257,41100
2022-10-10,2.9800000190734863,3.1010000705718994,2.8949999809265137,2.950000047683716,2.950000047683716,17300
2022-10-11,2.880000114440918,3.0859999656677246,2.819999933242798,2.9800000190734863,2.9800000190734863,13200
2022-10-12,3.049999952316284,3.109999895095825,2.930000066757202,3.009999990463257,3.009999990463257,21000
2022-10-13,2.9800000190734863,3.109999895095825,2.9700000286102295,3.0899999141693115,3.0899999141693115,20000
2022-10-14,3.0899999141693115,3.1080000400543213,2.7699999809265137,2.990000009536743,2.990000009536743,40000
2022-10-17,3.065000057220459,3.0789999961853027,2.940999984741211,3.009999990463257,3.009999990463257,16300
2022-10-18,2.940000057220459,3.125,2.940000057220459,3.119999885559082,3.119999885559082,40500
2022-10-19,3.062000036239624,3.2200000286102295,3.062000036239624,3.0999999046325684,3.0999999046325684,23900
2022-10-20,3.0199999809265137,3.069999933242798,3.0,3.0199999809265137,3.0199999809265137,37000
2022-10-21,3.0,3.1500000953674316,3.0,3.0799999237060547,3.0799999237060547,20000
2022-10-24,3.130000114440918,3.130000114440918,3.0,3.0999999046325684,3.0999999046325684,25900
2022-10-25,3.0999999046325684,3.4000000953674316,3.0199999809265137,3.369999885559082,3.369999885559082,77600
2022-10-26,3.4000000953674316,3.4800000190734863,3.299999952316284,3.4700000286102295,3.4700000286102295,30800
2022-10-27,3.4800000190734863,3.6500000953674316,3.453000068664551,3.5899999141693115,3.5899999141693115,58400
2022-10-28,3.640000104904175,3.8499999046325684,3.5899999141693115,3.799999952316284,3.799999952316284,91100
2022-10-31,3.809999942779541,3.809999942779541,3.5,3.680000066757202,3.680000066757202,47500
2022-11-01,3.7899999618530273,3.799999952316284,3.3299999237060547,3.4000000953674316,3.4000000953674316,74700
2022-11-02,3.3499999046325684,3.5399999618530273,3.25,3.2799999713897705,3.2799999713897705,41300
2022-11-03,3.25,3.5199999809265137,3.1600000858306885,3.4600000381469727,3.4600000381469727,42600
2022-11-04,3.490000009536743,3.5899999141693115,3.299999952316284,3.430000066757202,3.430000066757202,27000
2022-11-07,3.4000000953674316,3.61899995803833,3.390000104904175,3.4700000286102295,3.4700000286102295,25600
2022-11-08,3.569999933242798,3.7750000953674316,3.430000066757202,3.7300000190734863,3.7300000190734863,58400
2022-11-09,3.7699999809265137,4.059999942779541,3.7300000190734863,3.809999942779541,3.809999942779541,102400
2022-11-10,3.8499999046325684,4.190000057220459,3.8399999141693115,4.139999866485596,4.139999866485596,72700
2022-11-11,4.46999979019165,4.769999980926514,4.199999809265137,4.71999979019165,4.71999979019165,223100
2022-11-14,4.71999979019165,5.295000076293945,4.71999979019165,5.0,5.0,194000
2022-11-15,5.199999809265137,5.269999980926514,5.0,5.260000228881836,5.260000228881836,85400
2022-11-16,5.210000038146973,5.409999847412109,4.710000038146973,5.400000095367432,5.400000095367432,105400
2022-11-17,5.21999979019165,5.320000171661377,4.789999961853027,4.809999942779541,4.809999942779541,92700
2022-11-18,4.809999942779541,4.809999942779541,4.380000114440918,4.610000133514404,4.610000133514404,158000
2022-11-21,4.570000171661377,4.570000171661377,3.9600000381469727,3.990000009536743,3.990000009536743,106100
2022-11-22,3.890000104904175,4.460000038146973,3.890000104904175,4.179999828338623,4.179999828338623,51900
2022-11-23,4.130000114440918,4.269999980926514,4.050000190734863,4.099999904632568,4.099999904632568,26400
2022-11-25,4.150000095367432,4.510000228881836,4.071000099182129,4.289999961853027,4.289999961853027,11400
2022-11-28,4.230000019073486,4.429999828338623,4.190000057220459,4.190000057220459,4.190000057220459,13400
2022-11-29,4.173999786376953,4.199999809265137,4.019999980926514,4.1570000648498535,4.1570000648498535,17000
2022-11-30,4.099999904632568,4.75,4.099999904632568,4.75,4.75,70500
2022-12-01,4.75,5.03000020980835,4.75,5.0,5.0,156900
2022-12-02,4.840000152587891,5.300000190734863,4.781000137329102,5.260000228881836,5.260000228881836,120600
2022-12-05,5.130000114440918,5.360000133514404,5.130000114440918,5.320000171661377,5.320000171661377,62500
2022-12-06,5.300000190734863,5.349999904632568,4.539999961853027,5.159999847412109,5.159999847412109,102500
2022-12-07,5.150000095367432,5.449999809265137,5.110000133514404,5.300000190734863,5.300000190734863,121400
2022-12-08,5.289999961853027,5.410999774932861,5.199999809265137,5.309999942779541,5.309999942779541,34000
2022-12-09,5.179999828338623,5.394000053405762,5.107999801635742,5.25,5.25,32900
2022-12-12,5.179999828338623,5.329999923706055,5.099999904632568,5.230000019073486,5.230000019073486,25800
2022-12-13,5.269999980926514,5.34499979019165,4.980000019073486,5.170000076293945,5.170000076293945,105700
2022-12-14,5.099999904632568,5.21999979019165,4.929999828338623,5.050000190734863,5.050000190734863,53500
2022-12-15,4.920000076293945,5.170000076293945,4.920000076293945,5.099999904632568,5.099999904632568,15300
2022-12-16,5.090000152587891,5.132999897003174,4.639999866485596,4.849999904632568,4.849999904632568,57000
2022-12-19,4.849999904632568,4.849999904632568,4.539999961853027,4.559999942779541,4.559999942779541,25000
2022-12-20,4.5,4.6579999923706055,4.309999942779541,4.440000057220459,4.440000057220459,36200
2022-12-21,4.409999847412109,4.800000190734863,4.409999847412109,4.670000076293945,4.670000076293945,15700
2022-12-22,4.670000076293945,4.940000057220459,4.400000095367432,4.53000020980835,4.53000020980835,27100
2022-12-23,4.570000171661377,4.619999885559082,4.050000190734863,4.150000095367432,4.150000095367432,51500
2022-12-27,4.170000076293945,4.409999847412109,4.119999885559082,4.239999771118164,4.239999771118164,28800
2022-12-28,4.230000019073486,4.239999771118164,3.6600000858306885,3.809999942779541,3.809999942779541,83100
2022-12-29,3.799999952316284,4.010000228881836,3.6700000762939453,3.880000114440918,3.880000114440918,68000
2022-12-30,3.7300000190734863,4.019999980926514,3.5950000286102295,3.9700000286102295,3.9700000286102295,84000
2023-01-03,4.03000020980835,4.139999866485596,3.875,4.139999866485596,4.139999866485596,27900
2023-01-04,4.199999809265137,4.320000171661377,4.011000156402588,4.260000228881836,4.260000228881836,13000
2023-01-05,4.230000019073486,4.269999980926514,4.050000190734863,4.050000190734863,4.050000190734863,6200
2023-01-06,4.199999809265137,4.300000190734863,4.150000095367432,4.289999961853027,4.289999961853027,19600
2023-01-09,4.320000171661377,4.489999771118164,4.179999828338623,4.239999771118164,4.239999771118164,19600
2023-01-10,4.210000038146973,4.429999828338623,4.210000038146973,4.340000152587891,4.340000152587891,10200
2023-01-11,4.440000057220459,4.699999809265137,4.400000095367432,4.650000095367432,4.650000095367432,21700
2023-01-12,4.690000057220459,4.889999866485596,4.559999942779541,4.760000228881836,4.760000228881836,17600
2023-01-13,4.849999904632568,4.940000057220459,4.711999893188477,4.849999904632568,4.849999904632568,17800
2023-01-17,4.849999904632568,4.929999828338623,4.650000095367432,4.880000114440918,4.880000114440918,23500
2023-01-18,4.900000095367432,4.986000061035156,4.800000190734863,4.909999847412109,4.909999847412109,28900
2023-01-19,4.889999866485596,4.980000019073486,4.5,4.5,4.5,22300
2023-01-20,4.559999942779541,4.559999942779541,4.289999961853027,4.534999847412109,4.534999847412109,33500
2023-01-23,4.449999809265137,4.659999847412109,4.420000076293945,4.630000114440918,4.630000114440918,16900
2023-01-24,4.639999866485596,5.050000190734863,4.510000228881836,4.960000038146973,4.960000038146973,37800
2023-01-25,4.989999771118164,5.050000190734863,4.659999847412109,5.010000228881836,5.010000228881836,86600
2023-01-26,5.050000190734863,5.139999866485596,4.889999866485596,5.050000190734863,5.050000190734863,38300
2023-01-27,5.0,5.420000076293945,5.0,5.260000228881836,5.260000228881836,37300
2023-01-30,5.059999942779541,5.320000171661377,5.010000228881836,5.190000057220459,5.190000057220459,29200
2023-01-31,5.289999961853027,5.449999809265137,5.184000015258789,5.440000057220459,5.440000057220459,137400
2023-02-01,5.420000076293945,5.61899995803833,5.239999771118164,5.460000038146973,5.460000038146973,109200
2023-02-02,5.440000057220459,5.730000019073486,5.409999847412109,5.619999885559082,5.619999885559082,65200
2023-02-03,5.570000171661377,5.989999771118164,5.480000019073486,5.820000171661377,5.820000171661377,100800
2023-02-06,5.900000095367432,6.130000114440918,5.802000045776367,6.099999904632568,6.099999904632568,124100
2023-02-07,6.099999904632568,6.099999904632568,5.789999961853027,5.989999771118164,5.989999771118164,77900
2023-02-08,6.019999980926514,6.019999980926514,5.639999866485596,5.75,5.75,48200
2023-02-09,5.880000114440918,6.300000190734863,5.730000019073486,6.190000057220459,6.190000057220459,135400
2023-02-10,6.460000038146973,7.090000152587891,6.230000019073486,6.75,6.75,314400
2023-02-13,7.019999980926514,7.5,6.630000114440918,6.710000038146973,6.710000038146973,217600
2023-02-14,6.699999809265137,6.920000076293945,6.019999980926514,6.440000057220459,6.440000057220459,168800
2023-02-15,6.440000057220459,6.940000057220459,6.170000076293945,6.929999828338623,6.929999828338623,73600
2023-02-16,6.920000076293945,6.949999809265137,6.670000076293945,6.809999942779541,6.809999942779541,98100
2023-02-17,6.75,6.949999809265137,6.599999904632568,6.929999828338623,6.929999828338623,75500
2023-02-21,6.949999809265137,6.949999809265137,6.320000171661377,6.570000171661377,6.570000171661377,67000
2023-02-22,6.349999904632568,6.800000190734863,6.320000171661377,6.650000095367432,6.650000095367432,51200
2023-02-23,6.860000133514404,6.869999885559082,6.539999961853027,6.840000152587891,6.840000152587891,37500
2023-02-24,6.710000038146973,6.789999961853027,6.360000133514404,6.409999847412109,6.409999847412109,37500
2023-02-27,6.559999942779541,6.869999885559082,6.510000228881836,6.71999979019165,6.71999979019165,53600
2023-02-28,6.71999979019165,6.849999904632568,6.53000020980835,6.809999942779541,6.809999942779541,88900
2023-03-01,6.809999942779541,6.813000202178955,6.440000057220459,6.539999961853027,6.539999961853027,60400
2023-03-02,6.409999847412109,6.599999904632568,6.159999847412109,6.510000228881836,6.510000228881836,47200
2023-03-03,6.449999809265137,6.793000221252441,6.449999809265137,6.599999904632568,6.599999904632568,59700
2023-03-06,6.599999904632568,6.78000020980835,6.519999980926514,6.565000057220459,6.565000057220459,22700
2023-03-07,6.53000020980835,6.681000232696533,6.2789998054504395,6.53000020980835,6.53000020980835,41500
2023-03-08,6.550000190734863,6.849999904632568,6.539999961853027,6.849999904632568,6.849999904632568,66400
2023-03-09,6.949999809265137,7.400000095367432,6.925000190734863,7.059999942779541,7.059999942779541,181600
2023-03-10,7.0,7.139999866485596,5.710000038146973,5.71999979019165,5.71999979019165,212600
2023-03-13,5.550000190734863,6.110000133514404,5.400000095367432,5.619999885559082,5.619999885559082,167200
2023-03-14,5.650000095367432,5.820000171661377,5.25,5.269999980926514,5.269999980926514,83200
2023-03-15,5.269999980926514,5.276000022888184,5.0370001792907715,5.260000228881836,5.260000228881836,77300
2023-03-16,5.150000095367432,5.5,5.150000095367432,5.389999866485596,5.389999866485596,33200
2023-03-17,5.380000114440918,5.480000019073486,5.190000057220459,5.329999923706055,5.329999923706055,48900
2023-03-20,5.349999904632568,5.429999828338623,5.079999923706055,5.130000114440918,5.130000114440918,66000
2023-03-21,5.210000038146973,5.610000133514404,5.099999904632568,5.159999847412109,5.159999847412109,56100
2023-03-22,5.159999847412109,5.489999771118164,5.050000190734863,5.150000095367432,5.150000095367432,57700
2023-03-23,5.139999866485596,5.400000095367432,5.050000190734863,5.150000095367432,5.150000095367432,33400
2023-03-24,5.059999942779541,5.242000102996826,5.019999980926514,5.239999771118164,5.239999771118164,33000
2023-03-27,5.260000228881836,5.480000019073486,5.260000228881836,5.300000190734863,5.300000190734863,38400
2023-03-28,5.329999923706055,5.429999828338623,5.065000057220459,5.110000133514404,5.110000133514404,31600
2023-03-29,5.230000019073486,5.360000133514404,5.0,5.019999980926514,5.019999980926514,63300
2023-03-30,5.079999923706055,5.159999847412109,4.800000190734863,4.800000190734863,4.800000190734863,61600
2023-03-31,4.920000076293945,5.019999980926514,4.769999980926514,4.860000133514404,4.860000133514404,43200
2023-04-03,5.050000190734863,5.214000225067139,4.71999979019165,4.855000019073486,4.855000019073486,44700
2023-04-04,4.869999885559082,4.869999885559082,4.449999809265137,4.550000190734863,4.550000190734863,40800
2023-04-05,4.510000228881836,4.639999866485596,4.320000171661377,4.400000095367432,4.400000095367432,49700
2023-04-06,4.429999828338623,4.546999931335449,4.179999828338623,4.309999942779541,4.309999942779541,88100
2023-04-10,4.309999942779541,4.479000091552734,4.260000228881836,4.349999904632568,4.349999904632568,26300
2023-04-11,4.355000019073486,4.380000114440918,4.050000190734863,4.099999904632568,4.099999904632568,73500
2023-04-12,4.110000133514404,4.320000171661377,3.950000047683716,4.0,4.0,75900
2023-04-13,4.0,4.170000076293945,3.9600000381469727,4.099999904632568,4.099999904632568,78000
2023-04-14,4.139999866485596,4.269999980926514,3.9600000381469727,4.050000190734863,4.050000190734863,37500
2023-04-17,3.9800000190734863,4.269999980926514,3.9609999656677246,4.090000152587891,4.090000152587891,125400
2023-04-18,4.139999866485596,4.170000076293945,3.8299999237060547,3.8299999237060547,3.8299999237060547,53700
2023-04-19,3.8499999046325684,3.944999933242798,3.630000114440918,3.6700000762939453,3.6700000762939453,52300
2023-04-20,3.609999895095825,3.630000114440918,3.2799999713897705,3.490000009536743,3.490000009536743,357600
2023-04-21,3.450000047683716,3.4600000381469727,3.299999952316284,3.4000000953674316,3.4000000953674316,38700
2023-04-24,3.3499999046325684,3.3499999046325684,3.200000047683716,3.2100000381469727,3.2100000381469727,48200
2023-04-25,3.25,3.25,2.994999885559082,3.0299999713897705,3.0299999713897705,69500
2023-04-26,3.0799999237060547,3.4600000381469727,3.049999952316284,3.430000066757202,3.430000066757202,91900
2023-04-27,3.5399999618530273,3.9000000953674316,3.50600004196167,3.740000009536743,3.740000009536743,91100
2023-04-28,3.7799999713897705,4.050000190734863,3.7200000286102295,3.9100000858306885,3.9100000858306885,61100
2023-05-01,4.039999961853027,4.260000228881836,3.9839999675750732,4.179999828338623,4.179999828338623,71900
2023-05-02,4.110000133514404,4.309999942779541,3.809999942779541,3.9800000190734863,3.9800000190734863,52600
2023-05-03,3.9600000381469727,3.999000072479248,3.8499999046325684,3.8499999046325684,3.8499999046325684,31100
2023-05-04,3.890000104904175,4.019999980926514,3.569999933242798,3.609999895095825,3.609999895095825,67900
2023-05-05,3.6600000858306885,4.0,3.609999895095825,3.880000114440918,3.880000114440918,28400
2023-05-08,3.9000000953674316,3.921999931335449,3.759999990463257,3.8399999141693115,3.8399999141693115,16300
2023-05-09,3.8399999141693115,4.079999923706055,3.8399999141693115,3.9100000858306885,3.9100000858306885,54100
2023-05-10,4.005000114440918,4.099999904632568,3.8299999237060547,3.9700000286102295,3.9700000286102295,62100
2023-05-11,3.9600000381469727,4.159999847412109,3.8399999141693115,4.0,4.0,62000
2023-05-12,3.8499999046325684,3.869999885559082,3.3450000286102295,3.5399999618530273,3.5399999618530273,195600
2023-05-15,3.684999942779541,3.684999942779541,3.319999933242798,3.359999895095825,3.359999895095825,93100
2023-05-16,3.3299999237060547,3.625,3.2799999713897705,3.4200000762939453,3.4200000762939453,45100
2023-05-17,3.4100000858306885,3.630000114440918,3.309999942779541,3.630000114440918,3.630000114440918,26900
2023-05-18,3.7100000381469727,4.044000148773193,3.609999895095825,3.950000047683716,3.950000047683716,52000
2023-05-19,4.0,4.0,3.9000000953674316,3.930000066757202,3.930000066757202,21300
2023-05-22,3.930000066757202,4.019999980926514,3.799999952316284,4.014999866485596,4.014999866485596,25600
2023-05-23,3.9200000762939453,4.059999942779541,3.809999942779541,3.819999933242798,3.819999933242798,28200
2023-05-24,3.799999952316284,3.9200000762939453,3.5999999046325684,3.700000047683716,3.700000047683716,33900
2023-05-25,3.759999990463257,3.8399999141693115,3.5899999141693115,3.5999999046325684,3.5999999046325684,22100
2023-05-26,3.6600000858306885,3.765000104904175,3.5999999046325684,3.6500000953674316,3.6500000953674316,21100
2023-05-30,3.7699999809265137,3.7850000858306885,3.5999999046325684,3.6549999713897705,3.6549999713897705,18400
2023-05-31,3.6600000858306885,3.8540000915527344,3.450000047683716,3.450000047683716,3.450000047683716,42700
2023-06-01,3.4600000381469727,3.6740000247955322,3.430000066757202,3.5299999713897705,3.5299999713897705,23900
2023-06-02,3.5799999237060547,3.680000066757202,3.5280001163482666,3.680000066757202,3.680000066757202,11600
2023-06-05,3.6500000953674316,3.75,3.549999952316284,3.549999952316284,3.549999952316284,22500
2023-06-06,3.5799999237060547,3.7799999713897705,3.549999952316284,3.7300000190734863,3.7300000190734863,17600
2023-06-07,3.7799999713897705,3.990000009536743,3.7049999237060547,3.940000057220459,3.940000057220459,20600
2023-06-08,4.050000190734863,4.140999794006348,3.9100000858306885,4.099999904632568,4.099999904632568,46700
2023-06-09,4.099999904632568,4.159999847412109,4.03000020980835,4.110000133514404,4.110000133514404,46600
2023-06-12,4.099999904632568,4.258999824523926,4.050000190734863,4.130000114440918,4.130000114440918,36400
2023-06-13,4.159999847412109,4.179999828338623,4.059999942779541,4.059999942779541,4.059999942779541,37500
2023-06-14,4.139999866485596,4.139999866485596,4.010000228881836,4.010000228881836,4.010000228881836,26600
2023-06-15,4.011000156402588,4.125,4.0,4.099999904632568,4.099999904632568,21800
2023-06-16,4.159999847412109,4.190000057220459,4.039999961853027,4.050000190734863,4.050000190734863,25000
2023-06-20,4.099999904632568,4.105999946594238,3.9100000858306885,3.9800000190734863,3.9800000190734863,51800
2023-06-21,4.0,4.0,3.890000104904175,3.9100000858306885,3.9100000858306885,16600
2023-06-22,3.9240000247955322,4.03000020980835,3.8949999809265137,3.9609999656677246,3.9609999656677246,30900
2023-06-23,3.9100000858306885,4.0,3.859999895095825,3.9100000858306885,3.9100000858306885,21500
2023-06-26,3.944999933242798,3.944999933242798,3.819999933242798,3.8299999237060547,3.8299999237060547,22500
2023-06-27,3.8399999141693115,4.039999961853027,3.809999942779541,4.039999961853027,4.039999961853027,16600
2023-06-28,4.039999961853027,4.199999809265137,4.019999980926514,4.110000133514404,4.110000133514404,50400
2023-06-29,4.110000133514404,4.199999809265137,4.0,4.179999828338623,4.179999828338623,12900
2023-06-30,4.25,4.422999858856201,4.15500020980835,4.309999942779541,4.309999942779541,44300
2023-07-03,4.260000228881836,4.480000019073486,4.260000228881836,4.4679999351501465,4.4679999351501465,22700
2023-07-05,4.480000019073486,4.480000019073486,4.130000114440918,4.139999866485596,4.139999866485596,23900
2023-07-06,4.150000095367432,4.199999809265137,3.859999895095825,4.059999942779541,4.059999942779541,41200
2023-07-07,4.119999885559082,4.300000190734863,4.070000171661377,4.269999980926514,4.269999980926514,31000
2023-07-10,4.300000190734863,4.559999942779541,4.260000228881836,4.460000038146973,4.460000038146973,59400
2023-07-11,4.427999973297119,4.550000190734863,4.360000133514404,4.420000076293945,4.420000076293945,26100
2023-07-12,4.489999771118164,4.880000114440918,4.388999938964844,4.710000038146973,4.710000038146973,49200
2023-07-13,4.800000190734863,4.989999771118164,4.800000190734863,4.989999771118164,4.989999771118164,71300
2023-07-14,4.96999979019165,4.980000019073486,4.704999923706055,4.71999979019165,4.71999979019165,44400
2023-07-17,4.75,4.929999828338623,4.75,4.809999942779541,4.809999942779541,22800
2023-07-18,4.769999980926514,5.050000190734863,4.769999980926514,4.920000076293945,4.920000076293945,38000
2023-07-19,4.960000038146973,5.349999904632568,4.920000076293945,5.329999923706055,5.329999923706055,110700
2023-07-20,5.320000171661377,5.369999885559082,4.71999979019165,4.820000171661377,4.820000171661377,95300
2023-07-21,4.900000095367432,5.21999979019165,4.796999931335449,4.980000019073486,4.980000019073486,145800
2023-07-24,4.96999979019165,5.228000164031982,4.75,4.829999923706055,4.829999923706055,116800
2023-07-25,4.829999923706055,4.949999809265137,4.75,4.880000114440918,4.880000114440918,41700
2023-07-26,4.929999828338623,5.070000171661377,4.800000190734863,5.010000228881836,5.010000228881836,37300
2023-07-27,5.110000133514404,5.559999942779541,5.026000022888184,5.559999942779541,5.559999942779541,177400
2023-07-28,5.559999942779541,5.78000020980835,5.5,5.53000020980835,5.53000020980835,107300
2023-07-31,5.670000076293945,5.864999771118164,5.570000171661377,5.630000114440918,5.630000114440918,79400
2023-08-01,5.679999828338623,5.679999828338623,5.300000190734863,5.360000133514404,5.360000133514404,94400
2023-08-02,5.269999980926514,5.460000038146973,4.929999828338623,5.210000038146973,5.210000038146973,87000
2023-08-03,5.099999904632568,5.704999923706055,5.099999904632568,5.449999809265137,5.449999809265137,55200
2023-08-04,5.567999839782715,5.567999839782715,5.25,5.25,5.25,38700
2023-08-07,5.239999771118164,5.25,5.0,5.144999980926514,5.144999980926514,36800
2023-08-08,5.070000171661377,5.114999771118164,4.849999904632568,5.070000171661377,5.070000171661377,74200
2023-08-09,5.079999923706055,5.079999923706055,4.755000114440918,4.809999942779541,4.809999942779541,42500
2023-08-10,4.940000057220459,5.177999973297119,4.869999885559082,4.940000057220459,4.940000057220459,78500
2023-08-11,4.849999904632568,5.050000190734863,4.783999919891357,4.869999885559082,4.869999885559082,32000
2023-08-14,4.849999904632568,5.019999980926514,4.806000232696533,4.900000095367432,4.900000095367432,28300
2023-08-15,4.869999885559082,5.0269999504089355,4.809999942779541,4.909999847412109,4.909999847412109,32200
2023-08-16,4.900000095367432,4.925000190734863,4.659999847412109,4.699999809265137,4.699999809265137,46800
2023-08-17,4.699999809265137,4.739999771118164,4.449999809265137,4.460000038146973,4.460000038146973,40700
2023-08-18,4.400000095367432,4.670000076293945,4.400000095367432,4.550000190734863,4.550000190734863,29000
2023-08-21,4.53000020980835,4.670000076293945,4.409999847412109,4.539999961853027,4.539999961853027,39400
2023-08-22,4.570000171661377,4.625,4.46999979019165,4.489999771118164,4.489999771118164,8100
2023-08-23,4.519999980926514,4.570000171661377,4.400000095367432,4.519999980926514,4.519999980926514,28800
2023-08-24,4.5,4.5,4.269999980926514,4.340000152587891,4.340000152587891,15300
2023-08-25,4.400000095367432,4.489999771118164,4.26200008392334,4.289999961853027,4.289999961853027,23100
2023-08-28,4.260000228881836,4.480000019073486,4.260000228881836,4.480000019073486,4.480000019073486,21500
2023-08-29,4.429999828338623,4.570000171661377,4.400000095367432,4.525000095367432,4.525000095367432,24900
2023-08-30,4.739999771118164,4.880000114440918,4.610000133514404,4.849999904632568,4.849999904632568,34100
2023-08-31,4.860000133514404,4.949999809265137,4.53000020980835,4.610000133514404,4.610000133514404,24400
2023-09-01,4.670000076293945,4.820000171661377,4.489999771118164,4.519999980926514,4.519999980926514,11600
