Date,Open,High,Low,Close,Adj Close,Volume
2008-05-07,25.200000762939453,25.799999237060547,24.799999237060547,25.5,3.004324436187744,38943400
2008-05-08,25.579999923706055,25.829999923706055,24.739999771118164,25.399999618530273,2.992541790008545,12468400
2008-05-09,25.100000381469727,25.399999618530273,24.940000534057617,25.239999771118164,2.973691463470459,9747000
2008-05-12,25.110000610351562,26.850000381469727,25.100000381469727,25.56999969482422,3.012571334838867,7921800
2008-05-13,25.3799991607666,25.920000076293945,25.200000762939453,25.899999618530273,3.0514509677886963,4518800
2008-05-14,25.5,26.309999465942383,24.600000381469727,26.170000076293945,3.0832607746124268,4295600
2008-05-15,25.75,26.40999984741211,25.579999923706055,26.030000686645508,3.0667672157287598,3969300
2008-05-16,25.860000610351562,26.75,25.670000076293945,26.5,3.1221401691436768,11418200
2008-05-19,26.149999618530273,26.450000762939453,25.969999313354492,26.06999969482422,3.071479320526123,5645100
2008-05-20,25.700000762939453,25.940000534057617,25.0,25.549999237060547,3.0102145671844482,8338100
2008-05-21,25.3700008392334,25.780000686645508,25.260000228881836,25.510000228881836,3.005502223968506,1729100
2008-05-22,25.139999389648438,26.1299991607666,25.1200008392334,25.719999313354492,3.0302438735961914,7980000
2008-05-23,25.520000457763672,25.719999313354492,25.260000228881836,25.420000076293945,2.9948980808258057,2421100
2008-05-27,25.360000610351562,25.530000686645508,25.1200008392334,25.3799991607666,2.9901857376098633,1899300
2008-05-28,25.219999313354492,25.469999313354492,25.049999237060547,25.209999084472656,2.970156669616699,5346300
2008-05-29,25.010000228881836,25.139999389648438,24.850000381469727,24.950000762939453,2.939525842666626,6850900
2008-05-30,24.81999969482422,25.469999313354492,24.770000457763672,25.18000030517578,2.966622829437256,5456400
2008-06-02,24.969999313354492,25.06999969482422,24.110000610351562,24.1200008392334,2.8417370319366455,2692600
2008-06-03,23.799999237060547,24.25,23.59000015258789,24.200000762939453,2.8511626720428467,4636400
2008-06-04,23.950000762939453,24.190000534057617,23.8799991607666,23.899999618530273,2.81581711769104,2871200
2008-06-05,24.799999237060547,26.3799991607666,24.700000762939453,25.559999465942383,3.0113930702209473,10802100
2008-06-06,25.1200008392334,25.3700008392334,24.93000030517578,24.979999542236328,2.9430594444274902,4040900
2008-06-09,24.799999237060547,25.299999237060547,24.690000534057617,24.969999313354492,2.9418811798095703,2018400
2008-06-10,24.8799991607666,25.100000381469727,24.850000381469727,24.93000030517578,2.937168598175049,3237600
2008-06-11,24.979999542236328,24.979999542236328,24.059999465942383,24.329999923706055,2.866478681564331,2352300
2008-06-12,24.770000457763672,24.850000381469727,24.0,24.18000030517578,2.8488051891326904,1885800
2008-06-13,24.149999618530273,24.729999542236328,24.030000686645508,24.670000076293945,2.9065358638763428,2718300
2008-06-16,24.729999542236328,24.770000457763672,23.5,23.709999084472656,2.793431520462036,2799100
2008-06-17,23.719999313354492,23.739999771118164,23.219999313354492,23.459999084472656,2.7639777660369873,3945100
2008-06-18,23.100000381469727,24.0,23.059999465942383,23.790000915527344,2.8028581142425537,1883200
2008-06-19,23.850000381469727,24.010000228881836,23.399999618530273,23.889999389648438,2.8146402835845947,2262100
2008-06-20,23.350000381469727,24.0,23.31999969482422,24.0,2.8275985717773438,2339500
2008-06-23,24.0,24.0,23.559999465942383,23.600000381469727,2.7804718017578125,1562800
2008-06-24,23.25,23.25,22.200000762939453,22.540000915527344,2.655588150024414,4845600
2008-06-25,22.329999923706055,22.8799991607666,22.290000915527344,22.540000915527344,2.655588150024414,2268100
2008-06-26,22.149999618530273,22.559999465942383,22.06999969482422,22.170000076293945,2.6119940280914307,2938500
2008-06-27,22.020000457763672,22.079999923706055,21.520000457763672,21.600000381469727,2.5448389053344727,3329000
2008-06-30,21.579999923706055,21.579999923706055,20.6200008392334,20.979999542236328,2.471792697906494,3048100
2008-07-01,20.799999237060547,20.84000015258789,20.030000686645508,20.600000381469727,2.427022933959961,3516700
2008-07-02,20.90999984741211,21.489999771118164,20.790000915527344,21.34000015258789,2.514207124710083,1593500
2008-07-03,21.209999084472656,21.34000015258789,20.540000915527344,20.940000534057617,2.4670803546905518,1530400
2008-07-07,21.049999237060547,21.56999969482422,20.940000534057617,21.31999969482422,2.511850118637085,1491700
2008-07-08,21.149999618530273,21.90999984741211,21.1299991607666,21.5,2.533057928085327,3116200
2008-07-09,21.59000015258789,21.780000686645508,21.510000228881836,21.649999618530273,2.5507304668426514,1155500
2008-07-10,21.969999313354492,22.020000457763672,21.459999084472656,21.850000381469727,2.574293613433838,1238400
2008-07-11,21.420000076293945,21.969999313354492,21.229999542236328,21.639999389648438,2.549551010131836,1310900
2008-07-14,21.899999618530273,22.139999389648438,21.399999618530273,21.790000915527344,2.5672247409820557,1323800
2008-07-15,21.600000381469727,21.729999542236328,20.459999084472656,21.0,2.474149703979492,1486900
2008-07-16,20.860000610351562,21.079999923706055,20.75,21.030000686645508,2.4776837825775146,1055600
2008-07-17,20.8700008392334,20.90999984741211,19.3700008392334,20.399999618530273,2.403458595275879,3484300
2008-07-18,20.440000534057617,20.479999542236328,19.920000076293945,20.200000762939453,2.3798961639404297,1702100
2008-07-21,20.600000381469727,20.8799991607666,20.209999084472656,20.559999465942383,2.4223098754882812,1737700
2008-07-22,20.270000457763672,20.84000015258789,20.149999618530273,20.760000228881836,2.445873260498047,1582300
2008-07-23,20.700000762939453,20.700000762939453,20.079999923706055,20.209999084472656,2.3810739517211914,1757200
2008-07-24,20.100000381469727,20.610000610351562,20.100000381469727,20.450000762939453,2.4093501567840576,912300
2008-07-25,20.450000762939453,20.739999771118164,20.209999084472656,20.290000915527344,2.3904995918273926,862800
2008-07-28,20.09000015258789,20.299999237060547,20.06999969482422,20.18000030517578,2.3775393962860107,1285100
2008-07-29,20.399999618530273,20.579999923706055,20.170000076293945,20.25,2.3857860565185547,2786700
2008-07-30,20.260000228881836,20.709999084472656,20.260000228881836,20.670000076293945,2.435270071029663,3516900
2008-07-31,20.350000381469727,20.860000610351562,20.350000381469727,20.670000076293945,2.435270071029663,1119000
2008-08-01,20.790000915527344,21.020000457763672,20.600000381469727,20.920000076293945,2.464723587036133,1795300
2008-08-04,20.81999969482422,20.860000610351562,20.489999771118164,20.719999313354492,2.4411606788635254,2325300
2008-08-05,20.850000381469727,21.110000610351562,20.700000762939453,21.0,2.474149703979492,960400
2008-08-06,20.979999542236328,21.280000686645508,20.93000030517578,21.06999969482422,2.482396125793457,1260000
2008-08-07,21.290000915527344,21.479999542236328,21.049999237060547,21.06999969482422,2.482396125793457,1239900
2008-08-08,21.06999969482422,22.049999237060547,21.049999237060547,21.950000762939453,2.5860748291015625,2200600
2008-08-11,21.889999389648438,22.549999237060547,21.829999923706055,21.979999542236328,2.5896096229553223,3210200
2008-08-12,21.959999084472656,22.110000610351562,21.489999771118164,21.65999984741211,2.551907539367676,3140400
2008-08-13,22.209999084472656,23.770000457763672,22.1200008392334,22.790000915527344,2.6850411891937256,6515600
2008-08-14,22.75,23.540000915527344,22.75,23.25,2.73923659324646,3319000
2008-08-15,23.5,24.030000686645508,23.5,23.81999969482422,2.806391477584839,2482400
2008-08-18,23.670000076293945,24.100000381469727,23.530000686645508,23.8799991607666,2.8134613037109375,2105100
2008-08-19,23.989999771118164,24.06999969482422,23.43000030517578,23.969999313354492,2.824063777923584,2280100
2008-08-20,23.34000015258789,24.31999969482422,23.25,23.989999771118164,2.826421022415161,3635400
2008-08-21,23.90999984741211,24.020000457763672,23.059999465942383,24.020000457763672,2.8299548625946045,1376900
2008-08-22,24.309999465942383,24.40999984741211,24.079999923706055,24.299999237060547,2.862943172454834,1353900
2008-08-25,24.59000015258789,24.649999618530273,24.0,24.170000076293945,2.847627639770508,1409900
2008-08-26,24.299999237060547,24.299999237060547,23.940000534057617,24.149999618530273,2.845271110534668,2507700
2008-08-27,24.34000015258789,24.940000534057617,24.100000381469727,24.899999618530273,2.9336342811584473,1619100
2008-08-28,24.860000610351562,24.8799991607666,24.520000457763672,24.809999465942383,2.923030138015747,1380100
2008-08-29,24.459999084472656,24.729999542236328,24.459999084472656,24.709999084472656,2.9112486839294434,1330200
2008-09-02,25.079999923706055,25.479999542236328,24.59000015258789,25.280000686645508,2.9784047603607178,1757800
2008-09-03,25.0,25.299999237060547,24.90999984741211,25.299999237060547,2.980760097503662,1610800
2008-09-04,25.3700008392334,25.3799991607666,24.920000076293945,25.149999618530273,2.9630885124206543,2950800
2008-09-05,24.8799991607666,25.239999771118164,24.760000228881836,25.15999984741211,2.964266300201416,2369800
2008-09-08,25.549999237060547,26.0,25.389999389648438,25.610000610351562,3.017284393310547,1414200
2008-09-09,25.700000762939453,25.940000534057617,25.5,25.520000457763672,3.0066800117492676,1541700
2008-09-10,25.549999237060547,25.8700008392334,25.280000686645508,25.43000030517578,2.996076822280884,1395900
2008-09-11,25.06999969482422,25.959999084472656,24.799999237060547,25.670000076293945,3.024352788925171,1390200
2008-09-12,25.280000686645508,26.59000015258789,25.280000686645508,26.520000457763672,3.124497175216675,2564000
2008-09-15,26.170000076293945,26.170000076293945,25.049999237060547,25.31999969482422,2.983116626739502,1466700
2008-09-16,25.010000228881836,25.190000534057617,24.530000686645508,25.049999237060547,2.9513065814971924,2049000
2008-09-17,24.389999389648438,25.020000457763672,24.389999389648438,24.75,2.9159610271453857,12691600
2008-09-18,25.0,25.100000381469727,24.360000610351562,24.649999618530273,2.9041800498962402,3415500
2008-09-19,24.5,25.389999389648438,24.399999618530273,25.190000534057617,2.9678003787994385,1550300
2008-09-22,25.100000381469727,25.479999542236328,24.84000015258789,25.0,2.94541597366333,913900
2008-09-23,24.700000762939453,25.0,23.93000030517578,24.5,2.886507987976074,2014100
2008-09-24,24.5,24.649999618530273,24.260000228881836,24.440000534057617,2.879438638687134,1231200
2008-09-25,24.3799991607666,24.639999389648438,24.260000228881836,24.469999313354492,2.8829729557037354,1093200
2008-09-26,23.520000457763672,25.489999771118164,23.520000457763672,25.389999389648438,2.9913644790649414,1024000
2008-09-29,24.93000030517578,25.270000457763672,23.989999771118164,24.280000686645508,2.8605880737304688,1930300
2008-09-30,25.299999237060547,26.81999969482422,25.299999237060547,26.479999542236328,3.1197848320007324,10640200
2008-10-01,26.5,26.700000762939453,25.979999542236328,26.1299991607666,3.078547954559326,4701000
2008-10-02,26.09000015258789,26.09000015258789,25.200000762939453,25.360000610351562,2.987830638885498,4504400
2008-10-03,25.3799991607666,25.950000762939453,24.93000030517578,25.149999618530273,2.9630885124206543,5904500
2008-10-06,24.850000381469727,25.010000228881836,24.280000686645508,24.899999618530273,2.9336342811584473,45280300
2008-10-07,25.25,25.420000076293945,23.940000534057617,23.940000534057617,2.820530414581299,6162700
2008-10-08,23.8700008392334,24.6299991607666,23.34000015258789,23.790000915527344,2.8028581142425537,7149000
2008-10-09,23.690000534057617,24.0,22.700000762939453,22.989999771118164,2.708604335784912,4917100
2008-10-10,22.3799991607666,23.75,21.030000686645508,22.520000457763672,2.6532301902770996,4589100
2008-10-13,22.65999984741211,23.850000381469727,22.190000534057617,23.790000915527344,2.8028581142425537,3309800
2008-10-14,24.170000076293945,24.239999771118164,22.510000228881836,23.0,2.709782838821411,2988400
2008-10-15,22.639999389648438,22.920000076293945,20.90999984741211,21.09000015258789,2.484752655029297,2134200
2008-10-16,21.149999618530273,21.280000686645508,20.100000381469727,20.8799991607666,2.4600112438201904,3228200
2008-10-17,20.360000610351562,21.280000686645508,20.100000381469727,20.920000076293945,2.464723587036133,3075200
2008-10-20,20.610000610351562,21.530000686645508,20.399999618530273,21.530000686645508,2.5365915298461914,1154700
2008-10-21,21.270000457763672,22.200000762939453,21.049999237060547,21.489999771118164,2.53187894821167,1185500
2008-10-22,21.0,21.559999465942383,20.6299991607666,20.90999984741211,2.463545083999634,2260600
2008-10-23,21.0,21.209999084472656,19.850000381469727,20.239999771118164,2.384608268737793,4003800
2008-10-24,19.440000534057617,20.09000015258789,18.979999542236328,19.170000076293945,2.258544445037842,3180800
2008-10-27,19.0,19.610000610351562,18.6200008392334,19.219999313354492,2.264435052871704,2442300
2008-10-28,19.549999237060547,21.719999313354492,19.5,21.68000030517578,2.5542635917663574,2254400
2008-10-29,21.530000686645508,22.56999969482422,21.200000762939453,22.049999237060547,2.5978565216064453,1894600
2008-10-30,22.68000030517578,22.799999237060547,21.389999389648438,21.920000076293945,2.582540988922119,1814200
2008-10-31,21.889999389648438,23.270000457763672,21.780000686645508,22.899999618530273,2.69800066947937,2214000
2008-11-03,22.549999237060547,23.350000381469727,22.329999923706055,22.56999969482422,2.659121036529541,1667900
2008-11-04,22.989999771118164,23.84000015258789,22.969999313354492,23.309999465942383,2.7463064193725586,1565800
2008-11-05,23.399999618530273,23.68000030517578,22.399999618530273,22.489999771118164,2.649695634841919,1837200
2008-11-06,22.489999771118164,22.84000015258789,21.6299991607666,21.90999984741211,2.581362247467041,1367700
2008-11-07,22.049999237060547,22.8799991607666,22.010000228881836,22.68000030517578,2.6720807552337646,1320900
2008-11-10,22.989999771118164,23.5,22.5,22.770000457763672,2.6826846599578857,1240200
2008-11-11,22.290000915527344,22.700000762939453,21.219999313354492,21.3799991607666,2.5189192295074463,1223300
2008-11-12,21.100000381469727,21.780000686645508,20.790000915527344,20.90999984741211,2.463545083999634,1503100
2008-11-13,18.979999542236328,19.3700008392334,17.56999969482422,18.190000534057617,2.1430845260620117,7936900
2008-11-14,17.93000030517578,18.899999618530273,17.520000457763672,17.559999465942383,2.0688600540161133,4674300
2008-11-17,17.3700008392334,17.780000686645508,16.959999084472656,17.1299991607666,2.0181994438171387,2338300
2008-11-18,17.15999984741211,17.18000030517578,16.25,16.6299991607666,1.9592909812927246,2810600
2008-11-19,16.780000686645508,17.1299991607666,16.530000686645508,16.559999465942383,1.9510438442230225,3573500
2008-11-20,16.360000610351562,16.469999313354492,14.550000190734863,14.6899995803833,1.7307262420654297,3045700
2008-11-21,14.979999542236328,15.649999618530273,14.260000228881836,15.569999694824219,1.8344053030014038,2998500
2008-11-24,15.859999656677246,16.200000762939453,15.09000015258789,15.989999771118164,1.8838881254196167,2126600
2008-11-25,16.290000915527344,16.700000762939453,15.390000343322754,15.930000305175781,1.8768187761306763,2864200
2008-11-26,15.600000381469727,16.299999237060547,15.430000305175781,16.219999313354492,1.910986065864563,2195300
2008-11-28,15.920000076293945,16.200000762939453,15.720000267028809,16.139999389648438,1.9015603065490723,718200
2008-12-01,15.75,16.06999969482422,14.800000190734863,14.829999923706055,1.7472202777862549,2582100
2008-12-02,15.100000381469727,15.220000267028809,14.470000267028809,14.859999656677246,1.7507550716400146,1855100
2008-12-03,14.850000381469727,15.34000015258789,14.479999542236328,15.0600004196167,1.7743180990219116,2155500
2008-12-04,14.880000114440918,14.880000114440918,13.699999809265137,13.779999732971191,1.623512864112854,2795500
2008-12-05,13.65999984741211,14.600000381469727,13.449999809265137,14.470000267028809,1.7048063278198242,3482100
2008-12-08,14.960000038146973,15.029999732971191,14.390000343322754,14.4399995803833,1.701271891593933,3139300
2008-12-09,14.380000114440918,14.890000343322754,14.029999732971191,14.640000343322754,1.7248356342315674,2642300
2008-12-10,14.829999923706055,15.520000457763672,14.75,15.350000381469727,1.808485746383667,2123000
2008-12-11,15.3100004196167,15.960000038146973,15.109999656677246,15.25,1.796703577041626,2215000
2008-12-12,14.75,15.619999885559082,14.430000305175781,15.550000190734863,1.8320488929748535,3273900
2008-12-15,15.630000114440918,16.139999389648438,15.5600004196167,15.779999732971191,1.8591461181640625,2950500
2008-12-16,15.9399995803833,16.260000228881836,15.829999923706055,16.110000610351562,1.8980259895324707,3309200
2008-12-17,15.720000267028809,16.18000030517578,15.630000114440918,16.040000915527344,1.889778733253479,2975000
2008-12-18,16.139999389648438,16.959999084472656,15.770000457763672,16.75,1.9734281301498413,3003400
2008-12-19,16.920000076293945,17.31999969482422,16.6200008392334,16.959999084472656,1.9981696605682373,4388900
2008-12-22,17.059999465942383,17.3799991607666,16.700000762939453,17.059999465942383,2.0099518299102783,2314300
2008-12-23,16.690000534057617,17.110000610351562,16.549999237060547,16.860000610351562,1.9863882064819336,1841800
2008-12-24,16.959999084472656,17.049999237060547,16.809999465942383,16.90999984741211,1.9922789335250854,723200
2008-12-26,16.989999771118164,17.0,16.799999237060547,16.889999389648438,1.9899226427078247,726700
2008-12-29,16.899999618530273,16.959999084472656,16.469999313354492,16.65999984741211,1.9628247022628784,1814500
2008-12-30,16.649999618530273,16.959999084472656,16.360000610351562,16.440000534057617,1.9369052648544312,2231400
2008-12-31,16.440000534057617,16.440000534057617,16.190000534057617,16.25,1.9145201444625854,2694600
2009-01-02,16.34000015258789,16.59000015258789,16.280000686645508,16.549999237060547,1.9498652219772339,2551800
2009-01-05,16.549999237060547,16.90999984741211,16.489999771118164,16.90999984741211,1.9922789335250854,2692900
2009-01-06,16.899999618530273,17.6299991607666,16.649999618530273,17.229999542236328,2.029980182647705,3023900
2009-01-07,17.100000381469727,17.170000076293945,16.350000381469727,16.459999084472656,1.9392621517181396,2434800
2009-01-08,16.34000015258789,16.739999771118164,16.309999465942383,16.610000610351562,1.9569339752197266,2377700
2009-01-09,16.540000915527344,16.68000030517578,15.960000038146973,16.290000915527344,1.9192332029342651,2364300
2009-01-12,16.290000915527344,16.520000457763672,15.550000190734863,15.779999732971191,1.8591461181640625,2109600
2009-01-13,15.800000190734863,16.100000381469727,15.649999618530273,15.869999885559082,1.8697500228881836,2725600
2009-01-14,15.470000267028809,15.760000228881836,15.279999732971191,15.710000038146973,1.8508994579315186,2373700
2009-01-15,15.6899995803833,15.850000381469727,15.489999771118164,15.800000190734863,1.8615026473999023,4494900
2009-01-16,16.139999389648438,16.59000015258789,15.9399995803833,16.450000762939453,1.9380836486816406,4286100
2009-01-20,16.530000686645508,16.799999237060547,15.949999809265137,15.960000038146973,1.8803529739379883,2652800
2009-01-21,16.209999084472656,16.440000534057617,16.010000228881836,16.350000381469727,1.926302194595337,3426000
2009-01-22,16.15999984741211,16.489999771118164,15.850000381469727,16.15999984741211,1.9039169549942017,3399300
2009-01-23,15.739999771118164,16.079999923706055,15.65999984741211,15.9399995803833,1.877996802330017,2481200
2009-01-26,16.010000228881836,16.68000030517578,15.989999771118164,16.5,1.943974494934082,1636000
2009-01-27,16.770000457763672,16.81999969482422,16.489999771118164,16.59000015258789,1.9545780420303345,2688900
2009-01-28,16.81999969482422,16.93000030517578,16.610000610351562,16.809999465942383,1.9804975986480713,1585400
2009-01-29,16.65999984741211,17.110000610351562,16.59000015258789,16.770000457763672,1.975784420967102,2025700
2009-01-30,16.770000457763672,16.799999237060547,16.100000381469727,16.450000762939453,1.9380836486816406,2660400
2009-02-02,16.09000015258789,16.190000534057617,15.770000457763672,15.890000343322754,1.8721061944961548,1666400
2009-02-03,15.90999984741211,16.280000686645508,15.779999732971191,16.190000534057617,1.9074513912200928,1436300
2009-02-04,16.270000457763672,16.420000076293945,15.5600004196167,15.670000076293945,1.8461865186691284,1966100
2009-02-05,15.539999961853027,16.18000030517578,15.460000038146973,16.100000381469727,1.896848201751709,1583100
2009-02-06,16.020000457763672,16.719999313354492,15.989999771118164,16.6200008392334,1.9581130743026733,1262800
2009-02-09,16.600000381469727,16.639999389648438,16.1299991607666,16.309999465942383,1.9215892553329468,928700
2009-02-10,16.09000015258789,16.309999465942383,15.399999618530273,15.470000267028809,1.8226231336593628,1718000
2009-02-11,15.59000015258789,16.030000686645508,15.420000076293945,16.020000457763672,1.8874222040176392,1529100
2009-02-12,15.779999732971191,16.420000076293945,15.579999923706055,16.329999923706055,1.9239459037780762,2561900
2009-02-13,16.229999542236328,16.719999313354492,16.200000762939453,16.600000381469727,1.9557563066482544,1795700
2009-02-17,16.020000457763672,16.110000610351562,15.729999542236328,15.859999656677246,1.8685719966888428,1604600
2009-02-18,15.970000267028809,16.229999542236328,15.630000114440918,16.18000030517578,1.9062731266021729,1368500
2009-02-19,16.34000015258789,16.34000015258789,15.880000114440918,16.020000457763672,1.8874222040176392,1467200
2009-02-20,15.779999732971191,15.930000305175781,15.239999771118164,15.479999542236328,1.823801040649414,2520600
2009-02-23,15.510000228881836,15.609999656677246,14.9399995803833,14.989999771118164,1.7660712003707886,1699600
2009-02-24,15.119999885559082,15.34000015258789,14.84000015258789,15.289999961853027,1.801416039466858,1314300
2009-02-25,15.239999771118164,15.239999771118164,14.699999809265137,14.789999961853027,1.7425087690353394,2134700
2009-02-26,14.880000114440918,14.949999809265137,14.399999618530273,14.399999618530273,1.6965596675872803,1226200
2009-02-27,14.130000114440918,14.479999542236328,14.0,14.050000190734863,1.6553237438201904,2208300
2009-03-02,13.729999542236328,14.0,13.460000038146973,13.479999542236328,1.5881679058074951,1688200
2009-03-03,13.649999618530273,13.739999771118164,13.069999694824219,13.130000114440918,1.5469321012496948,1046000
2009-03-04,13.260000228881836,13.380000114440918,12.800000190734863,13.100000381469727,1.5433979034423828,1964200
2009-03-05,12.779999732971191,12.800000190734863,11.960000038146973,12.109999656677246,1.4267598390579224,3067500
2009-03-06,12.220000267028809,12.550000190734863,11.829999923706055,12.210000038146973,1.438541054725647,1775800
2009-03-09,12.069999694824219,12.300000190734863,11.859999656677246,11.899999618530273,1.4020178318023682,1510100
2009-03-10,12.850000381469727,13.640000343322754,12.510000228881836,13.420000076293945,1.5810991525650024,2958300
2009-03-11,13.449999809265137,13.729999542236328,13.390000343322754,13.489999771118164,1.5893460512161255,1466300
2009-03-12,13.619999885559082,14.40999984741211,13.489999771118164,14.329999923706055,1.6883121728897095,1911800
2009-03-13,14.380000114440918,14.619999885559082,14.239999771118164,14.5600004196167,1.7154102325439453,1267700
2009-03-16,14.6899995803833,15.029999732971191,14.5,14.609999656677246,1.721300721168518,1350100
2009-03-17,14.649999618530273,14.979999542236328,14.460000038146973,14.970000267028809,1.763715386390686,1080900
2009-03-18,14.75,15.279999732971191,14.510000228881836,15.079999923706055,1.7766748666763306,1485600
2009-03-19,15.109999656677246,15.15999984741211,14.539999961853027,14.670000076293945,1.7283703088760376,1109900
2009-03-20,14.680000305175781,15.329999923706055,14.670000076293945,15.130000114440918,1.7825658321380615,2530600
2009-03-23,15.270000457763672,15.420000076293945,14.930000305175781,15.399999618530273,1.814375877380371,1510800
2009-03-24,15.260000228881836,15.65999984741211,15.140000343322754,15.5600004196167,1.8332270383834839,1420200
2009-03-25,15.829999923706055,15.829999923706055,15.170000076293945,15.510000228881836,1.8273365497589111,2559900
2009-03-26,16.59000015258789,17.979999542236328,16.020000457763672,17.8700008392334,2.1053836345672607,3991300
2009-03-27,17.280000686645508,17.760000228881836,16.729999542236328,17.09000015258789,2.0134856700897217,2173300
2009-03-30,16.81999969482422,17.040000915527344,16.510000228881836,16.850000381469727,1.9852102994918823,2430200
2009-03-31,17.040000915527344,17.260000228881836,16.559999465942383,16.90999984741211,1.9922789335250854,1663700
2009-04-01,16.850000381469727,17.579999923706055,16.719999313354492,17.399999618530273,2.05000901222229,1415400
2009-04-02,17.829999923706055,19.440000534057617,17.809999465942383,18.149999618530273,2.1383719444274902,3451400
2009-04-03,18.190000534057617,18.729999542236328,18.06999969482422,18.5,2.179607629776001,3702500
2009-04-06,18.3799991607666,18.530000686645508,18.200000762939453,18.479999542236328,2.1772501468658447,1100800
2009-04-07,18.219999313354492,18.489999771118164,17.940000534057617,17.969999313354492,2.1171648502349854,1086800
2009-04-08,17.899999618530273,18.299999237060547,17.829999923706055,18.290000915527344,2.1548664569854736,767400
2009-04-09,19.0,19.510000228881836,18.65999984741211,19.469999313354492,2.2938902378082275,2308300
2009-04-13,19.309999465942383,19.450000762939453,18.770000457763672,19.079999923706055,2.2479407787323,1964000
2009-04-14,19.209999084472656,19.979999542236328,19.209999084472656,19.360000610351562,2.280930519104004,3677600
2009-04-15,20.1299991607666,20.299999237060547,19.43000030517578,19.780000686645508,2.330413579940796,2389300
2009-04-16,19.889999389648438,19.889999389648438,19.229999542236328,19.670000076293945,2.317453145980835,1459000
2009-04-17,19.780000686645508,20.200000762939453,19.700000762939453,20.049999237060547,2.3622238636016846,2498100
2009-04-20,19.860000610351562,20.5,19.079999923706055,19.110000610351562,2.2514755725860596,2617500
2009-04-21,19.09000015258789,19.3700008392334,18.93000030517578,19.360000610351562,2.280930519104004,1737500
2009-04-22,19.270000457763672,19.399999618530273,18.899999618530273,18.920000076293945,2.229090690612793,2092800
2009-04-23,18.940000534057617,19.190000534057617,18.690000534057617,18.989999771118164,2.237337112426758,1648900
2009-04-24,19.049999237060547,19.3700008392334,18.84000015258789,19.0,2.2385153770446777,2435700
2009-04-27,19.299999237060547,19.579999923706055,18.729999542236328,18.739999771118164,2.207883596420288,2066700
2009-04-28,18.969999313354492,19.389999389648438,18.700000762939453,19.1200008392334,2.2526538372039795,1851800
2009-04-29,19.200000762939453,20.389999389648438,19.110000610351562,20.34000015258789,2.3963894844055176,4774800
2009-04-30,20.440000534057617,20.8700008392334,20.34000015258789,20.709999084472656,2.4399826526641846,3234400
2009-05-01,20.68000030517578,20.68000030517578,20.010000228881836,20.270000457763672,2.3881430625915527,1892700
2009-05-04,20.079999923706055,20.579999923706055,20.0,20.540000915527344,2.4199531078338623,1278600
2009-05-05,20.770000457763672,21.0,20.420000076293945,20.889999389648438,2.461189031600952,1477300
2009-05-06,21.09000015258789,21.09000015258789,20.229999542236328,20.600000381469727,2.427022933959961,1485000
2009-05-07,20.6299991607666,20.969999313354492,20.200000762939453,20.520000457763672,2.4175970554351807,1141700
2009-05-08,20.709999084472656,20.979999542236328,20.510000228881836,20.940000534057617,2.4670803546905518,986700
2009-05-11,20.8799991607666,20.8799991607666,20.440000534057617,20.649999618530273,2.4329137802124023,1385700
2009-05-12,20.75,21.610000610351562,20.530000686645508,21.260000228881836,2.5047812461853027,2638400
2009-05-13,23.25,23.25,21.440000534057617,22.06999969482422,2.6002132892608643,6018100
2009-05-14,22.040000915527344,22.040000915527344,21.190000534057617,21.3700008392334,2.5177419185638428,2738100
2009-05-15,21.3799991607666,22.34000015258789,21.25,22.06999969482422,2.6002132892608643,2119500
2009-05-18,22.260000228881836,22.389999389648438,21.639999389648438,22.389999389648438,2.6379141807556152,1323900
2009-05-19,22.25,22.559999465942383,22.09000015258789,22.219999313354492,2.6178855895996094,1716900
2009-05-20,22.270000457763672,22.270000457763672,19.809999465942383,20.829999923706055,2.454120635986328,6825300
2009-05-21,20.649999618530273,21.34000015258789,20.530000686645508,20.700000762939453,2.4388041496276855,4319700
2009-05-22,21.110000610351562,21.5,20.700000762939453,21.270000457763672,2.505959987640381,1521200
2009-05-26,21.100000381469727,22.1200008392334,20.850000381469727,22.100000381469727,2.6037473678588867,2725400
2009-05-27,22.049999237060547,22.049999237060547,21.549999237060547,21.600000381469727,2.5448389053344727,2083800
2009-05-28,21.920000076293945,21.920000076293945,21.040000915527344,21.559999465942383,2.5401270389556885,2332200
2009-05-29,21.59000015258789,21.81999969482422,21.25,21.729999542236328,2.560154676437378,1676300
2009-06-01,21.969999313354492,22.75,21.90999984741211,22.469999313354492,2.6473400592803955,2479900
2009-06-02,22.3799991607666,23.40999984741211,22.239999771118164,23.209999084472656,2.734523296356201,3153500
2009-06-03,22.81999969482422,22.829999923706055,22.170000076293945,22.829999923706055,2.689754009246826,2182400
2009-06-04,22.59000015258789,23.15999984741211,22.59000015258789,23.079999923706055,2.719208002090454,2460200
2009-06-05,23.25,23.479999542236328,22.59000015258789,22.959999084472656,2.7050697803497314,2735400
2009-06-08,22.719999313354492,23.059999465942383,22.540000915527344,22.920000076293945,2.7003564834594727,1315500
2009-06-09,23.010000228881836,23.139999389648438,22.3700008392334,22.59000015258789,2.66147780418396,1983100
2009-06-10,22.690000534057617,22.989999771118164,22.190000534057617,22.34000015258789,2.6320230960845947,1201800
2009-06-11,22.350000381469727,22.860000610351562,22.059999465942383,22.079999923706055,2.601390838623047,1951700
2009-06-12,22.040000915527344,22.100000381469727,21.68000030517578,22.020000457763672,2.594322443008423,1194500
2009-06-15,21.65999984741211,21.68000030517578,21.31999969482422,21.540000915527344,2.5377705097198486,1454500
2009-06-16,21.639999389648438,21.90999984741211,20.979999542236328,21.299999237060547,2.5094940662384033,1616200
2009-06-17,21.260000228881836,21.559999465942383,20.969999313354492,21.309999465942383,2.5106728076934814,1958600
2009-06-18,21.299999237060547,22.540000915527344,21.260000228881836,22.3700008392334,2.6355583667755127,1993700
2009-06-19,22.610000610351562,22.889999389648438,22.149999618530273,22.34000015258789,2.6320230960845947,2169100
2009-06-22,22.06999969482422,22.229999542236328,21.200000762939453,21.219999313354492,2.5000691413879395,1671000
2009-06-23,21.260000228881836,21.260000228881836,20.780000686645508,20.940000534057617,2.4670803546905518,2069400
2009-06-24,21.15999984741211,21.280000686645508,20.709999084472656,20.850000381469727,2.456477165222168,2405000
2009-06-25,20.59000015258789,21.1200008392334,20.40999984741211,20.799999237060547,2.4505860805511475,3765000
2009-06-26,20.899999618530273,21.81999969482422,20.690000534057617,21.270000457763672,2.505959987640381,3081400
2009-06-29,21.40999984741211,21.40999984741211,21.0,21.1200008392334,2.4882864952087402,1639000
2009-06-30,21.149999618530273,21.31999969482422,20.989999771118164,21.190000534057617,2.496534585952759,1664200
2009-07-01,21.40999984741211,22.530000686645508,21.209999084472656,22.079999923706055,2.601390838623047,2280800
2009-07-02,21.729999542236328,22.290000915527344,21.440000534057617,22.139999389648438,2.6084604263305664,2005600
2009-07-06,21.979999542236328,22.639999389648438,21.969999313354492,22.299999237060547,2.6273109912872314,1308700
2009-07-07,22.06999969482422,22.56999969482422,22.06999969482422,22.1200008392334,2.606104612350464,1214300
2009-07-08,22.1200008392334,22.459999084472656,21.59000015258789,22.15999984741211,2.610816478729248,1951000
2009-07-09,22.270000457763672,22.270000457763672,21.5,21.68000030517578,2.5542635917663574,1303200
2009-07-10,21.540000915527344,21.760000228881836,21.260000228881836,21.649999618530273,2.5507304668426514,1299500
2009-07-13,21.65999984741211,22.280000686645508,21.520000457763672,22.170000076293945,2.6119940280914307,1847100
2009-07-14,22.110000610351562,22.600000381469727,21.93000030517578,22.56999969482422,2.659121036529541,1231600
2009-07-15,22.709999084472656,23.309999465942383,22.610000610351562,23.280000686645508,2.7427704334259033,1062200
2009-07-16,23.15999984741211,23.729999542236328,23.049999237060547,23.34000015258789,2.7498395442962646,1012800
2009-07-17,23.270000457763672,23.579999923706055,23.100000381469727,23.43000030517578,2.760443687438965,1130900
2009-07-20,23.559999465942383,23.559999465942383,23.079999923706055,23.5,2.768691062927246,597400
2009-07-21,23.649999618530273,23.649999618530273,23.049999237060547,23.280000686645508,2.7427704334259033,762400
2009-07-22,23.0,23.84000015258789,23.0,23.420000076293945,2.759265661239624,1220600
2009-07-23,23.389999389648438,24.049999237060547,23.25,24.0,2.8275985717773438,1648100
2009-07-24,23.959999084472656,24.25,23.649999618530273,23.950000762939453,2.8217079639434814,1727100
2009-07-27,23.889999389648438,24.18000030517578,23.649999618530273,24.139999389648438,2.844092607498169,713900
2009-07-28,24.06999969482422,24.309999465942383,23.799999237060547,24.139999389648438,2.844092607498169,1069300
2009-07-29,24.18000030517578,24.75,23.850000381469727,24.59000015258789,2.8971104621887207,1851100
2009-07-30,24.709999084472656,25.010000228881836,24.540000915527344,24.549999237060547,2.8923981189727783,1187500
2009-07-31,24.479999542236328,24.780000686645508,24.18000030517578,24.610000610351562,2.899468183517456,1380500
2009-08-03,24.729999542236328,24.729999542236328,24.190000534057617,24.639999389648438,2.903000831604004,833800
2009-08-04,24.549999237060547,25.170000076293945,24.18000030517578,24.489999771118164,2.885329008102417,1399500
2009-08-05,24.649999618530273,24.649999618530273,24.06999969482422,24.170000076293945,2.847627639770508,1122700
2009-08-06,24.15999984741211,24.18000030517578,23.489999771118164,23.729999542236328,2.795788526535034,1337800
2009-08-07,23.8799991607666,24.040000915527344,23.690000534057617,23.700000762939453,2.792254686355591,1411500
2009-08-10,23.739999771118164,23.84000015258789,23.350000381469727,23.610000610351562,2.7816505432128906,1714500
2009-08-11,23.43000030517578,23.889999389648438,23.299999237060547,23.6299991607666,2.784006357192993,2344100
2009-08-12,23.65999984741211,23.8700008392334,23.479999542236328,23.520000457763672,2.7710471153259277,2439300
2009-08-13,24.75,25.479999542236328,24.270000457763672,24.979999542236328,2.9430594444274902,5654800
2009-08-14,25.09000015258789,25.639999389648438,25.06999969482422,25.540000915527344,3.0090370178222656,2159400
2009-08-17,25.200000762939453,26.030000686645508,25.170000076293945,25.940000534057617,3.0561628341674805,3699400
2009-08-18,26.010000228881836,26.760000228881836,25.809999465942383,25.889999389648438,3.050271987915039,2001000
2009-08-19,25.75,26.190000534057617,25.600000381469727,26.09000015258789,3.0738353729248047,1923100
2009-08-20,26.010000228881836,27.350000381469727,26.0,26.899999618530273,3.169266939163208,6617900
2009-08-21,27.389999389648438,27.5,26.920000076293945,27.25,3.2105038166046143,2926100
2009-08-24,27.350000381469727,27.829999923706055,27.270000457763672,27.690000534057617,3.262342929840088,2571100
2009-08-25,27.649999618530273,27.90999984741211,27.260000228881836,27.389999389648438,3.226996660232544,2930600
2009-08-26,27.350000381469727,27.540000915527344,26.780000686645508,26.940000534057617,3.173980712890625,2714400
2009-08-27,26.8799991607666,27.25,26.719999313354492,26.860000610351562,3.164555311203003,2093200
2009-08-28,27.1299991607666,27.1299991607666,26.25,26.530000686645508,3.1256754398345947,2755300
2009-08-31,26.3799991607666,26.739999771118164,26.18000030517578,26.440000534057617,3.115072011947632,2544200
2009-09-01,26.309999465942383,26.6200008392334,25.899999618530273,25.920000076293945,3.0538065433502197,1662600
2009-09-02,25.940000534057617,26.389999389648438,25.899999618530273,26.209999084472656,3.0879733562469482,2102500
2009-09-03,26.170000076293945,26.6200008392334,26.139999389648438,26.510000228881836,3.123319149017334,2430700
2009-09-04,26.540000915527344,26.889999389648438,26.270000457763672,26.850000381469727,3.163376569747925,2059800
2009-09-08,26.989999771118164,28.100000381469727,26.899999618530273,27.1200008392334,3.1951868534088135,2804100
2009-09-09,26.93000030517578,27.479999542236328,26.739999771118164,27.139999389648438,3.1975433826446533,1965400
2009-09-10,27.1299991607666,27.549999237060547,26.889999389648438,27.520000457763672,3.2423148155212402,1284400
2009-09-11,27.360000610351562,27.600000381469727,26.93000030517578,27.059999465942383,3.188117742538452,1916800
2009-09-14,26.899999618530273,27.260000228881836,26.899999618530273,27.09000015258789,3.191652297973633,2124900
2009-09-15,27.0,27.190000534057617,26.920000076293945,27.110000610351562,3.194009304046631,2424600
2009-09-16,27.229999542236328,27.299999237060547,26.90999984741211,27.1299991607666,3.1963655948638916,1401200
2009-09-17,27.049999237060547,27.649999618530273,27.0,27.260000228881836,3.2116806507110596,2110400
2009-09-18,27.399999618530273,27.950000762939453,27.239999771118164,27.84000015258789,3.280014991760254,2399500
2009-09-21,27.809999465942383,27.8799991607666,27.350000381469727,27.809999465942383,3.2764806747436523,1129400
2009-09-22,27.799999237060547,27.950000762939453,27.530000686645508,27.860000610351562,3.2823712825775146,1404000
2009-09-23,27.770000457763672,28.020000457763672,27.440000534057617,27.479999542236328,3.237600803375244,1995900
2009-09-24,27.389999389648438,27.59000015258789,27.25,27.31999969482422,3.2187507152557373,2084500
2009-09-25,27.31999969482422,27.59000015258789,27.200000762939453,27.3700008392334,3.2246406078338623,1893200
2009-09-28,27.34000015258789,27.860000610351562,27.270000457763672,27.760000228881836,3.27059006690979,1232500
2009-09-29,28.34000015258789,28.950000762939453,28.200000762939453,28.549999237060547,3.363664150238037,1906900
2009-09-30,28.420000076293945,28.81999969482422,28.0,28.75,3.387227773666382,2061800
2009-10-01,28.6200008392334,28.81999969482422,28.18000030517578,28.299999237060547,3.3342108726501465,2436400
2009-10-02,28.190000534057617,28.559999465942383,28.030000686645508,28.25,3.328319549560547,1949800
2009-10-05,28.329999923706055,28.389999389648438,27.979999542236328,28.170000076293945,3.318894863128662,1700500
2009-10-06,28.270000457763672,28.690000534057617,28.18000030517578,28.639999389648438,3.374268054962158,1110700
2009-10-07,28.540000915527344,29.350000381469727,28.540000915527344,29.219999313354492,3.442601442337036,3238900
2009-10-08,29.399999618530273,29.780000686645508,28.5,29.639999389648438,3.49208402633667,2112800
2009-10-09,29.68000030517578,30.649999618530273,29.56999969482422,30.09000015258789,3.54510235786438,5102900
2009-10-12,29.780000686645508,29.989999771118164,29.209999084472656,29.479999542236328,3.4732344150543213,5653900
2009-10-13,29.3799991607666,29.549999237060547,28.889999389648438,29.040000915527344,3.4213955402374268,3046500
2009-10-14,29.1200008392334,29.239999771118164,28.899999618530273,29.0,3.416682004928589,1882600
2009-10-15,28.989999771118164,29.56999969482422,28.940000534057617,29.139999389648438,3.4331767559051514,1373900
2009-10-16,28.989999771118164,29.190000534057617,28.6299991607666,29.100000381469727,3.428464412689209,1857900
2009-10-19,29.100000381469727,29.280000686645508,28.850000381469727,28.8700008392334,3.4013659954071045,2190800
2009-10-20,28.90999984741211,29.219999313354492,28.610000610351562,29.1200008392334,3.4308204650878906,2169800
2009-10-21,28.979999542236328,29.139999389648438,28.040000915527344,28.09000015258789,3.309468984603882,2172000
2009-10-22,28.15999984741211,28.15999984741211,27.469999313354492,27.8700008392334,3.2835500240325928,2811300
2009-10-23,27.760000228881836,27.950000762939453,27.190000534057617,27.649999618530273,3.257629871368408,2401500
2009-10-26,27.610000610351562,27.790000915527344,26.8799991607666,27.020000457763672,3.1834053993225098,2260800
2009-10-27,26.8799991607666,27.790000915527344,26.8799991607666,27.719999313354492,3.2658777236938477,2686500
2009-10-28,27.68000030517578,28.18000030517578,27.469999313354492,27.479999542236328,3.237600803375244,2415300
2009-10-29,27.700000762939453,27.8799991607666,27.34000015258789,27.690000534057617,3.262342929840088,1993400
2009-10-30,27.6299991607666,28.110000610351562,27.25,27.260000228881836,3.2116806507110596,1637900
2009-11-02,27.309999465942383,27.889999389648438,27.190000534057617,27.68000030517578,3.261164903640747,1350600
2009-11-03,27.40999984741211,27.719999313354492,27.200000762939453,27.600000381469727,3.251739025115967,1770500
2009-11-04,27.610000610351562,28.209999084472656,27.5,27.81999969482422,3.277658462524414,1299700
2009-11-05,27.079999923706055,27.579999923706055,25.56999969482422,26.520000457763672,3.124497175216675,8877200
2009-11-06,26.530000686645508,26.639999389648438,25.920000076293945,26.6200008392334,3.1362786293029785,2204500
2009-11-09,26.610000610351562,26.709999084472656,26.479999542236328,26.670000076293945,3.142169713973999,2467000
2009-11-10,26.760000228881836,27.84000015258789,26.549999237060547,27.559999465942383,3.247025728225708,2893800
2009-11-11,27.68000030517578,27.690000534057617,26.760000228881836,27.299999237060547,3.2163941860198975,2199600
2009-11-12,27.309999465942383,27.399999618530273,26.84000015258789,26.8799991607666,3.1669106483459473,1438800
2009-11-13,26.959999084472656,27.450000762939453,26.450000762939453,27.3700008392334,3.2246406078338623,1717300
2009-11-16,27.459999084472656,28.1299991607666,27.3799991607666,27.979999542236328,3.2965095043182373,2196900
2009-11-17,28.079999923706055,28.149999618530273,27.579999923706055,27.780000686645508,3.2729458808898926,1712400
2009-11-18,27.68000030517578,27.84000015258789,27.450000762939453,27.739999771118164,3.26823353767395,945300
2009-11-19,27.600000381469727,27.600000381469727,26.610000610351562,26.790000915527344,3.1563074588775635,1750600
2009-11-20,26.690000534057617,27.59000015258789,26.280000686645508,27.299999237060547,3.2163941860198975,2654600
2009-11-23,27.489999771118164,27.59000015258789,27.309999465942383,27.360000610351562,3.2234628200531006,1878900
2009-11-24,27.299999237060547,27.510000228881836,27.010000228881836,27.309999465942383,3.2175729274749756,1752700
2009-11-25,27.280000686645508,27.280000686645508,26.75,27.020000457763672,3.1834053993225098,1908600
2009-11-27,26.459999084472656,26.459999084472656,26.030000686645508,26.270000457763672,3.095043182373047,1051900
2009-11-30,26.290000915527344,26.299999237060547,26.010000228881836,26.190000534057617,3.085617780685425,1439000
2009-12-01,26.3799991607666,26.579999923706055,26.290000915527344,26.5,3.1221401691436768,1583400
2009-12-02,26.43000030517578,27.010000228881836,26.43000030517578,26.899999618530273,3.169266939163208,1327900
2009-12-03,26.81999969482422,27.049999237060547,26.540000915527344,26.709999084472656,3.1468818187713623,1415100
2009-12-04,26.799999237060547,27.25,26.600000381469727,26.799999237060547,3.1574857234954834,1260800
2009-12-07,26.84000015258789,27.059999465942383,26.6299991607666,26.940000534057617,3.173980712890625,807600
2009-12-08,26.940000534057617,26.940000534057617,26.299999237060547,26.75,3.151594877243042,995100
2009-12-09,27.84000015258789,28.079999923706055,26.81999969482422,27.100000381469727,3.1928317546844482,6365000
2009-12-10,27.579999923706055,27.739999771118164,27.239999771118164,27.649999618530273,3.257629871368408,2908600
2009-12-11,27.770000457763672,28.459999084472656,27.6200008392334,28.25,3.328319549560547,2189700
2009-12-14,28.469999313354492,28.479999542236328,27.469999313354492,28.06999969482422,3.307112693786621,2819500
2009-12-15,28.010000228881836,28.299999237060547,27.850000381469727,28.270000457763672,3.3306760787963867,957300
2009-12-16,28.25,28.5,27.760000228881836,27.81999969482422,3.277658462524414,1557300
2009-12-17,27.59000015258789,28.15999984741211,27.56999969482422,28.059999465942383,3.32385516166687,1794700
2009-12-18,28.350000381469727,28.360000610351562,27.219999313354492,28.170000076293945,3.3368866443634033,2769800
2009-12-21,28.190000534057617,28.399999618530273,27.989999771118164,28.329999923706055,3.3558385372161865,1190400
2009-12-22,27.770000457763672,28.670000076293945,27.75,28.59000015258789,3.3866376876831055,698300
2009-12-23,28.75,29.010000228881836,28.6200008392334,28.989999771118164,3.434018850326538,642600
2009-12-24,29.15999984741211,29.290000915527344,28.93000030517578,29.100000381469727,3.4470503330230713,249500
2009-12-28,29.18000030517578,29.25,29.0,29.15999984741211,3.4541573524475098,307800
2009-12-29,29.139999389648438,29.309999465942383,28.969999313354492,29.020000457763672,3.437572956085205,935100
2009-12-30,29.0,29.06999969482422,28.700000762939453,28.81999969482422,3.4138810634613037,1051600
2009-12-31,28.809999465942383,28.940000534057617,28.270000457763672,28.299999237060547,3.352285146713257,966900
2010-01-04,28.530000686645508,29.139999389648438,28.200000762939453,29.100000381469727,3.4470503330230713,1199700
2010-01-05,28.959999084472656,29.170000076293945,28.649999618530273,28.760000228881836,3.4067752361297607,957100
2010-01-06,28.899999618530273,29.440000534057617,28.780000686645508,29.399999618530273,3.48258638381958,2014600
2010-01-07,29.100000381469727,29.15999984741211,28.770000457763672,29.079999923706055,3.4446799755096436,2051300
2010-01-08,28.549999237060547,28.889999389648438,28.489999771118164,28.8700008392334,3.419804573059082,1168300
2010-01-11,28.81999969482422,28.989999771118164,28.200000762939453,28.68000030517578,3.3972978591918945,1281700
2010-01-12,28.59000015258789,28.760000228881836,28.18000030517578,28.209999084472656,3.3416240215301514,1352500
2010-01-13,28.350000381469727,28.59000015258789,28.290000915527344,28.459999084472656,3.37123703956604,727400
2010-01-14,28.3700008392334,28.639999389648438,28.229999542236328,28.5,3.375976324081421,1044700
2010-01-15,28.520000457763672,28.59000015258789,28.139999389648438,28.440000534057617,3.3688690662384033,2627200
2010-01-19,28.25,28.520000457763672,28.200000762939453,28.399999618530273,3.3641297817230225,1356400
2010-01-20,28.149999618530273,28.43000030517578,27.860000610351562,28.34000015258789,3.357023000717163,1451900
2010-01-21,28.420000076293945,28.469999313354492,27.65999984741211,27.75,3.2871341705322266,2202100
2010-01-22,27.549999237060547,27.690000534057617,27.260000228881836,27.360000610351562,3.2409374713897705,1273200
2010-01-25,27.59000015258789,27.59000015258789,27.200000762939453,27.360000610351562,3.2409374713897705,914800
2010-01-26,27.25,27.559999465942383,27.049999237060547,27.43000030517578,3.249229669570923,855700
2010-01-27,27.329999923706055,27.56999969482422,26.989999771118164,27.5,3.257521152496338,1216500
2010-01-28,27.84000015258789,27.899999618530273,27.420000076293945,27.610000610351562,3.2705514430999756,1200000
2010-01-29,27.59000015258789,28.0,27.450000762939453,27.65999984741211,3.2764739990234375,1397900
2010-02-01,27.84000015258789,27.90999984741211,27.579999923706055,27.799999237060547,3.293057918548584,826800
2010-02-02,27.780000686645508,28.1299991607666,27.75,28.059999465942383,3.32385516166687,993100
2010-02-03,27.989999771118164,28.25,27.81999969482422,28.059999465942383,3.32385516166687,1106700
2010-02-04,27.850000381469727,27.93000030517578,26.780000686645508,26.84000015258789,3.179340362548828,1713800
2010-02-05,26.729999542236328,27.139999389648438,26.3799991607666,27.100000381469727,3.210139513015747,2351100
2010-02-08,26.979999542236328,27.270000457763672,26.81999969482422,26.84000015258789,3.179340362548828,1045200
2010-02-09,27.040000915527344,27.1299991607666,26.639999389648438,26.860000610351562,3.1817102432250977,1518100
2010-02-10,26.809999465942383,26.90999984741211,26.479999542236328,26.84000015258789,3.179340362548828,1727800
2010-02-11,26.809999465942383,27.299999237060547,26.559999465942383,27.170000076293945,3.218430519104004,1522300
2010-02-12,26.940000534057617,27.139999389648438,26.709999084472656,27.079999923706055,3.2077698707580566,1550700
2010-02-16,27.229999542236328,27.540000915527344,27.010000228881836,27.440000534057617,3.250413656234741,1673800
2010-02-17,27.420000076293945,28.709999084472656,27.389999389648438,28.59000015258789,3.3866376876831055,3933400
2010-02-18,28.510000228881836,29.18000030517578,28.510000228881836,29.139999389648438,3.4517879486083984,1555100
2010-02-19,28.989999771118164,29.229999542236328,28.889999389648438,28.93000030517578,3.4269120693206787,1825400
2010-02-22,28.889999389648438,29.049999237060547,28.479999542236328,28.649999618530273,3.393744945526123,1286800
2010-02-23,28.579999923706055,28.690000534057617,28.209999084472656,28.420000076293945,3.36650013923645,1226000
2010-02-24,28.59000015258789,28.690000534057617,28.309999465942383,28.649999618530273,3.393744945526123,1811000
2010-02-25,31.209999084472656,32.02000045776367,30.3799991607666,31.829999923706055,3.7704336643218994,12704200
2010-02-26,31.309999465942383,32.029998779296875,30.950000762939453,31.75,3.7609574794769287,3313500
2010-03-01,31.899999618530273,32.18000030517578,31.149999618530273,31.18000030517578,3.6934359073638916,2578600
2010-03-02,31.299999237060547,31.729999542236328,31.290000915527344,31.5,3.7313430309295654,2563600
2010-03-03,31.56999969482422,32.0,31.489999771118164,31.649999618530273,3.749110698699951,2333700
2010-03-04,31.729999542236328,32.13999938964844,31.6299991607666,31.950000762939453,3.7846477031707764,3293400
2010-03-05,32.08000183105469,32.45000076293945,31.959999084472656,32.349998474121094,3.832028865814209,2495400
2010-03-08,32.400001525878906,33.04999923706055,32.15999984741211,32.849998474121094,3.8912572860717773,3385400
2010-03-09,32.709999084472656,33.93000030517578,32.63999938964844,33.470001220703125,3.9646987915039062,3405200
2010-03-10,33.5099983215332,33.849998474121094,33.25,33.650001525878906,3.9860212802886963,3696100
2010-03-11,34.439998626708984,35.2400016784668,34.310001373291016,35.029998779296875,4.149489879608154,6035600
2010-03-12,35.209999084472656,35.33000183105469,34.91999816894531,34.970001220703125,4.142383098602295,1687300
2010-03-15,35.400001525878906,35.70000076293945,34.7400016784668,34.95000076293945,4.140012264251709,3032800
2010-03-16,35.45000076293945,36.58000183105469,35.29999923706055,36.470001220703125,4.320065975189209,4579500
2010-03-17,36.79999923706055,36.79999923706055,36.31999969482422,36.68000030517578,4.344940662384033,2607300
2010-03-18,36.68000030517578,37.060001373291016,36.349998474121094,36.66999816894531,4.3615922927856445,3296500
2010-03-19,36.18000030517578,36.849998474121094,36.04999923706055,36.18000030517578,4.303310871124268,3731400
2010-03-22,36.189998626708984,36.93000030517578,36.119998931884766,36.79999923706055,4.37705659866333,2465100
2010-03-23,36.689998626708984,36.970001220703125,36.2599983215332,36.56999969482422,4.349698066711426,2099200
2010-03-24,36.619998931884766,36.619998931884766,36.0099983215332,36.33000183105469,4.321153163909912,2309000
2010-03-25,36.720001220703125,36.75,36.08000183105469,36.130001068115234,4.297364711761475,2283000
2010-03-26,36.310001373291016,36.38999938964844,35.40999984741211,35.79999923706055,4.258114337921143,2726100
2010-03-29,35.970001220703125,35.9900016784668,35.560001373291016,35.63999938964844,4.239083766937256,1904300
2010-03-30,35.7599983215332,36.0099983215332,35.349998474121094,35.630001068115234,4.237893104553223,1647200
2010-03-31,35.68000030517578,35.68000030517578,35.119998931884766,35.16999816894531,4.18317985534668,1651900
2010-04-01,35.2400016784668,35.540000915527344,35.15999984741211,35.47999954223633,4.220051288604736,2632000
2010-04-05,35.689998626708984,35.93000030517578,35.380001068115234,35.470001220703125,4.218862533569336,2168500
2010-04-06,35.290000915527344,35.59000015258789,35.189998626708984,35.45000076293945,4.2164835929870605,1820400
2010-04-07,35.52000045776367,35.52000045776367,34.95000076293945,34.95000076293945,4.157011985778809,2277400
2010-04-08,34.88999938964844,35.47999954223633,34.65999984741211,35.220001220703125,4.189126491546631,1994800
2010-04-09,35.22999954223633,35.22999954223633,34.88999938964844,35.150001525878906,4.180802345275879,1775600
2010-04-12,35.2400016784668,35.279998779296875,34.880001068115234,35.02000045776367,4.165337085723877,1434100
2010-04-13,35.09000015258789,35.11000061035156,34.77000045776367,34.869998931884766,4.147497653961182,1454600
2010-04-14,34.900001525878906,35.119998931884766,34.68000030517578,34.75,4.1332244873046875,2084500
2010-04-15,34.63999938964844,34.689998626708984,34.04999923706055,34.22999954223633,4.071374416351318,3100500
2010-04-16,34.04999923706055,34.400001525878906,33.880001068115234,34.029998779296875,4.047586441040039,2400000
2010-04-19,33.97999954223633,34.20000076293945,33.63999938964844,34.09000015258789,4.054723739624023,1610500
2010-04-20,34.20000076293945,34.290000915527344,33.86000061035156,34.0099983215332,4.045207500457764,1165300
2010-04-21,34.04999923706055,34.36000061035156,33.68000030517578,33.790000915527344,4.019041538238525,1632600
2010-04-22,33.619998931884766,33.720001220703125,33.060001373291016,33.400001525878906,3.972653865814209,1878400
2010-04-23,33.4900016784668,33.77000045776367,33.20000076293945,33.59000015258789,3.9952523708343506,1052800
2010-04-26,33.7400016784668,34.20000076293945,33.650001525878906,34.040000915527344,4.048775672912598,3043900
2010-04-27,33.900001525878906,33.900001525878906,33.130001068115234,33.220001220703125,3.9512438774108887,1779600
2010-04-28,33.27000045776367,33.58000183105469,33.0099983215332,33.5099983215332,3.98573637008667,1807300
2010-04-29,33.59000015258789,34.349998474121094,33.5099983215332,34.349998474121094,4.085647106170654,1949400
2010-04-30,34.27000045776367,34.439998626708984,32.689998626708984,32.72999954223633,3.892963409423828,4313500
2010-05-03,33.90999984741211,34.540000915527344,33.630001068115234,34.189998626708984,4.066617488861084,2442000
2010-05-04,34.060001373291016,34.099998474121094,33.029998779296875,33.22999954223633,3.952432632446289,2987700
2010-05-05,33.0,34.54999923706055,32.709999084472656,33.9900016784668,4.042829990386963,3410900
2010-05-06,34.0,36.0,33.72999954223633,34.369998931884766,4.088026523590088,9009000
2010-05-07,34.4900016784668,36.400001525878906,34.310001373291016,35.720001220703125,4.248597145080566,7388400
2010-05-10,36.77000045776367,36.77000045776367,35.93000030517578,36.619998931884766,4.355646133422852,3735300
2010-05-11,36.130001068115234,37.45000076293945,36.02000045776367,36.779998779296875,4.374676704406738,4002100
2010-05-12,37.400001525878906,38.13999938964844,36.869998931884766,37.869998931884766,4.504322052001953,5570700
2010-05-13,38.5,38.900001525878906,37.79999923706055,37.88999938964844,4.50670051574707,4655200
2010-05-14,37.7599983215332,37.790000915527344,36.75,37.25,4.4305806159973145,2807200
2010-05-17,37.279998779296875,38.20000076293945,37.279998779296875,38.0,4.519783973693848,3094800
2010-05-18,38.22999954223633,38.93000030517578,38.029998779296875,38.119998931884766,4.534059047698975,5207800
2010-05-19,38.0099983215332,38.189998626708984,37.34000015258789,38.06999969482422,4.528109550476074,2752600
2010-05-20,37.33000183105469,37.63999938964844,36.220001220703125,36.27000045776367,4.3140153884887695,3682300
2010-05-21,35.65999984741211,36.93000030517578,35.5,36.720001220703125,4.36754035949707,3528600
2010-05-24,36.619998931884766,37.150001525878906,36.310001373291016,36.83000183105469,4.380624771118164,2364500
2010-05-25,35.939998626708984,37.150001525878906,35.290000915527344,37.11000061035156,4.4139275550842285,3089600
2010-05-26,37.34000015258789,37.84000015258789,37.220001220703125,37.290000915527344,4.435337066650391,2829200
2010-05-27,37.779998779296875,38.34000015258789,37.56999969482422,38.16999816894531,4.540002822875977,3065700
2010-05-28,38.0,38.43000030517578,37.779998779296875,37.86000061035156,4.503133296966553,2467700
2010-06-01,37.59000015258789,38.310001373291016,37.209999084472656,37.650001525878906,4.47815465927124,2766800
2010-06-02,37.709999084472656,38.0,37.290000915527344,37.939998626708984,4.512650012969971,2210100
2010-06-03,38.0,38.41999816894531,37.06999969482422,37.20000076293945,4.424631595611572,4390500
2010-06-04,36.5099983215332,37.220001220703125,35.84000015258789,36.4900016784668,4.340183258056641,4469100
2010-06-07,36.290000915527344,36.310001373291016,35.619998931884766,35.849998474121094,4.2640604972839355,3414000
2010-06-08,35.880001068115234,37.040000915527344,35.72999954223633,36.540000915527344,4.346130847930908,4102600
2010-06-09,36.70000076293945,36.779998779296875,36.0099983215332,36.13999938964844,4.298552513122559,2667400
2010-06-10,36.52000045776367,37.130001068115234,36.52000045776367,36.869998931884766,4.385382175445557,2937000
2010-06-11,36.59000015258789,37.369998931884766,36.59000015258789,37.290000915527344,4.435337066650391,2461900
2010-06-14,37.779998779296875,37.90999984741211,37.34000015258789,37.439998626708984,4.453178405761719,3213100
2010-06-15,37.59000015258789,37.90999984741211,37.43000030517578,37.779998779296875,4.493617534637451,3446900
2010-06-16,37.650001525878906,38.25,37.650001525878906,38.02000045776367,4.522165298461914,2344000
2010-06-17,37.95000076293945,38.25,37.630001068115234,38.2400016784668,4.578437328338623,2747100
2010-06-18,38.16999816894531,38.369998931884766,37.88999938964844,37.959999084472656,4.544912338256836,3541300
2010-06-21,38.25,38.5,37.93000030517578,38.13999938964844,4.566462993621826,3290600
2010-06-22,38.15999984741211,38.380001068115234,37.36000061035156,37.41999816894531,4.480257511138916,4696900
2010-06-23,37.08000183105469,37.689998626708984,36.75,37.290000915527344,4.464693069458008,2498500
2010-06-24,37.09000015258789,37.540000915527344,36.779998779296875,37.18000030517578,4.4515228271484375,2327200
2010-06-25,37.15999984741211,37.220001220703125,36.38999938964844,36.56999969482422,4.378488540649414,3513500
2010-06-28,36.709999084472656,38.20000076293945,36.52000045776367,38.06999969482422,4.558081150054932,3575800
2010-06-29,37.599998474121094,38.060001373291016,37.349998474121094,37.790000915527344,4.524558067321777,10204200
2010-06-30,37.68000030517578,38.08000183105469,37.27000045776367,37.38999938964844,4.476667404174805,4973900
2010-07-01,37.4900016784668,37.54999923706055,36.900001525878906,37.439998626708984,4.4826531410217285,3064200
2010-07-02,37.599998474121094,38.029998779296875,37.25,37.279998779296875,4.463498115539551,1694900
2010-07-06,37.709999084472656,38.09000015258789,37.5,37.970001220703125,4.546109676361084,2582000
2010-07-07,38.02000045776367,38.060001373291016,37.5099983215332,38.0,4.549700736999512,3800400
2010-07-08,38.040000915527344,38.25,37.86000061035156,38.20000076293945,4.573647499084473,2918600
2010-07-09,38.20000076293945,38.7400016784668,38.119998931884766,38.540000915527344,4.614354610443115,4287400
2010-07-12,38.599998474121094,38.689998626708984,38.209999084472656,38.58000183105469,4.619143962860107,3711400
2010-07-13,38.959999084472656,39.310001373291016,38.900001525878906,39.15999984741211,4.6885881423950195,4505800
2010-07-14,39.02000045776367,39.540000915527344,38.88999938964844,39.25,4.699362754821777,3055700
2010-07-15,39.2400016784668,39.4900016784668,38.709999084472656,38.97999954223633,4.667036056518555,4500200
2010-07-16,38.790000915527344,39.029998779296875,38.02000045776367,38.25,4.57963228225708,2278900
2010-07-19,38.369998931884766,38.97999954223633,38.369998931884766,38.880001068115234,4.655063152313232,3166300
2010-07-20,38.369998931884766,39.65999984741211,38.369998931884766,39.599998474121094,4.741267681121826,3253200
2010-07-21,39.79999923706055,39.88999938964844,38.720001220703125,38.880001068115234,4.655063152313232,3760500
2010-07-22,39.150001525878906,39.79999923706055,39.099998474121094,39.599998474121094,4.741267681121826,2017800
2010-07-23,39.630001068115234,39.81999969482422,39.29999923706055,39.81999969482422,4.76760721206665,2030800
2010-07-26,39.81999969482422,40.2400016784668,39.650001525878906,40.099998474121094,4.8011322021484375,2559900
2010-07-27,40.0099983215332,40.0099983215332,39.31999969482422,39.70000076293945,4.753240585327148,2507800
2010-07-28,39.7599983215332,39.880001068115234,37.939998626708984,38.22999954223633,4.577239990234375,5364700
2010-07-29,38.02000045776367,38.279998779296875,36.400001525878906,37.119998931884766,4.444340705871582,5644900
2010-07-30,36.970001220703125,37.84000015258789,36.4900016784668,37.54999923706055,4.49582576751709,3229800
2010-08-02,38.029998779296875,38.29999923706055,37.31999969482422,37.709999084472656,4.514979839324951,2769500
2010-08-03,37.540000915527344,37.849998474121094,37.279998779296875,37.630001068115234,4.505402565002441,1624100
2010-08-04,37.619998931884766,37.83000183105469,37.310001373291016,37.77000045776367,4.522163391113281,1802400
2010-08-05,37.599998474121094,37.619998931884766,37.040000915527344,37.290000915527344,4.464693069458008,2917300
2010-08-06,37.04999923706055,37.279998779296875,36.58000183105469,36.869998931884766,4.414408206939697,2540900
2010-08-09,37.09000015258789,37.459999084472656,36.66999816894531,36.72999954223633,4.397645473480225,2096000
2010-08-10,36.560001373291016,37.59000015258789,36.310001373291016,37.2599983215332,4.461102485656738,2811800
2010-08-11,36.849998474121094,37.15999984741211,36.36000061035156,36.849998474121094,4.412013053894043,2483200
2010-08-12,36.33000183105469,37.029998779296875,36.189998626708984,36.9900016784668,4.428774833679199,2580800
2010-08-13,36.97999954223633,37.06999969482422,36.58000183105469,36.84000015258789,4.41081428527832,1634500
2010-08-16,36.689998626708984,36.88999938964844,36.31999969482422,36.81999969482422,4.408421516418457,3093100
2010-08-17,36.93000030517578,37.040000915527344,36.439998626708984,36.77000045776367,4.402435302734375,3454100
2010-08-18,36.7400016784668,37.04999923706055,36.529998779296875,36.91999816894531,4.420392990112305,2587200
2010-08-19,36.77000045776367,37.02000045776367,36.470001220703125,36.79999923706055,4.406027317047119,3411000
2010-08-20,36.4900016784668,36.849998474121094,36.22999954223633,36.7599983215332,4.401237964630127,1781500
2010-08-23,36.779998779296875,37.0,36.529998779296875,36.529998779296875,4.373699188232422,1376500
2010-08-24,36.08000183105469,37.150001525878906,36.0099983215332,36.900001525878906,4.418001174926758,2468400
2010-08-25,36.650001525878906,37.43000030517578,36.650001525878906,37.220001220703125,4.456313610076904,3384400
2010-08-26,37.41999816894531,37.61000061035156,36.959999084472656,37.06999969482422,4.438353061676025,1618700
2010-08-27,37.16999816894531,37.45000076293945,36.720001220703125,37.380001068115234,4.47546911239624,1147100
2010-08-30,37.380001068115234,37.540000915527344,37.0,37.0,4.429972171783447,1460800
2010-08-31,36.7599983215332,37.099998474121094,36.540000915527344,36.81999969482422,4.408421516418457,2209600
2010-09-01,37.08000183105469,37.7400016784668,36.790000915527344,37.709999084472656,4.514979839324951,1949800
2010-09-02,37.61000061035156,38.04999923706055,37.369998931884766,38.04999923706055,4.555688858032227,1695000
2010-09-03,38.209999084472656,38.380001068115234,37.849998474121094,38.29999923706055,4.5856194496154785,1311100
2010-09-07,38.2400016784668,38.47999954223633,37.880001068115234,38.189998626708984,4.572452068328857,2250300
2010-09-08,38.189998626708984,38.77000045776367,38.08000183105469,38.130001068115234,4.56526517868042,3024500
2010-09-09,38.439998626708984,38.52000045776367,35.54999923706055,35.59000015258789,4.261153221130371,8809900
2010-09-10,35.16999816894531,35.27000045776367,34.34000015258789,34.72999954223633,4.158188343048096,7614300
2010-09-13,35.22999954223633,35.22999954223633,34.59000015258789,34.86000061035156,4.173752784729004,4354400
2010-09-14,34.7599983215332,34.90999984741211,34.560001373291016,34.63999938964844,4.147412300109863,3202300
2010-09-15,34.599998474121094,35.689998626708984,34.5,35.599998474121094,4.262351036071777,4288400
2010-09-16,35.189998626708984,35.25,34.7599983215332,35.189998626708984,4.24306058883667,2023100
2010-09-17,35.220001220703125,35.400001525878906,35.02000045776367,35.310001373291016,4.257528781890869,2860100
2010-09-20,35.279998779296875,35.540000915527344,35.130001068115234,35.38999938964844,4.267175674438477,1763100
2010-09-21,35.290000915527344,35.33000183105469,34.650001525878906,34.79999923706055,4.196033954620361,1973800
2010-09-22,34.630001068115234,34.970001220703125,34.290000915527344,34.43000030517578,4.151422500610352,1892900
2010-09-23,34.220001220703125,34.22999954223633,33.599998474121094,33.939998626708984,4.092339992523193,2708000
2010-09-24,35.040000915527344,35.290000915527344,34.79999923706055,34.95000076293945,4.2141218185424805,2701100
2010-09-27,34.849998474121094,35.08000183105469,34.40999984741211,34.81999969482422,4.198445796966553,2247700
2010-09-28,34.900001525878906,35.7400016784668,34.58000183105469,35.720001220703125,4.306962490081787,2385000
2010-09-29,35.61000061035156,35.70000076293945,35.15999984741211,35.380001068115234,4.265969276428223,1699100
2010-09-30,35.36000061035156,35.86000061035156,35.33000183105469,35.52000045776367,4.2828497886657715,2338200
2010-10-01,35.560001373291016,36.029998779296875,34.83000183105469,35.11000061035156,4.233414649963379,3338800
2010-10-04,34.939998626708984,35.02000045776367,34.540000915527344,34.63999938964844,4.1767425537109375,2145400
2010-10-05,34.939998626708984,35.599998474121094,34.90999984741211,35.4900016784668,4.279234409332275,3174100
2010-10-06,35.349998474121094,35.4900016784668,34.93000030517578,35.08000183105469,4.229795932769775,1463300
2010-10-07,34.630001068115234,35.0099983215332,34.5,34.599998474121094,4.1719207763671875,2690900
2010-10-08,34.54999923706055,34.9900016784668,34.22999954223633,34.72999954223633,4.187596321105957,1878800
2010-10-11,34.79999923706055,34.939998626708984,34.72999954223633,34.880001068115234,4.2056803703308105,851900
2010-10-12,34.790000915527344,34.939998626708984,34.720001220703125,34.779998779296875,4.193624019622803,1260900
2010-10-13,34.849998474121094,35.5,34.75,35.34000015258789,4.26114559173584,2333500
2010-10-14,35.380001068115234,35.560001373291016,34.91999816894531,35.029998779296875,4.223768711090088,1718100
2010-10-15,35.27000045776367,35.369998931884766,34.869998931884766,34.970001220703125,4.216533184051514,1810200
2010-10-18,35.040000915527344,35.040000915527344,34.33000183105469,34.36000061035156,4.14298152923584,1889900
2010-10-19,34.06999969482422,34.16999816894531,33.65999984741211,33.88999938964844,4.086311340332031,1808600
2010-10-20,33.95000076293945,35.119998931884766,33.88999938964844,35.11000061035156,4.233414649963379,2457300
2010-10-21,35.2400016784668,35.86000061035156,35.18000030517578,35.86000061035156,4.323845386505127,2379400
2010-10-22,35.779998779296875,35.97999954223633,35.59000015258789,35.88999938964844,4.3274617195129395,1307200
2010-10-25,36.220001220703125,36.220001220703125,35.810001373291016,35.970001220703125,4.337108612060547,1507500
2010-10-26,35.900001525878906,36.060001373291016,35.619998931884766,35.689998626708984,4.303346633911133,2009000
2010-10-27,34.029998779296875,36.790000915527344,34.0,36.47999954223633,4.398603916168213,5409900
2010-10-28,36.77000045776367,37.0099983215332,36.349998474121094,36.5,4.401011943817139,2226200
2010-10-29,36.5,36.599998474121094,36.27000045776367,36.59000015258789,4.411866188049316,1646700
2010-11-01,36.86000061035156,36.86000061035156,36.439998626708984,36.56999969482422,4.409454345703125,1855300
2010-11-02,36.84000015258789,37.310001373291016,36.70000076293945,37.220001220703125,4.487830638885498,1567600
2010-11-03,37.20000076293945,37.47999954223633,36.77000045776367,37.04999923706055,4.467329978942871,996300
2010-11-04,37.34000015258789,37.540000915527344,37.08000183105469,37.220001220703125,4.487830638885498,1179500
2010-11-05,37.27000045776367,37.45000076293945,37.0,37.150001525878906,4.47938871383667,1068300
2010-11-08,37.119998931884766,37.220001220703125,36.529998779296875,36.58000183105469,4.410660743713379,1392000
2010-11-09,36.63999938964844,36.79999923706055,35.9900016784668,36.09000015258789,4.351577281951904,1844200
2010-11-10,36.029998779296875,36.68000030517578,35.900001525878906,36.540000915527344,4.405837059020996,2053500
2010-11-11,36.36000061035156,36.5099983215332,36.09000015258789,36.189998626708984,4.363635063171387,1856900
2010-11-12,35.9900016784668,36.41999816894531,35.9900016784668,36.18000030517578,4.362429141998291,1129400
2010-11-15,36.2400016784668,36.77000045776367,36.2400016784668,36.56999969482422,4.409454345703125,2749000
2010-11-16,36.61000061035156,37.08000183105469,36.33000183105469,36.43000030517578,4.392573356628418,1662200
2010-11-17,36.279998779296875,36.54999923706055,36.2400016784668,36.41999816894531,4.3913679122924805,1252200
2010-11-18,36.7400016784668,37.33000183105469,36.68000030517578,37.11000061035156,4.4745659828186035,1359800
2010-11-19,37.13999938964844,38.150001525878906,36.900001525878906,37.97999954223633,4.579465389251709,2081000
2010-11-22,37.79999923706055,38.22999954223633,37.68000030517578,38.08000183105469,4.591524600982666,1003700
2010-11-23,37.720001220703125,37.72999954223633,37.2400016784668,37.369998931884766,4.505917072296143,1212900
2010-11-24,37.150001525878906,37.77000045776367,37.150001525878906,37.65999984741211,4.540882587432861,795000
2010-11-26,37.43000030517578,37.5099983215332,37.25,37.290000915527344,4.4962687492370605,428900
2010-11-29,37.02000045776367,37.02000045776367,36.220001220703125,36.56999969482422,4.409454345703125,1626000
2010-11-30,36.40999984741211,36.7599983215332,36.13999938964844,36.630001068115234,4.416688919067383,3121000
2010-12-01,36.939998626708984,37.2400016784668,36.560001373291016,37.060001373291016,4.468535423278809,2300900
2010-12-02,37.029998779296875,37.86000061035156,36.7599983215332,37.790000915527344,4.55655574798584,2275900
2010-12-03,37.619998931884766,37.900001525878906,37.5,37.63999938964844,4.538469314575195,906500
2010-12-06,37.5099983215332,37.5099983215332,36.849998474121094,36.880001068115234,4.44683313369751,1122400
2010-12-07,37.09000015258789,37.29999923706055,36.599998474121094,36.72999954223633,4.428747653961182,1206700
2010-12-08,36.709999084472656,36.88999938964844,35.90999984741211,36.59000015258789,4.411866188049316,2718900
2010-12-09,36.779998779296875,37.63999938964844,36.560001373291016,37.630001068115234,4.537264823913574,2548700
2010-12-10,37.599998474121094,37.599998474121094,37.11000061035156,37.41999816894531,4.511942386627197,1625800
2010-12-13,37.52000045776367,37.63999938964844,36.619998931884766,37.040000915527344,4.46612548828125,2289700
2010-12-14,37.130001068115234,37.279998779296875,36.84000015258789,37.279998779296875,4.495065212249756,1339800
2010-12-15,37.150001525878906,37.36000061035156,36.90999984741211,37.25,4.4914469718933105,2016000
2010-12-16,37.13999938964844,37.189998626708984,36.810001373291016,37.11000061035156,4.504798889160156,1338100
2010-12-17,36.970001220703125,38.029998779296875,36.86000061035156,37.970001220703125,4.609195232391357,5174300
2010-12-20,38.0099983215332,38.040000915527344,36.790000915527344,37.0,4.4914445877075195,3099600
2010-12-21,37.16999816894531,37.220001220703125,36.70000076293945,36.83000183105469,4.4708099365234375,1307800
2010-12-22,36.880001068115234,36.900001525878906,36.209999084472656,36.310001373291016,4.407687187194824,1154400
2010-12-23,36.06999969482422,36.41999816894531,36.0,36.2400016784668,4.399190902709961,1133200
2010-12-27,36.08000183105469,36.349998474121094,35.849998474121094,36.029998779296875,4.373698711395264,1115500
2010-12-28,36.11000061035156,36.130001068115234,35.79999923706055,36.0,4.37005615234375,921900
2010-12-29,35.959999084472656,36.06999969482422,35.720001220703125,35.79999923706055,4.345777988433838,1497000
2010-12-30,35.709999084472656,35.84000015258789,35.439998626708984,35.66999816894531,4.329996585845947,1024100
2010-12-31,35.56999969482422,35.66999816894531,35.119998931884766,35.15999984741211,4.268086910247803,1315500
2011-01-03,35.33000183105469,35.54999923706055,35.04999923706055,35.38999938964844,4.296008110046387,1718200
2011-01-04,35.5,35.560001373291016,35.029998779296875,35.5,4.309359073638916,2035000
2011-01-05,35.380001068115234,36.439998626708984,35.2599983215332,36.25,4.40040397644043,3159600
2011-01-06,36.09000015258789,36.720001220703125,36.06999969482422,36.58000183105469,4.440463066101074,2351100
2011-01-07,36.400001525878906,36.529998779296875,35.310001373291016,35.439998626708984,4.30207633972168,3353000
2011-01-10,35.27000045776367,35.540000915527344,35.0,35.08000183105469,4.258375644683838,2575200
2011-01-11,35.150001525878906,35.75,35.02000045776367,35.630001068115234,4.325141906738281,2662900
2011-01-12,35.75,36.20000076293945,35.43000030517578,35.86000061035156,4.353060245513916,2268900
2011-01-13,35.79999923706055,36.099998474121094,35.54999923706055,35.75,4.3397088050842285,1417700
2011-01-14,35.61000061035156,35.72999954223633,35.31999969482422,35.54999923706055,4.315428733825684,976200
2011-01-18,35.52000045776367,35.66999816894531,35.34000015258789,35.34000015258789,4.289936542510986,1249600
2011-01-19,35.47999954223633,35.54999923706055,34.959999084472656,35.380001068115234,4.294793128967285,1650200
2011-01-20,35.2599983215332,35.459999084472656,35.0,35.02000045776367,4.251092910766602,1851100
2011-01-21,35.209999084472656,35.369998931884766,34.880001068115234,35.18000030517578,4.270514965057373,2149400
2011-01-24,35.11000061035156,35.279998779296875,34.779998779296875,34.939998626708984,4.24138069152832,1827500
2011-01-25,34.880001068115234,35.7599983215332,34.83000183105469,35.41999816894531,4.299648284912109,3104000
2011-01-26,35.56999969482422,35.7400016784668,35.2400016784668,35.369998931884766,4.293581008911133,1538000
2011-01-27,35.310001373291016,35.959999084472656,35.220001220703125,35.41999816894531,4.299648284912109,1478400
2011-01-28,35.45000076293945,35.84000015258789,34.75,34.84000015258789,4.229242324829102,1293100
2011-01-31,34.91999816894531,35.47999954223633,34.81999969482422,35.43000030517578,4.3008623123168945,1700800
2011-02-01,35.630001068115234,35.88999938964844,35.31999969482422,35.349998474121094,4.2911505699157715,1527100
2011-02-02,35.310001373291016,35.47999954223633,34.91999816894531,35.38999938964844,4.296008110046387,1403000
2011-02-03,35.27000045776367,35.56999969482422,34.959999084472656,35.27000045776367,4.2814412117004395,1465200
2011-02-04,35.220001220703125,35.63999938964844,35.13999938964844,35.63999938964844,4.326355934143066,1043100
2011-02-07,35.560001373291016,36.029998779296875,35.5,35.709999084472656,4.334851264953613,1294400
2011-02-08,35.630001068115234,35.75,35.08000183105469,35.2599983215332,4.280224800109863,4009300
2011-02-09,35.27000045776367,35.540000915527344,35.02000045776367,35.18000030517578,4.270514965057373,1012500
2011-02-10,34.97999954223633,34.9900016784668,33.779998779296875,33.959999084472656,4.122419357299805,3896100
2011-02-11,33.869998931884766,34.459999084472656,33.689998626708984,33.959999084472656,4.122419357299805,2966200
2011-02-14,34.0099983215332,34.16999816894531,33.720001220703125,33.72999954223633,4.094499111175537,2231600
2011-02-15,33.720001220703125,34.04999923706055,33.68000030517578,34.0,4.127275466918945,2190400
2011-02-16,34.08000183105469,34.709999084472656,33.83000183105469,34.25,4.157621383666992,2676800
2011-02-17,35.79999923706055,36.29999923706055,35.0099983215332,36.20000076293945,4.394332408905029,4536000
2011-02-18,36.27000045776367,36.59000015258789,35.779998779296875,36.40999984741211,4.419826030731201,2295300
2011-02-22,36.09000015258789,36.27000045776367,35.63999938964844,35.79999923706055,4.345777988433838,1939900
2011-02-23,35.709999084472656,35.93000030517578,35.36000061035156,35.54999923706055,4.315428733825684,2027200
2011-02-24,35.65999984741211,36.290000915527344,35.54999923706055,35.84000015258789,4.3506340980529785,1781700
2011-02-25,35.90999984741211,36.45000076293945,35.810001373291016,36.43000030517578,4.422253131866455,1229000
2011-02-28,36.439998626708984,36.5,36.0099983215332,36.060001373291016,4.3773393630981445,2191200
2011-03-01,36.220001220703125,36.63999938964844,36.09000015258789,36.5099983215332,4.4319634437561035,2431500
2011-03-02,36.38999938964844,36.79999923706055,36.25,36.41999816894531,4.42103910446167,2013000
2011-03-03,36.650001525878906,37.36000061035156,36.650001525878906,37.310001373291016,4.529077053070068,2132700
2011-03-04,37.209999084472656,37.459999084472656,37.099998474121094,37.40999984741211,4.541215419769287,2334300
2011-03-07,37.40999984741211,37.779998779296875,37.22999954223633,37.349998474121094,4.533932209014893,2959900
2011-03-08,37.4900016784668,37.90999984741211,37.33000183105469,37.58000183105469,4.561851978302002,1680800
2011-03-09,37.619998931884766,38.040000915527344,37.58000183105469,37.970001220703125,4.609195232391357,1784600
2011-03-10,37.630001068115234,37.70000076293945,37.0099983215332,37.2599983215332,4.523007392883301,2868000
2011-03-11,37.43000030517578,37.709999084472656,37.29999923706055,37.470001220703125,4.54849910736084,1564000
2011-03-14,37.459999084472656,37.849998474121094,37.31999969482422,37.70000076293945,4.576419830322266,1788300
2011-03-15,37.08000183105469,37.650001525878906,36.720001220703125,37.41999816894531,4.542428970336914,1770600
2011-03-16,37.380001068115234,37.72999954223633,36.90999984741211,36.9900016784668,4.490231513977051,1979100
2011-03-17,37.119998931884766,37.560001373291016,37.04999923706055,37.2599983215332,4.553783416748047,2826000
2011-03-18,37.4900016784668,37.959999084472656,37.400001525878906,37.880001068115234,4.629559516906738,2730800
2011-03-21,38.08000183105469,38.150001525878906,36.93000030517578,37.0,4.522007942199707,2069100
2011-03-22,37.040000915527344,37.400001525878906,36.86000061035156,37.380001068115234,4.568450450897217,1517400
2011-03-23,37.2400016784668,37.88999938964844,37.2400016784668,37.70000076293945,4.607560157775879,1314100
2011-03-24,37.75,38.25,37.65999984741211,37.880001068115234,4.629559516906738,1155900
2011-03-25,37.95000076293945,38.209999084472656,37.810001373291016,37.880001068115234,4.629559516906738,889400
2011-03-28,37.400001525878906,37.790000915527344,36.9900016784668,37.310001373291016,4.559894561767578,1587400
2011-03-29,37.2599983215332,37.66999816894531,37.13999938964844,37.54999923706055,4.589227676391602,1052200
2011-03-30,37.720001220703125,37.790000915527344,36.810001373291016,37.40999984741211,4.572116374969482,2636200
2011-03-31,37.349998474121094,37.5,36.9900016784668,37.15999984741211,4.541563510894775,2161000
2011-04-01,37.349998474121094,37.7599983215332,37.310001373291016,37.5099983215332,4.58433723449707,2593300
2011-04-04,37.58000183105469,37.95000076293945,37.45000076293945,37.7400016784668,4.6124491691589355,1257200
2011-04-05,37.59000015258789,37.810001373291016,37.38999938964844,37.40999984741211,4.572116374969482,1146000
2011-04-06,37.529998779296875,37.689998626708984,37.400001525878906,37.56999969482422,4.591670989990234,1164900
2011-04-07,37.529998779296875,37.93000030517578,37.4900016784668,37.650001525878906,4.6014485359191895,1408700
2011-04-08,37.86000061035156,38.150001525878906,37.290000915527344,37.459999084472656,4.578227996826172,1513300
2011-04-11,36.59000015258789,38.16999816894531,36.20000076293945,38.150001525878906,4.662557125091553,3976900
2011-04-12,37.959999084472656,39.88999938964844,37.91999816894531,38.66999816894531,4.726109504699707,4588200
2011-04-13,38.70000076293945,38.790000915527344,38.16999816894531,38.54999923706055,4.71144437789917,2404400
2011-04-14,38.400001525878906,38.95000076293945,38.150001525878906,38.65999984741211,4.724885940551758,1959800
2011-04-15,38.439998626708984,38.790000915527344,38.27000045776367,38.310001373291016,4.682111740112305,2433300
2011-04-18,37.939998626708984,38.65999984741211,37.84000015258789,38.540000915527344,4.710221767425537,2076300
2011-04-19,38.5,38.849998474121094,38.279998779296875,38.81999969482422,4.744441509246826,1730900
2011-04-20,39.040000915527344,39.13999938964844,38.81999969482422,38.869998931884766,4.750553131103516,1384400
2011-04-21,38.90999984741211,39.41999816894531,38.709999084472656,39.06999969482422,4.774996280670166,1230000
2011-04-25,38.9900016784668,38.9900016784668,38.70000076293945,38.75,4.735886573791504,1347400
2011-04-26,38.7400016784668,38.869998931884766,38.400001525878906,38.630001068115234,4.721221446990967,2800000
2011-04-27,39.540000915527344,40.43000030517578,39.470001220703125,40.060001373291016,4.89599084854126,4116600
2011-04-28,40.099998474121094,40.099998474121094,39.29999923706055,39.619998931884766,4.842216491699219,2695600
2011-04-29,39.689998626708984,39.790000915527344,39.16999816894531,39.20000076293945,4.790884971618652,1540100
2011-05-02,39.400001525878906,39.63999938964844,39.04999923706055,39.38999938964844,4.814104080200195,1975800
2011-05-03,39.349998474121094,39.72999954223633,39.209999084472656,39.720001220703125,4.854437828063965,1910100
2011-05-04,39.619998931884766,39.81999969482422,39.029998779296875,39.209999084472656,4.7921061515808105,1872100
2011-05-05,39.08000183105469,39.45000076293945,38.90999984741211,39.279998779296875,4.800662994384766,1335900
2011-05-06,39.380001068115234,39.849998474121094,39.119998931884766,39.279998779296875,4.800662994384766,1743200
2011-05-09,39.189998626708984,39.4900016784668,39.130001068115234,39.380001068115234,4.8128838539123535,1599100
2011-05-10,39.459999084472656,39.650001525878906,39.27000045776367,39.650001525878906,4.845882415771484,915300
2011-05-11,39.90999984741211,40.790000915527344,39.88999938964844,40.75,4.980319499969482,3895100
2011-05-12,40.099998474121094,41.5099983215332,39.58000183105469,41.41999816894531,5.062204360961914,3763500
2011-05-13,41.54999923706055,42.06999969482422,41.52000045776367,41.779998779296875,5.106202602386475,2401900
2011-05-16,41.63999938964844,41.900001525878906,41.5,41.86000061035156,5.115981578826904,1799500
2011-05-17,41.84000015258789,42.27000045776367,41.720001220703125,42.220001220703125,5.159977436065674,1696600
2011-05-18,42.150001525878906,42.150001525878906,41.40999984741211,41.63999938964844,5.089091777801514,2099900
2011-05-19,42.369998931884766,42.369998931884766,41.88999938964844,42.279998779296875,5.167312145233154,1719600
2011-05-20,42.279998779296875,42.439998626708984,41.810001373291016,42.099998474121094,5.1453118324279785,1612600
2011-05-23,41.790000915527344,41.97999954223633,41.560001373291016,41.900001525878906,5.120870113372803,1432500
2011-05-24,41.900001525878906,42.119998931884766,41.72999954223633,41.90999984741211,5.1220903396606445,1652200
2011-05-25,41.790000915527344,41.79999923706055,41.31999969482422,41.439998626708984,5.064651012420654,1578400
2011-05-26,41.36000061035156,41.619998931884766,41.2400016784668,41.560001373291016,5.079314708709717,2049000
2011-05-27,41.4900016784668,41.90999984741211,40.97999954223633,41.060001373291016,5.0182061195373535,2543300
2011-05-31,41.29999923706055,41.459999084472656,40.79999923706055,41.20000076293945,5.035318374633789,2686300
2011-06-01,41.150001525878906,41.16999816894531,40.90999984741211,40.939998626708984,5.003540992736816,1940900
2011-06-02,40.97999954223633,41.130001068115234,40.54999923706055,40.7599983215332,4.981542587280273,1527900
2011-06-03,40.47999954223633,40.560001373291016,40.16999816894531,40.29999923706055,4.925323009490967,1380700
2011-06-06,40.36000061035156,40.40999984741211,40.0099983215332,40.06999969482422,4.897212505340576,1171700
2011-06-07,40.20000076293945,40.380001068115234,40.08000183105469,40.16999816894531,4.909433841705322,1644400
2011-06-08,40.20000076293945,40.20000076293945,39.689998626708984,39.7400016784668,4.856881141662598,1651800
2011-06-09,39.75,40.119998931884766,39.709999084472656,39.90999984741211,4.877655506134033,1564800
2011-06-10,39.79999923706055,40.47999954223633,39.790000915527344,40.310001373291016,4.926545143127441,1905600
2011-06-13,40.290000915527344,41.150001525878906,40.099998474121094,40.77000045776367,4.98276424407959,2232700
2011-06-14,41.02000045776367,41.209999084472656,40.77000045776367,41.119998931884766,5.025537967681885,2341900
2011-06-15,40.869998931884766,41.0,40.47999954223633,40.720001220703125,4.976653575897217,2136900
2011-06-16,40.599998474121094,40.84000015258789,40.310001373291016,40.68000030517578,5.01114559173584,1697900
2011-06-17,40.939998626708984,41.20000076293945,40.380001068115234,40.540000915527344,4.993900299072266,2137400
2011-06-20,40.54999923706055,40.90999984741211,40.459999084472656,40.900001525878906,5.0382466316223145,1191100
2011-06-21,40.91999816894531,41.18000030517578,40.7400016784668,40.810001373291016,5.027159690856934,1386700
2011-06-22,40.599998474121094,40.79999923706055,40.439998626708984,40.439998626708984,4.9815826416015625,1438500
2011-06-23,40.060001373291016,40.130001068115234,39.54999923706055,40.040000915527344,4.932307720184326,3028900
2011-06-24,40.130001068115234,40.45000076293945,39.810001373291016,39.88999938964844,4.913829326629639,3605800
2011-06-27,40.02000045776367,40.83000183105469,40.0099983215332,40.54999923706055,4.995131015777588,1423200
2011-06-28,40.599998474121094,40.79999923706055,40.400001525878906,40.779998779296875,5.023463726043701,1821700
2011-06-29,40.88999938964844,41.5,40.81999969482422,41.40999984741211,5.101070880889893,1985200
2011-06-30,41.400001525878906,42.41999816894531,41.36000061035156,41.93000030517578,5.165124416351318,2584400
2011-07-01,41.849998474121094,42.209999084472656,41.689998626708984,42.150001525878906,5.192227840423584,1577900
2011-07-05,42.150001525878906,43.130001068115234,42.150001525878906,42.7400016784668,5.264907360076904,2648300
2011-07-06,42.59000015258789,43.099998474121094,42.45000076293945,42.810001373291016,5.273529052734375,2146800
2011-07-07,42.83000183105469,42.959999084472656,41.650001525878906,41.650001525878906,5.1306328773498535,3109400
2011-07-08,41.470001220703125,42.099998474121094,41.40999984741211,41.91999816894531,5.1638946533203125,2159400
2011-07-11,41.709999084472656,41.72999954223633,41.11000061035156,41.2599983215332,5.082592487335205,1186300
2011-07-12,41.290000915527344,41.630001068115234,41.2599983215332,41.459999084472656,5.107227802276611,1471600
2011-07-13,41.54999923706055,41.720001220703125,41.290000915527344,41.470001220703125,5.108461380004883,1363900
2011-07-14,41.459999084472656,41.459999084472656,40.849998474121094,40.869998931884766,5.03455114364624,1947000
2011-07-15,40.91999816894531,41.04999923706055,40.619998931884766,40.83000183105469,5.029623031616211,1356000
2011-07-18,40.58000183105469,40.61000061035156,39.61000061035156,39.77000045776367,4.899047374725342,2397900
2011-07-19,40.0,40.83000183105469,39.90999984741211,40.779998779296875,5.023463726043701,1887000
2011-07-20,40.720001220703125,40.90999984741211,40.380001068115234,40.77000045776367,5.022232532501221,1035600
2011-07-21,40.959999084472656,41.0,40.36000061035156,40.4900016784668,4.987741947174072,2017000
2011-07-22,40.66999816894531,40.709999084472656,40.31999969482422,40.36000061035156,4.971726417541504,1402200
2011-07-25,40.029998779296875,40.029998779296875,39.61000061035156,39.720001220703125,4.892889499664307,2698900
2011-07-26,39.90999984741211,39.90999984741211,39.560001373291016,39.63999938964844,4.88303279876709,2178100
2011-07-27,39.75,39.75,38.29999923706055,38.630001068115234,4.758617877960205,3144100
2011-07-28,38.59000015258789,38.65999984741211,37.97999954223633,38.25,4.711806774139404,2191200
2011-07-29,37.790000915527344,38.2400016784668,37.56999969482422,37.7599983215332,4.651447296142578,1969200
2011-08-01,38.0099983215332,38.189998626708984,37.38999938964844,37.56999969482422,4.628040313720703,1948000
2011-08-02,37.279998779296875,37.66999816894531,37.27000045776367,37.310001373291016,4.596014022827148,2360000
2011-08-03,37.310001373291016,38.040000915527344,37.13999938964844,37.88999938964844,4.667459964752197,2287700
2011-08-04,37.470001220703125,37.66999816894531,36.47999954223633,36.58000183105469,4.506089687347412,3174900
2011-08-05,36.849998474121094,37.70000076293945,36.70000076293945,37.439998626708984,4.612029075622559,4013300
2011-08-08,36.83000183105469,37.04999923706055,35.560001373291016,35.560001373291016,4.380442142486572,4437500
2011-08-09,35.86000061035156,36.2400016784668,34.369998931884766,36.220001220703125,4.461742401123047,4043800
2011-08-10,35.72999954223633,36.77000045776367,34.91999816894531,35.0099983215332,4.312690258026123,2677100
2011-08-11,35.150001525878906,37.0099983215332,34.91999816894531,36.630001068115234,4.512247085571289,2063100
2011-08-12,36.75,37.77000045776367,36.560001373291016,37.43000030517578,4.610796928405762,1873300
2011-08-15,37.4900016784668,37.560001373291016,36.66999816894531,37.04999923706055,4.5639848709106445,2803500
2011-08-16,36.790000915527344,37.2400016784668,36.56999969482422,36.88999938964844,4.544275283813477,1885700
2011-08-17,37.189998626708984,37.380001068115234,36.810001373291016,37.18000030517578,4.579998970031738,1892600
2011-08-18,36.45000076293945,36.540000915527344,35.77000045776367,36.27000045776367,4.467901229858398,1909900
2011-08-19,36.029998779296875,36.4900016784668,35.58000183105469,35.7400016784668,4.402615070343018,1642500
2011-08-22,36.279998779296875,36.279998779296875,35.70000076293945,35.83000183105469,4.413700580596924,1149300
2011-08-23,35.93000030517578,36.5,35.650001525878906,36.41999816894531,4.486379146575928,1851100
2011-08-24,36.2400016784668,36.52000045776367,35.939998626708984,36.09000015258789,4.445728302001953,1472900
2011-08-25,36.18000030517578,36.29999923706055,35.54999923706055,35.59000015258789,4.3841352462768555,1598300
2011-08-26,35.47999954223633,36.56999969482422,34.93000030517578,36.56999969482422,4.504856586456299,1745200
2011-08-29,36.93000030517578,37.84000015258789,36.84000015258789,37.84000015258789,4.6613006591796875,1244300
2011-08-30,37.630001068115234,38.189998626708984,37.400001525878906,38.06999969482422,4.689632892608643,1765000
2011-08-31,38.2599983215332,38.59000015258789,38.15999984741211,38.47999954223633,4.740139484405518,1748800
2011-09-01,38.38999938964844,38.470001220703125,38.0,38.22999954223633,4.709342956542969,1822900
2011-09-02,37.630001068115234,37.959999084472656,37.52000045776367,37.72999954223633,4.6477508544921875,1787000
2011-09-06,36.79999923706055,37.4900016784668,36.529998779296875,37.43000030517578,4.610796928405762,1897400
2011-09-07,37.83000183105469,37.900001525878906,37.470001220703125,37.59000015258789,4.630505084991455,1555700
2011-09-08,37.400001525878906,37.720001220703125,37.29999923706055,37.349998474121094,4.6009392738342285,2223300
2011-09-09,37.02000045776367,37.04999923706055,36.599998474121094,36.849998474121094,4.539348602294922,3735400
2011-09-12,36.41999816894531,36.959999084472656,36.349998474121094,36.83000183105469,4.536884784698486,4301000
2011-09-13,36.90999984741211,37.75,36.84000015258789,37.560001373291016,4.626808166503906,1738600
2011-09-14,37.619998931884766,38.34000015258789,37.2599983215332,38.0099983215332,4.682244300842285,2011800
2011-09-15,37.81999969482422,38.060001373291016,37.41999816894531,37.939998626708984,4.713301181793213,1583100
2011-09-16,38.08000183105469,38.54999923706055,38.0,38.43000030517578,4.774174213409424,1893000
2011-09-19,37.880001068115234,38.08000183105469,37.599998474121094,37.90999984741211,4.709575176239014,682800
2011-09-20,38.0099983215332,38.65999984741211,37.90999984741211,38.20000076293945,4.745601177215576,1186900
2011-09-21,38.25,38.369998931884766,37.369998931884766,37.369998931884766,4.642488956451416,2152600
2011-09-22,36.58000183105469,37.810001373291016,36.369998931884766,37.560001373291016,4.666091442108154,2328700
2011-09-23,37.31999969482422,37.45000076293945,36.77000045776367,36.970001220703125,4.5927958488464355,2883600
2011-09-26,37.18000030517578,37.34000015258789,36.540000915527344,37.22999954223633,4.625096321105957,1957600
2011-09-27,37.689998626708984,37.95000076293945,37.08000183105469,37.20000076293945,4.621369361877441,2208000
2011-09-28,37.33000183105469,37.599998474121094,36.470001220703125,36.5099983215332,4.535651206970215,1474900
2011-09-29,36.95000076293945,38.15999984741211,36.900001525878906,38.15999984741211,4.740632057189941,2393700
2011-09-30,37.83000183105469,39.040000915527344,37.72999954223633,38.779998779296875,4.817654132843018,2821800
2011-10-03,38.5099983215332,38.880001068115234,37.22999954223633,37.2400016784668,4.626339435577393,2365100
2011-10-04,36.869998931884766,37.52000045776367,36.34000015258789,37.459999084472656,4.653670787811279,2100000
2011-10-05,37.52000045776367,37.599998474121094,36.75,37.02000045776367,4.599007606506348,1737700
2011-10-06,36.91999816894531,37.83000183105469,36.59000015258789,37.810001373291016,4.697149276733398,1766700
2011-10-07,38.08000183105469,38.83000183105469,37.880001068115234,38.470001220703125,4.779142379760742,2037400
2011-10-10,39.099998474121094,39.25,38.720001220703125,39.2400016784668,4.8747992515563965,1386400
2011-10-11,39.0,39.13999938964844,38.7400016784668,38.939998626708984,4.837531089782715,1553600
2011-10-12,39.099998474121094,39.810001373291016,38.97999954223633,39.720001220703125,4.934432029724121,2249700
2011-10-13,39.47999954223633,39.93000030517578,39.27000045776367,39.70000076293945,4.93194580078125,1184000
2011-10-14,39.900001525878906,40.02000045776367,39.63999938964844,39.79999923706055,4.944368362426758,1124800
2011-10-17,39.709999084472656,39.81999969482422,39.029998779296875,39.220001220703125,4.872315406799316,1297500
2011-10-18,39.119998931884766,39.81999969482422,38.459999084472656,39.47999954223633,4.90461540222168,1422800
2011-10-19,39.380001068115234,39.75,39.150001525878906,39.220001220703125,4.872315406799316,1230600
2011-10-20,39.310001373291016,39.540000915527344,39.130001068115234,39.439998626708984,4.899646282196045,1073900
2011-10-21,39.91999816894531,40.119998931884766,39.84000015258789,40.08000183105469,4.979152202606201,2250500
2011-10-24,40.029998779296875,40.25,39.9900016784668,40.119998931884766,4.984121322631836,1740700
2011-10-25,39.97999954223633,40.2400016784668,39.310001373291016,39.34000015258789,4.887223243713379,1855500
2011-10-26,39.75,40.04999923706055,37.13999938964844,37.90999984741211,4.709575176239014,4602200
2011-10-27,38.65999984741211,38.65999984741211,36.59000015258789,36.849998474121094,4.577888488769531,4769100
2011-10-28,37.130001068115234,37.63999938964844,36.84000015258789,37.38999938964844,4.644974708557129,2746300
2011-10-31,36.9900016784668,38.16999816894531,36.970001220703125,37.45000076293945,4.652428150177002,2270000
2011-11-01,36.88999938964844,37.08000183105469,36.439998626708984,36.599998474121094,4.546830654144287,2002400
2011-11-02,37.029998779296875,37.56999969482422,36.75,37.09000015258789,4.6077046394348145,1521600
2011-11-03,37.310001373291016,37.790000915527344,37.08000183105469,37.720001220703125,4.685969352722168,1436700
2011-11-04,37.439998626708984,37.4900016784668,37.029998779296875,37.130001068115234,4.612674236297607,1825400
2011-11-07,37.22999954223633,37.470001220703125,36.630001068115234,37.400001525878906,4.646215915679932,1917500
2011-11-08,37.38999938964844,37.45000076293945,36.75,37.08000183105469,4.606462478637695,1927500
2011-11-09,36.529998779296875,36.79999923706055,36.20000076293945,36.4900016784668,4.533164978027344,1806500
2011-11-10,36.88999938964844,37.41999816894531,36.56999969482422,37.400001525878906,4.646215915679932,2266700
2011-11-11,37.63999938964844,37.68000030517578,37.16999816894531,37.189998626708984,4.620127201080322,1680500
2011-11-14,37.16999816894531,37.38999938964844,36.459999084472656,36.529998779296875,4.538135051727295,1502600
2011-11-15,36.540000915527344,36.86000061035156,36.459999084472656,36.720001220703125,4.561739921569824,1177800
2011-11-16,36.4900016784668,36.75,36.0,36.06999969482422,4.4809889793396,1633000
2011-11-17,36.0,36.47999954223633,35.54999923706055,35.790000915527344,4.4462056159973145,1644300
2011-11-18,36.18000030517578,37.02000045776367,36.04999923706055,36.720001220703125,4.561739921569824,2886000
2011-11-21,36.29999923706055,36.599998474121094,35.83000183105469,35.83000183105469,4.451173305511475,1601700
2011-11-22,35.7400016784668,35.849998474121094,35.47999954223633,35.68000030517578,4.432541847229004,1121100
2011-11-23,35.290000915527344,35.31999969482422,34.720001220703125,34.779998779296875,4.320732116699219,1472300
2011-11-25,34.68000030517578,35.22999954223633,34.650001525878906,34.959999084472656,4.343093395233154,497400
2011-11-28,35.43000030517578,35.84000015258789,35.33000183105469,35.70000076293945,4.435025215148926,2283400
2011-11-29,35.869998931884766,36.04999923706055,35.47999954223633,35.56999969482422,4.4188737869262695,2928700
2011-11-30,36.220001220703125,36.81999969482422,36.220001220703125,36.529998779296875,4.538135051727295,2183800
2011-12-01,36.61000061035156,37.060001373291016,36.540000915527344,36.63999938964844,4.551801681518555,1155500
2011-12-02,36.81999969482422,36.88999938964844,36.599998474121094,36.689998626708984,4.558009624481201,961800
2011-12-05,37.09000015258789,37.709999084472656,37.08000183105469,37.70000076293945,4.683485984802246,1865700
2011-12-06,37.810001373291016,37.900001525878906,37.439998626708984,37.560001373291016,4.666091442108154,1301700
2011-12-07,37.560001373291016,37.84000015258789,37.380001068115234,37.72999954223633,4.687211990356445,1201500
2011-12-08,37.599998474121094,38.130001068115234,37.599998474121094,37.91999816894531,4.710815906524658,1576600
2011-12-09,37.81999969482422,37.970001220703125,37.65999984741211,37.81999969482422,4.69839334487915,1253000
2011-12-12,37.790000915527344,37.790000915527344,37.2599983215332,37.779998779296875,4.693422317504883,1444100
2011-12-13,37.93000030517578,38.4900016784668,37.59000015258789,37.65999984741211,4.678515911102295,1892100
2011-12-14,37.709999084472656,37.93000030517578,37.4900016784668,37.779998779296875,4.693422317504883,1514800
2011-12-15,37.689998626708984,38.36000061035156,37.470001220703125,38.20000076293945,4.786140441894531,2092900
2011-12-16,38.36000061035156,39.029998779296875,38.25,38.810001373291016,4.862568378448486,3245100
2011-12-19,38.939998626708984,39.150001525878906,38.369998931884766,38.529998779296875,4.827486038208008,1788400
2011-12-20,38.790000915527344,39.529998779296875,38.790000915527344,39.2400016784668,4.91644287109375,1876900
2011-12-21,39.2400016784668,39.720001220703125,39.15999984741211,39.31999969482422,4.92646598815918,1752000
2011-12-22,39.36000061035156,39.52000045776367,39.09000015258789,39.279998779296875,4.921455383300781,1124200
2011-12-23,39.349998474121094,39.880001068115234,39.20000076293945,39.83000183105469,4.990365505218506,885700
2011-12-27,39.849998474121094,40.060001373291016,39.77000045776367,39.880001068115234,4.996628284454346,1270600
2011-12-28,39.900001525878906,39.939998626708984,39.36000061035156,39.40999984741211,4.937742233276367,980600
2011-12-29,39.540000915527344,40.060001373291016,39.52000045776367,39.90999984741211,5.000386714935303,907100
2011-12-30,39.86000061035156,39.97999954223633,39.349998474121094,39.47999954223633,4.9465131759643555,857600
2012-01-03,39.869998931884766,39.97999954223633,37.810001373291016,38.34000015258789,4.803679943084717,3213100
2012-01-04,38.31999969482422,38.650001525878906,38.310001373291016,38.54999923706055,4.829992294311523,1517300
2012-01-05,38.529998779296875,38.869998931884766,38.29999923706055,38.790000915527344,4.860061168670654,2057700
2012-01-06,38.779998779296875,38.810001373291016,38.47999954223633,38.52000045776367,4.82623291015625,1126600
2012-01-09,38.61000061035156,38.7400016784668,38.5,38.52000045776367,4.82623291015625,715800
2012-01-10,38.70000076293945,38.79999923706055,38.47999954223633,38.619998931884766,4.838762283325195,1065700
2012-01-11,38.41999816894531,38.52000045776367,38.060001373291016,38.150001525878906,4.7798752784729,1453800
2012-01-12,38.15999984741211,38.34000015258789,37.77000045776367,37.959999084472656,4.756069660186768,1618500
2012-01-13,37.18000030517578,37.95000076293945,36.5099983215332,37.81999969482422,4.738529205322266,2768800
2012-01-17,38.18000030517578,38.38999938964844,37.560001373291016,37.630001068115234,4.714724063873291,1244900
2012-01-18,37.56999969482422,37.779998779296875,37.43000030517578,37.720001220703125,4.725999355316162,1397200
2012-01-19,37.59000015258789,37.72999954223633,37.22999954223633,37.33000183105469,4.677135467529297,1928000
2012-01-20,37.33000183105469,37.70000076293945,37.029998779296875,37.66999816894531,4.719735145568848,2385200
2012-01-23,37.619998931884766,38.33000183105469,37.619998931884766,38.09000015258789,4.77235746383667,1273800
2012-01-24,37.869998931884766,38.060001373291016,37.720001220703125,37.79999923706055,4.736021518707275,1495300
2012-01-25,37.65999984741211,38.86000061035156,37.619998931884766,38.7599983215332,4.85629940032959,1928000
2012-01-26,39.029998779296875,39.66999816894531,38.86000061035156,39.08000183105469,4.896397113800049,2485300
2012-01-27,38.900001525878906,39.0,38.70000076293945,38.709999084472656,4.85003662109375,1413000
2012-01-30,38.529998779296875,38.689998626708984,38.209999084472656,38.369998931884766,4.807436943054199,1526100
2012-01-31,38.560001373291016,38.84000015258789,38.400001525878906,38.81999969482422,4.8638200759887695,1485500
2012-02-01,38.90999984741211,39.349998474121094,38.869998931884766,39.04999923706055,4.892636775970459,1383400
2012-02-02,38.900001525878906,39.290000915527344,38.88999938964844,39.08000183105469,4.896397113800049,1330000
2012-02-03,38.720001220703125,39.27000045776367,38.27000045776367,38.650001525878906,4.842520713806152,2725500
2012-02-06,38.439998626708984,38.75,38.220001220703125,38.33000183105469,4.802428245544434,1857000
2012-02-07,38.349998474121094,38.7400016784668,38.290000915527344,38.459999084472656,4.818715572357178,1735800
2012-02-08,38.40999984741211,38.7400016784668,38.099998474121094,38.18000030517578,4.783632755279541,1869900
2012-02-09,38.040000915527344,38.15999984741211,37.75,38.130001068115234,4.777368545532227,1794400
2012-02-10,37.790000915527344,38.52000045776367,37.72999954223633,38.5099983215332,4.824978351593018,1897900
2012-02-13,38.59000015258789,38.77000045776367,38.27000045776367,38.63999938964844,4.841266632080078,1439900
2012-02-14,38.720001220703125,39.150001525878906,38.5,39.11000061035156,4.900155067443848,1717400
2012-02-15,40.599998474121094,41.77000045776367,39.5,39.900001525878906,4.999135971069336,4420600
2012-02-16,39.810001373291016,40.34000015258789,39.58000183105469,40.0,5.011663913726807,2675700
2012-02-17,40.130001068115234,40.18000030517578,39.36000061035156,39.54999923706055,4.955283164978027,2427700
2012-02-21,39.45000076293945,39.54999923706055,39.06999969482422,39.209999084472656,4.91268253326416,1697100
2012-02-22,38.880001068115234,39.27000045776367,38.47999954223633,38.880001068115234,4.871337890625,1617100
2012-02-23,38.849998474121094,38.97999954223633,38.66999816894531,38.869998931884766,4.870084285736084,1204900
2012-02-24,38.86000061035156,38.9900016784668,38.31999969482422,38.59000015258789,4.835003852844238,2076800
2012-02-27,38.290000915527344,38.84000015258789,38.209999084472656,38.40999984741211,4.812449932098389,1659500
2012-02-28,38.380001068115234,38.47999954223633,38.08000183105469,38.119998931884766,4.776116371154785,1807000
2012-02-29,38.099998474121094,38.290000915527344,37.880001068115234,38.04999923706055,4.767345905303955,1636700
2012-03-01,38.16999816894531,38.7400016784668,37.939998626708984,38.13999938964844,4.778620719909668,2436300
2012-03-02,38.18000030517578,38.18000030517578,37.56999969482422,37.79999923706055,4.736021518707275,1955200
2012-03-05,37.79999923706055,37.88999938964844,37.36000061035156,37.86000061035156,4.743539810180664,2337800
2012-03-06,37.709999084472656,38.0,37.70000076293945,37.86000061035156,4.743539810180664,2318500
2012-03-07,37.86000061035156,37.95000076293945,37.439998626708984,37.68000030517578,4.720986843109131,1587900
2012-03-08,37.900001525878906,38.0,37.599998474121094,37.70000076293945,4.723495006561279,4386500
2012-03-09,37.790000915527344,38.150001525878906,37.619998931884766,38.09000015258789,4.77235746383667,4157500
2012-03-12,38.20000076293945,38.65999984741211,37.91999816894531,38.529998779296875,4.827486038208008,4494300
2012-03-13,38.7599983215332,39.0,38.599998474121094,38.93000030517578,4.8776021003723145,1502900
2012-03-14,38.939998626708984,39.09000015258789,38.58000183105469,38.650001525878906,4.842520713806152,2313100
2012-03-15,38.27000045776367,38.560001373291016,38.0,38.45000076293945,4.86021614074707,1731000
2012-03-16,38.47999954223633,38.58000183105469,38.099998474121094,38.54999923706055,4.872857093811035,2744000
2012-03-19,38.43000030517578,38.77000045776367,38.31999969482422,38.65999984741211,4.886759281158447,1210700
2012-03-20,38.52000045776367,38.56999969482422,38.349998474121094,38.380001068115234,4.8513689041137695,1437800
2012-03-21,38.38999938964844,38.650001525878906,38.349998474121094,38.599998474121094,4.879177570343018,1454900
2012-03-22,38.33000183105469,38.959999084472656,38.20000076293945,38.95000076293945,4.923418998718262,1842700
2012-03-23,39.02000045776367,39.04999923706055,38.54999923706055,38.77000045776367,4.900667190551758,1528100
2012-03-26,38.939998626708984,39.369998931884766,38.66999816894531,38.7599983215332,4.899399280548096,1938200
2012-03-27,38.72999954223633,38.880001068115234,38.54999923706055,38.56999969482422,4.8753862380981445,1407600
2012-03-28,38.619998931884766,38.810001373291016,38.439998626708984,38.689998626708984,4.890554428100586,1816600
2012-03-29,38.59000015258789,39.75,38.52000045776367,39.75,5.024540901184082,2388200
2012-03-30,39.88999938964844,40.2599983215332,39.7599983215332,40.209999084472656,5.082686424255371,3485700
2012-04-02,40.22999954223633,40.630001068115234,40.130001068115234,40.619998931884766,5.134511947631836,2448900
2012-04-03,40.63999938964844,40.63999938964844,40.2400016784668,40.459999084472656,5.114288806915283,2091000
2012-04-04,40.349998474121094,40.43000030517578,40.16999816894531,40.29999923706055,5.094065189361572,1943100
2012-04-05,40.150001525878906,40.54999923706055,39.849998474121094,40.540000915527344,5.124401569366455,2216900
2012-04-09,40.290000915527344,40.290000915527344,39.54999923706055,39.77000045776367,5.027070999145508,1854800
2012-04-10,39.77000045776367,39.790000915527344,39.279998779296875,39.279998779296875,4.965132236480713,2386900
2012-04-11,39.540000915527344,39.630001068115234,39.33000183105469,39.470001220703125,4.9891486167907715,1391000
2012-04-12,39.400001525878906,39.40999984741211,38.7599983215332,39.13999938964844,4.947436332702637,1519800
2012-04-13,39.08000183105469,39.7599983215332,39.08000183105469,39.2599983215332,4.962602138519287,3625100
2012-04-16,39.2599983215332,39.540000915527344,39.06999969482422,39.36000061035156,4.975244045257568,1863300
2012-04-17,39.630001068115234,40.209999084472656,39.45000076293945,40.08000183105469,5.066253185272217,1695100
2012-04-18,40.0,40.439998626708984,39.900001525878906,40.38999938964844,5.105441093444824,1921200
2012-04-19,40.439998626708984,40.70000076293945,40.380001068115234,40.5,5.119344711303711,1743300
2012-04-20,40.560001373291016,40.70000076293945,40.5099983215332,40.59000015258789,5.130720138549805,1474800
2012-04-23,40.25,40.2599983215332,39.88999938964844,39.959999084472656,5.051086902618408,2129300
2012-04-24,40.0,40.59000015258789,39.97999954223633,40.31999969482422,5.096592426300049,2150600
2012-04-25,39.4900016784668,39.65999984741211,38.25,39.310001373291016,4.968924522399902,5330700
2012-04-26,39.779998779296875,39.97999954223633,39.470001220703125,39.709999084472656,5.019484996795654,2730700
2012-04-27,39.86000061035156,39.939998626708984,39.43000030517578,39.709999084472656,5.019484996795654,1823600
2012-04-30,39.63999938964844,41.029998779296875,39.63999938964844,40.58000183105469,5.129457950592041,4467100
2012-05-01,40.459999084472656,40.68000030517578,40.209999084472656,40.52000045776367,5.121872425079346,1374900
2012-05-02,40.5,42.04999923706055,40.33000183105469,41.31999969482422,5.222995758056641,3512500
2012-05-03,41.16999816894531,41.400001525878906,40.0099983215332,40.11000061035156,5.070049285888672,4329200
2012-05-04,40.099998474121094,40.38999938964844,39.91999816894531,39.91999816894531,5.0460309982299805,1967300
2012-05-07,39.959999084472656,40.22999954223633,39.59000015258789,39.81999969482422,5.033388614654541,2878000
2012-05-08,39.72999954223633,40.77000045776367,39.650001525878906,40.59000015258789,5.130720138549805,3331100
2012-05-09,40.33000183105469,41.20000076293945,40.279998779296875,40.95000076293945,5.1762261390686035,2531000
2012-05-10,41.060001373291016,41.349998474121094,40.7599983215332,41.18000030517578,5.205296993255615,1915400
2012-05-11,41.0,41.310001373291016,40.90999984741211,40.95000076293945,5.1762261390686035,1353800
2012-05-14,40.66999816894531,40.84000015258789,40.349998474121094,40.810001373291016,5.158529281616211,1834000
2012-05-15,40.72999954223633,40.75,40.33000183105469,40.43000030517578,5.110496997833252,2119800
2012-05-16,40.47999954223633,41.34000015258789,40.2400016784668,41.09000015258789,5.193922519683838,2834000
2012-05-17,41.150001525878906,41.20000076293945,40.81999969482422,40.83000183105469,5.16105842590332,2164900
2012-05-18,40.939998626708984,40.939998626708984,40.130001068115234,40.25,5.087744235992432,2824400
2012-05-21,40.36000061035156,40.61000061035156,40.220001220703125,40.56999969482422,5.12819242477417,1938500
2012-05-22,40.70000076293945,41.220001220703125,40.5,40.90999984741211,5.171170234680176,2049600
2012-05-23,40.75,41.150001525878906,40.59000015258789,41.119998931884766,5.197714805603027,1716500
2012-05-24,41.13999938964844,41.310001373291016,40.56999969482422,40.7599983215332,5.152209758758545,2326500
2012-05-25,40.709999084472656,41.27000045776367,40.619998931884766,41.09000015258789,5.193922519683838,1696300
2012-05-29,41.209999084472656,41.209999084472656,40.7400016784668,41.099998474121094,5.195186614990234,1827800
2012-05-30,40.970001220703125,41.22999954223633,40.79999923706055,41.09000015258789,5.193922519683838,2172300
2012-05-31,41.56999969482422,41.56999969482422,41.11000061035156,41.2599983215332,5.215411186218262,2575000
2012-06-01,40.810001373291016,41.029998779296875,40.5,40.630001068115234,5.135776042938232,2124000
2012-06-04,40.7400016784668,41.099998474121094,40.56999969482422,40.83000183105469,5.16105842590332,1557300
2012-06-05,40.619998931884766,40.939998626708984,40.5,40.84000015258789,5.162320613861084,1018100
2012-06-06,40.90999984741211,41.4900016784668,40.86000061035156,41.38999938964844,5.231842994689941,1670000
2012-06-07,41.61000061035156,42.13999938964844,41.43000030517578,41.86000061035156,5.291254043579102,1916600
2012-06-08,41.880001068115234,42.68000030517578,41.790000915527344,42.63999938964844,5.389847755432129,2159900
2012-06-11,42.790000915527344,42.95000076293945,42.38999938964844,42.45000076293945,5.365830421447754,2263100
2012-06-12,42.9900016784668,43.7599983215332,42.810001373291016,43.650001525878906,5.517515182495117,4569800
2012-06-13,43.43000030517578,43.5,42.70000076293945,43.220001220703125,5.46316385269165,4131100
2012-06-14,42.880001068115234,43.130001068115234,41.869998931884766,42.869998931884766,5.461886405944824,3511100
2012-06-15,43.0,43.06999969482422,42.650001525878906,42.689998626708984,5.438954830169678,2906900
2012-06-18,42.81999969482422,43.040000915527344,42.66999816894531,42.900001525878906,5.465708255767822,1237100
2012-06-19,42.939998626708984,43.29999923706055,42.7400016784668,42.81999969482422,5.455517768859863,1438600
2012-06-20,42.7599983215332,42.869998931884766,42.369998931884766,42.65999984741211,5.4351325035095215,1071400
2012-06-21,42.709999084472656,43.09000015258789,42.209999084472656,42.220001220703125,5.3790740966796875,1716500
2012-06-22,42.43000030517578,43.2599983215332,42.36000061035156,42.900001525878906,5.465708255767822,2596400
2012-06-25,42.599998474121094,42.900001525878906,42.540000915527344,42.65999984741211,5.4351325035095215,1321000
2012-06-26,42.70000076293945,42.779998779296875,42.16999816894531,42.52000045776367,5.417295455932617,1408900
2012-06-27,42.63999938964844,43.029998779296875,42.58000183105469,42.790000915527344,5.451694965362549,1211300
2012-06-28,42.61000061035156,43.4900016784668,42.2400016784668,43.470001220703125,5.538332939147949,2103100
2012-06-29,43.56999969482422,43.880001068115234,43.470001220703125,43.75,5.574007034301758,1975500
2012-07-02,43.61000061035156,43.849998474121094,43.400001525878906,43.540000915527344,5.547250270843506,1257900
2012-07-03,43.52000045776367,43.95000076293945,43.470001220703125,43.900001525878906,5.593115329742432,630600
2012-07-05,43.79999923706055,44.0,43.68000030517578,43.91999816894531,5.595664024353027,1309800
2012-07-06,43.58000183105469,43.810001373291016,43.25,43.310001373291016,5.517946720123291,1065400
2012-07-09,43.369998931884766,43.650001525878906,43.099998474121094,43.22999954223633,5.507754802703857,1088000
2012-07-10,43.45000076293945,43.9900016784668,43.38999938964844,43.84000015258789,5.585472106933594,1311500
2012-07-11,43.86000061035156,43.88999938964844,43.36000061035156,43.630001068115234,5.558717250823975,937200
2012-07-12,43.5,43.81999969482422,43.2400016784668,43.70000076293945,5.567636966705322,1286400
2012-07-13,43.86000061035156,44.189998626708984,43.709999084472656,44.09000015258789,5.6173248291015625,995600
2012-07-16,44.0,44.25,43.36000061035156,43.38999938964844,5.528140068054199,1329600
2012-07-17,43.58000183105469,43.83000183105469,43.22999954223633,43.63999938964844,5.559990882873535,2454000
2012-07-18,43.619998931884766,44.16999816894531,43.56999969482422,44.09000015258789,5.6173248291015625,1168300
2012-07-19,44.06999969482422,44.400001525878906,43.869998931884766,43.95000076293945,5.5994873046875,1117600
2012-07-20,43.810001373291016,43.91999816894531,43.470001220703125,43.779998779296875,5.577828884124756,1122400
2012-07-23,43.38999938964844,43.59000015258789,43.02000045776367,43.5,5.542153358459473,832000
2012-07-24,43.45000076293945,43.650001525878906,42.90999984741211,43.34000015258789,5.5217695236206055,1287700
2012-07-25,43.349998474121094,44.029998779296875,43.16999816894531,43.77000045776367,5.576554298400879,2122000
2012-07-26,44.43000030517578,44.849998474121094,42.34000015258789,44.65999984741211,5.689946174621582,3044200
2012-07-27,44.95000076293945,45.720001220703125,44.709999084472656,45.59000015258789,5.8084330558776855,2282200
2012-07-30,45.459999084472656,45.84000015258789,45.29999923706055,45.58000183105469,5.807160377502441,1046100
2012-07-31,45.560001373291016,45.779998779296875,45.27000045776367,45.58000183105469,5.807160377502441,1453400
2012-08-01,45.689998626708984,45.709999084472656,45.220001220703125,45.45000076293945,5.790594100952148,1490500
2012-08-02,45.33000183105469,45.650001525878906,44.86000061035156,45.099998474121094,5.746002674102783,862900
2012-08-03,45.560001373291016,45.75,45.45000076293945,45.599998474121094,5.809703826904297,925900
2012-08-06,45.70000076293945,45.849998474121094,45.369998931884766,45.369998931884766,5.780402183532715,979100
2012-08-07,45.36000061035156,45.59000015258789,44.86000061035156,45.22999954223633,5.76256799697876,1734300
2012-08-08,45.220001220703125,45.61000061035156,45.06999969482422,45.47999954223633,5.7944159507751465,1354100
2012-08-09,45.290000915527344,45.470001220703125,44.93000030517578,45.0099983215332,5.734537601470947,868600
2012-08-10,44.900001525878906,45.13999938964844,44.599998474121094,45.029998779296875,5.7370829582214355,862000
2012-08-13,44.90999984741211,45.15999984741211,44.689998626708984,44.689998626708984,5.693765163421631,917200
2012-08-14,44.849998474121094,45.060001373291016,44.81999969482422,44.970001220703125,5.729438304901123,978700
2012-08-15,45.0099983215332,45.22999954223633,44.880001068115234,45.040000915527344,5.738358020782471,759600
2012-08-16,44.900001525878906,45.130001068115234,44.790000915527344,44.90999984741211,5.721796035766602,1291000
2012-08-17,44.970001220703125,45.16999816894531,44.95000076293945,45.15999984741211,5.753648281097412,1443800
2012-08-20,45.04999923706055,45.43000030517578,44.88999938964844,45.43000030517578,5.788047790527344,701500
2012-08-21,45.45000076293945,45.540000915527344,45.16999816894531,45.31999969482422,5.774033069610596,1210100
2012-08-22,45.189998626708984,45.41999816894531,45.06999969482422,45.33000183105469,5.775306224822998,717800
2012-08-23,45.209999084472656,45.22999954223633,44.59000015258789,44.66999816894531,5.691219329833984,1547300
2012-08-24,44.56999969482422,45.25,44.56999969482422,45.189998626708984,5.757469654083252,1074200
2012-08-27,45.27000045776367,45.52000045776367,45.060001373291016,45.34000015258789,5.776579856872559,541700
2012-08-28,45.25,45.29999923706055,44.9900016784668,44.9900016784668,5.731988430023193,647800
2012-08-29,45.0,45.09000015258789,44.880001068115234,45.060001373291016,5.740906238555908,706800
2012-08-30,44.810001373291016,44.869998931884766,44.459999084472656,44.599998474121094,5.682301044464111,818900
2012-08-31,44.83000183105469,44.88999938964844,44.47999954223633,44.810001373291016,5.709054470062256,784800
2012-09-04,44.77000045776367,44.939998626708984,44.650001525878906,44.93000030517578,5.724345684051514,825700
2012-09-05,44.880001068115234,44.959999084472656,44.599998474121094,44.790000915527344,5.706508159637451,1091600
2012-09-06,45.0,45.52000045776367,44.900001525878906,45.439998626708984,5.7893218994140625,1444700
2012-09-07,45.439998626708984,45.52000045776367,44.79999923706055,44.939998626708984,5.725618839263916,936800
2012-09-10,44.81999969482422,44.91999816894531,44.5,44.56999969482422,5.678478717803955,1245200
2012-09-11,44.689998626708984,44.880001068115234,44.529998779296875,44.83000183105469,5.711604595184326,1736700
2012-09-12,44.880001068115234,44.97999954223633,44.689998626708984,44.84000015258789,5.7128777503967285,1468600
2012-09-13,44.66999816894531,45.5099983215332,44.54999923706055,45.400001525878906,5.828420162200928,1290100
2012-09-14,45.470001220703125,45.470001220703125,43.970001220703125,44.08000183105469,5.658959865570068,2364100
2012-09-17,43.9900016784668,44.31999969482422,43.560001373291016,44.029998779296875,5.652539253234863,3894800
2012-09-18,44.08000183105469,44.45000076293945,43.93000030517578,44.369998931884766,5.696187973022461,1241900
2012-09-19,44.4900016784668,44.880001068115234,44.400001525878906,44.689998626708984,5.737268924713135,1300300
2012-09-20,44.63999938964844,44.86000061035156,44.2400016784668,44.459999084472656,5.707742214202881,1742800
2012-09-21,44.61000061035156,44.63999938964844,43.720001220703125,43.77000045776367,5.619161605834961,1817100
2012-09-24,43.459999084472656,43.9900016784668,43.43000030517578,43.869998931884766,5.631998538970947,1294400
2012-09-25,44.0,44.099998474121094,43.61000061035156,43.689998626708984,5.608889579772949,1333100
2012-09-26,43.709999084472656,44.119998931884766,43.709999084472656,43.959999084472656,5.643552780151367,1359200
2012-09-27,43.97999954223633,44.439998626708984,43.619998931884766,44.400001525878906,5.700039386749268,1162300
2012-09-28,44.31999969482422,44.619998931884766,44.15999984741211,44.529998779296875,5.716729640960693,2582500
2012-10-01,44.459999084472656,44.88999938964844,44.25,44.630001068115234,5.729569435119629,1999300
2012-10-02,44.79999923706055,44.79999923706055,44.40999984741211,44.650001525878906,5.732134819030762,1605200
2012-10-03,44.70000076293945,44.720001220703125,44.18000030517578,44.29999923706055,5.687201499938965,1507600
2012-10-04,44.36000061035156,44.41999816894531,43.650001525878906,43.75,5.616593837738037,1714400
2012-10-05,43.77000045776367,44.31999969482422,43.77000045776367,44.02000045776367,5.6512556076049805,3027400
2012-10-08,44.029998779296875,44.22999954223633,43.779998779296875,44.04999923706055,5.655107498168945,857300
2012-10-09,44.060001373291016,44.29999923706055,43.79999923706055,43.90999984741211,5.637134075164795,1562900
2012-10-10,43.79999923706055,43.9900016784668,42.9900016784668,43.22999954223633,5.549836158752441,2044100
2012-10-11,43.31999969482422,43.66999816894531,43.290000915527344,43.40999984741211,5.572944641113281,1013900
2012-10-12,43.52000045776367,43.689998626708984,43.40999984741211,43.459999084472656,5.579362869262695,1176500
2012-10-15,43.5,43.81999969482422,43.189998626708984,43.65999984741211,5.605039119720459,678800
2012-10-16,43.709999084472656,44.63999938964844,43.709999084472656,44.58000183105469,5.723148822784424,1203100
2012-10-17,44.380001068115234,44.970001220703125,44.36000061035156,44.689998626708984,5.737268924713135,1254000
2012-10-18,44.630001068115234,45.29999923706055,44.619998931884766,45.27000045776367,5.811729431152344,1093500
2012-10-19,45.13999938964844,45.25,44.41999816894531,44.459999084472656,5.707742214202881,1121700
2012-10-22,44.279998779296875,44.36000061035156,43.86000061035156,44.33000183105469,5.6910529136657715,1555900
2012-10-23,43.97999954223633,44.15999984741211,43.689998626708984,44.04999923706055,5.655107498168945,1886200
2012-10-24,43.58000183105469,43.58000183105469,42.459999084472656,42.61000061035156,5.470242500305176,3856100
2012-10-25,42.90999984741211,43.0,42.540000915527344,42.91999816894531,5.510039329528809,1531800
2012-10-26,42.779998779296875,42.81999969482422,42.619998931884766,42.7599983215332,5.489497661590576,1309300
2012-10-31,42.720001220703125,43.13999938964844,42.5,42.849998474121094,5.5010528564453125,1297500
2012-11-01,42.880001068115234,43.41999816894531,42.790000915527344,43.279998779296875,5.556253433227539,1373600
2012-11-02,43.5,43.619998931884766,42.90999984741211,42.939998626708984,5.512606143951416,1310400
2012-11-05,42.900001525878906,43.5,42.72999954223633,43.290000915527344,5.557539939880371,1015900
2012-11-06,43.41999816894531,43.77000045776367,43.11000061035156,43.720001220703125,5.612741470336914,892100
2012-11-07,43.529998779296875,43.779998779296875,43.04999923706055,43.540000915527344,5.589633941650391,1091100
2012-11-08,43.400001525878906,43.619998931884766,43.0,43.2400016784668,5.551119804382324,1627800
2012-11-09,43.09000015258789,43.689998626708984,43.0,43.5099983215332,5.585782051086426,956000
2012-11-12,43.38999938964844,44.560001373291016,43.27000045776367,43.959999084472656,5.643552780151367,2070900
2012-11-13,43.83000183105469,44.150001525878906,43.439998626708984,43.45000076293945,5.578078746795654,2794700
2012-11-14,43.47999954223633,43.77000045776367,42.95000076293945,43.0099983215332,5.52159309387207,1673200
2012-11-15,42.95000076293945,43.31999969482422,42.529998779296875,42.599998474121094,5.46895694732666,2350500
2012-11-16,42.59000015258789,43.04999923706055,42.25,42.849998474121094,5.5010528564453125,2482900
2012-11-19,43.220001220703125,43.4900016784668,43.06999969482422,43.45000076293945,5.578078746795654,1115500
2012-11-20,43.38999938964844,43.88999938964844,43.2599983215332,43.869998931884766,5.631998538970947,1540100
2012-11-21,43.93000030517578,44.08000183105469,43.650001525878906,44.029998779296875,5.652539253234863,682700
2012-11-23,44.06999969482422,44.810001373291016,43.810001373291016,44.810001373291016,5.7526750564575195,333800
2012-11-26,44.540000915527344,44.900001525878906,44.20000076293945,44.2400016784668,5.67949914932251,1151000
2012-11-27,44.27000045776367,44.59000015258789,44.08000183105469,44.22999954223633,5.678213596343994,999200
2012-11-28,44.029998779296875,44.68000030517578,44.0,44.65999984741211,5.733419895172119,973800
2012-11-29,44.689998626708984,44.880001068115234,44.41999816894531,44.849998474121094,5.757811546325684,1170300
2012-11-30,44.849998474121094,44.959999084472656,44.54999923706055,44.849998474121094,5.757811546325684,1605900
2012-12-03,45.0099983215332,45.189998626708984,44.7400016784668,44.84000015258789,5.756527423858643,1121400
2012-12-04,44.81999969482422,45.13999938964844,44.79999923706055,45.0099983215332,5.7783522605896,1339900
2012-12-05,45.13999938964844,45.619998931884766,45.0,45.45000076293945,5.834836483001709,1000400
2012-12-06,45.439998626708984,45.720001220703125,45.36000061035156,45.5,5.841258525848389,1084000
2012-12-07,45.630001068115234,45.70000076293945,45.220001220703125,45.5099983215332,5.842541694641113,1696200
2012-12-10,45.45000076293945,46.060001373291016,45.439998626708984,45.90999984741211,5.893894195556641,1086400
2012-12-11,45.939998626708984,45.9900016784668,45.470001220703125,45.540000915527344,5.846391677856445,2120000
2012-12-12,45.709999084472656,45.709999084472656,45.0,45.18000030517578,5.800175189971924,1760000
2012-12-13,45.0099983215332,45.029998779296875,44.22999954223633,44.43000030517578,5.747140884399414,1234900
2012-12-14,44.310001373291016,44.77000045776367,44.290000915527344,44.630001068115234,5.773013591766357,952800
2012-12-17,44.72999954223633,44.880001068115234,44.38999938964844,44.59000015258789,5.7678375244140625,1114200
2012-12-18,44.540000915527344,44.810001373291016,44.279998779296875,44.689998626708984,5.7807722091674805,1080500
2012-12-19,44.7599983215332,44.849998474121094,44.470001220703125,44.47999954223633,5.753608703613281,931000
2012-12-20,44.52000045776367,44.90999984741211,44.52000045776367,44.81999969482422,5.7975897789001465,860700
2012-12-21,44.58000183105469,44.95000076293945,44.41999816894531,44.68000030517578,5.779479026794434,1659000
2012-12-24,44.560001373291016,44.7400016784668,44.5,44.70000076293945,5.782066345214844,247200
2012-12-26,44.689998626708984,44.7400016784668,44.27000045776367,44.279998779296875,5.727738380432129,541800
2012-12-27,44.2599983215332,44.5099983215332,43.93000030517578,44.209999084472656,5.71868371963501,551800
2012-12-28,44.029998779296875,44.2400016784668,43.849998474121094,43.880001068115234,5.675997257232666,446400
2012-12-31,43.79999923706055,44.189998626708984,43.58000183105469,44.18000030517578,5.714803695678711,611700
2013-01-02,44.79999923706055,45.630001068115234,44.68000030517578,45.599998474121094,5.898484230041504,1285800
2013-01-03,45.560001373291016,45.630001068115234,45.290000915527344,45.41999816894531,5.875199794769287,983500
2013-01-04,45.45000076293945,45.97999954223633,45.43000030517578,45.68000030517578,5.908831596374512,735200
2013-01-07,45.47999954223633,45.599998474121094,45.209999084472656,45.2400016784668,5.851917266845703,658600
2013-01-08,45.150001525878906,45.400001525878906,45.040000915527344,45.380001068115234,5.870025634765625,559200
2013-01-09,45.47999954223633,45.810001373291016,45.47999954223633,45.70000076293945,5.9114179611206055,576900
2013-01-10,45.900001525878906,45.9900016784668,45.650001525878906,45.7599983215332,5.919178009033203,808800
2013-01-11,45.2400016784668,45.38999938964844,44.790000915527344,45.08000183105469,5.831220626831055,1381200
2013-01-14,44.95000076293945,45.2599983215332,44.95000076293945,45.189998626708984,5.8454484939575195,979700
2013-01-15,45.09000015258789,45.38999938964844,44.9900016784668,45.279998779296875,5.857089996337891,897000
2013-01-16,45.20000076293945,45.27000045776367,44.90999984741211,44.939998626708984,5.813111305236816,1043800
2013-01-17,45.099998474121094,45.22999954223633,44.869998931884766,45.06999969482422,5.829925537109375,1344300
2013-01-18,44.900001525878906,45.40999984741211,44.88999938964844,45.29999923706055,5.859678268432617,1182700
2013-01-22,45.2400016784668,45.400001525878906,44.880001068115234,45.20000076293945,5.846742630004883,1396300
2013-01-23,45.029998779296875,45.130001068115234,44.119998931884766,44.279998779296875,5.727738380432129,3194800
2013-01-24,44.41999816894531,44.7400016784668,44.34000015258789,44.540000915527344,5.761370658874512,1011200
2013-01-25,44.689998626708984,44.689998626708984,44.34000015258789,44.560001373291016,5.7639570236206055,979100
2013-01-28,44.63999938964844,44.84000015258789,44.529998779296875,44.650001525878906,5.77559757232666,925600
2013-01-29,44.599998474121094,45.16999816894531,44.56999969482422,45.0099983215332,5.822165012359619,1172300
2013-01-30,44.9900016784668,45.40999984741211,44.91999816894531,45.29999923706055,5.859678268432617,1171200
2013-01-31,45.25,45.38999938964844,45.0,45.06999969482422,5.829925537109375,990100
2013-02-01,45.36000061035156,45.45000076293945,45.099998474121094,45.2400016784668,5.851917266845703,1085600
2013-02-04,45.150001525878906,45.7400016784668,45.099998474121094,45.41999816894531,5.875199794769287,1509500
2013-02-05,45.68000030517578,46.15999984741211,45.650001525878906,45.900001525878906,5.937289714813232,926800
2013-02-06,45.77000045776367,46.369998931884766,45.72999954223633,46.040000915527344,5.955399036407471,1051600
2013-02-07,46.040000915527344,46.2599983215332,45.86000061035156,45.97999954223633,5.947637557983398,580400
2013-02-08,45.959999084472656,46.099998474121094,45.58000183105469,45.72999954223633,5.915297985076904,949800
2013-02-11,45.720001220703125,45.83000183105469,45.380001068115234,45.41999816894531,5.875199794769287,1099300
2013-02-12,45.29999923706055,45.56999969482422,45.15999984741211,45.31999969482422,5.862265110015869,1696300
2013-02-13,42.83000183105469,43.31999969482422,42.099998474121094,42.689998626708984,5.522067070007324,7704900
2013-02-14,42.709999084472656,43.040000915527344,42.61000061035156,42.79999923706055,5.536294937133789,4137300
2013-02-15,42.7599983215332,43.119998931884766,42.54999923706055,42.90999984741211,5.550524711608887,4157700
2013-02-19,42.83000183105469,43.099998474121094,42.79999923706055,43.0,5.562168121337891,2958500
2013-02-20,43.060001373291016,43.189998626708984,42.439998626708984,42.470001220703125,5.49360990524292,2806300
2013-02-21,42.58000183105469,42.709999084472656,42.27000045776367,42.56999969482422,5.506547451019287,2203800
2013-02-22,42.66999816894531,42.9900016784668,42.560001373291016,42.900001525878906,5.549231052398682,1796100
2013-02-25,43.0099983215332,43.36000061035156,42.720001220703125,42.720001220703125,5.525947570800781,2530900
2013-02-26,42.939998626708984,43.029998779296875,42.61000061035156,42.790000915527344,5.535001277923584,1666400
2013-02-27,42.83000183105469,43.27000045776367,42.709999084472656,43.20000076293945,5.588036060333252,1631000
2013-02-28,43.2599983215332,43.7400016784668,43.130001068115234,43.619998931884766,5.642365455627441,2217100
2013-03-01,43.619998931884766,43.90999984741211,43.290000915527344,43.779998779296875,5.663063049316406,2112100
2013-03-04,43.709999084472656,43.849998474121094,43.38999938964844,43.81999969482422,5.668234825134277,1371200
2013-03-05,43.93000030517578,44.34000015258789,43.83000183105469,44.279998779296875,5.727738380432129,1426400
2013-03-06,44.290000915527344,44.33000183105469,43.939998626708984,44.18000030517578,5.714803695678711,1805900
2013-03-07,44.11000061035156,44.380001068115234,43.650001525878906,43.849998474121094,5.672115325927734,1527700
2013-03-08,43.93000030517578,44.25,43.86000061035156,44.0,5.691519737243652,3860000
2013-03-11,43.97999954223633,44.150001525878906,43.599998474121094,44.13999938964844,5.709628105163574,5795100
2013-03-12,44.15999984741211,44.41999816894531,43.97999954223633,44.38999938964844,5.741966724395752,5039200
2013-03-13,43.91999816894531,44.18000030517578,43.70000076293945,43.720001220703125,5.704131126403809,1164200
2013-03-14,43.810001373291016,43.90999984741211,43.560001373291016,43.779998779296875,5.711959362030029,1011500
2013-03-15,43.58000183105469,44.130001068115234,43.529998779296875,44.06999969482422,5.749794960021973,2138700
2013-03-18,43.88999938964844,44.43000030517578,43.810001373291016,44.349998474121094,5.786326885223389,1307400
2013-03-19,44.470001220703125,45.099998474121094,44.41999816894531,44.97999954223633,5.8685221672058105,1640100
2013-03-20,45.040000915527344,45.90999984741211,44.83000183105469,45.779998779296875,5.972898960113525,3084400
2013-03-21,45.7400016784668,46.0,45.560001373291016,45.599998474121094,5.949414253234863,1104600
2013-03-22,45.900001525878906,46.45000076293945,45.81999969482422,46.41999816894531,6.056398391723633,1455400
2013-03-25,46.459999084472656,46.599998474121094,46.04999923706055,46.36000061035156,6.048570156097412,1147100
2013-03-26,46.5,46.95000076293945,46.439998626708984,46.70000076293945,6.092930793762207,920600
2013-03-27,46.459999084472656,46.66999816894531,46.2400016784668,46.66999816894531,6.089015960693359,966400
2013-03-28,46.77000045776367,47.029998779296875,46.599998474121094,46.95000076293945,6.125547409057617,1128300
2013-04-01,46.900001525878906,47.0,46.59000015258789,46.66999816894531,6.089015960693359,902700
2013-04-02,46.810001373291016,46.84000015258789,46.5099983215332,46.63999938964844,6.085102081298828,1281900
2013-04-03,46.79999923706055,46.83000183105469,45.939998626708984,46.290000915527344,6.0394368171691895,1417800
2013-04-04,46.369998931884766,46.61000061035156,46.060001373291016,46.5,6.066836833953857,995400
2013-04-05,46.130001068115234,46.220001220703125,45.7400016784668,46.119998931884766,6.0172576904296875,1003800
2013-04-08,46.099998474121094,46.72999954223633,45.88999938964844,46.68000030517578,6.090321063995361,999700
2013-04-09,46.75,46.81999969482422,46.220001220703125,46.349998474121094,6.047266483306885,947000
2013-04-10,46.5099983215332,47.52000045776367,46.400001525878906,46.97999954223633,6.129460334777832,1777600
2013-04-11,47.08000183105469,47.7400016784668,47.040000915527344,47.61000061035156,6.21165657043457,1851200
2013-04-12,47.13999938964844,47.77000045776367,47.13999938964844,47.63999938964844,6.215569972991943,1317400
2013-04-15,47.38999938964844,47.65999984741211,46.72999954223633,46.72999954223633,6.0968451499938965,1222000
2013-04-16,47.18000030517578,47.63999938964844,46.970001220703125,47.52000045776367,6.199914932250977,1549700
2013-04-17,47.38999938964844,47.4900016784668,46.7599983215332,46.93000030517578,6.122937202453613,1467000
2013-04-18,47.029998779296875,47.540000915527344,47.029998779296875,47.11000061035156,6.146424293518066,1696800
2013-04-19,47.29999923706055,48.2599983215332,47.29999923706055,48.06999969482422,6.27167272567749,1679800
2013-04-22,48.02000045776367,48.119998931884766,47.689998626708984,47.880001068115234,6.246884822845459,1509500
2013-04-23,47.529998779296875,48.119998931884766,47.400001525878906,47.779998779296875,6.233837604522705,1852400
2013-04-24,48.709999084472656,50.290000915527344,48.060001373291016,48.189998626708984,6.287330150604248,3140100
2013-04-25,48.279998779296875,48.439998626708984,47.880001068115234,48.119998931884766,6.278196811676025,1959000
2013-04-26,48.099998474121094,48.189998626708984,47.84000015258789,48.08000183105469,6.272977352142334,1282100
2013-04-29,48.15999984741211,48.31999969482422,47.970001220703125,48.130001068115234,6.2795000076293945,875000
2013-04-30,48.0099983215332,48.86000061035156,47.79999923706055,48.83000183105469,6.3708319664001465,1726400
2013-05-01,48.65999984741211,48.869998931884766,47.880001068115234,48.060001373291016,6.270369529724121,1110800
2013-05-02,48.09000015258789,48.68000030517578,48.09000015258789,48.68000030517578,6.351258754730225,1335300
2013-05-03,48.95000076293945,49.2599983215332,48.650001525878906,49.20000076293945,6.419105052947998,1244600
2013-05-06,49.20000076293945,49.400001525878906,48.93000030517578,49.31999969482422,6.434760570526123,1647100
2013-05-07,49.29999923706055,49.5,49.06999969482422,49.4900016784668,6.4569411277771,1120600
2013-05-08,49.41999816894531,49.4900016784668,49.04999923706055,49.400001525878906,6.445198059082031,802500
2013-05-09,49.2400016784668,49.439998626708984,48.5,48.619998931884766,6.343432426452637,1265900
2013-05-10,48.720001220703125,49.02000045776367,48.540000915527344,49.0,6.393011093139648,929300
2013-05-13,48.86000061035156,49.130001068115234,48.70000076293945,48.91999816894531,6.38257360458374,887800
2013-05-14,48.91999816894531,49.33000183105469,48.84000015258789,49.29999923706055,6.432150840759277,1143900
2013-05-15,49.310001373291016,50.369998931884766,49.119998931884766,50.36000061035156,6.570448875427246,1410800
2013-05-16,50.189998626708984,50.189998626708984,49.279998779296875,49.59000015258789,6.469986915588379,1979500
2013-05-17,49.650001525878906,49.7599983215332,48.81999969482422,49.25,6.425627708435059,1283500
2013-05-20,49.25,49.279998779296875,48.689998626708984,48.77000045776367,6.363002300262451,972500
2013-05-21,48.849998474121094,48.970001220703125,48.13999938964844,48.279998779296875,6.299072265625,1790700
2013-05-22,48.220001220703125,49.060001373291016,47.900001525878906,48.2599983215332,6.296462535858154,1500200
2013-05-23,47.95000076293945,48.0,47.52000045776367,47.630001068115234,6.214267253875732,1618400
2013-05-24,47.52000045776367,48.18000030517578,47.400001525878906,48.09000015258789,6.274283409118652,1021400
2013-05-28,48.540000915527344,49.0,48.310001373291016,48.58000183105469,6.33821439743042,1311100
2013-05-29,48.369998931884766,48.38999938964844,47.400001525878906,47.459999084472656,6.192087173461914,1126600
2013-05-30,47.599998474121094,47.7400016784668,46.91999816894531,46.959999084472656,6.126852989196777,992300
2013-05-31,46.75,46.869998931884766,45.970001220703125,45.97999954223633,5.998991966247559,1538200
2013-06-03,46.11000061035156,47.02000045776367,45.380001068115234,47.02000045776367,6.1346821784973145,1902100
2013-06-04,47.04999923706055,47.400001525878906,46.27000045776367,46.90999984741211,6.120328903198242,1715800
2013-06-05,46.7599983215332,46.810001373291016,46.33000183105469,46.4900016784668,6.06553316116333,1087400
2013-06-06,46.4900016784668,46.5,45.560001373291016,46.08000183105469,6.012039661407471,1251800
2013-06-07,46.43000030517578,46.709999084472656,46.13999938964844,46.33000183105469,6.044656276702881,1021600
2013-06-10,46.52000045776367,47.04999923706055,46.130001068115234,47.04999923706055,6.138594150543213,1521000
2013-06-11,46.65999984741211,46.93000030517578,46.31999969482422,46.65999984741211,6.087711811065674,1318200
2013-06-12,46.90999984741211,47.119998931884766,46.56999969482422,47.0,6.132070541381836,1658200
2013-06-13,46.779998779296875,46.91999816894531,46.13999938964844,46.810001373291016,6.157062530517578,1238600
2013-06-14,46.900001525878906,47.40999984741211,46.7400016784668,46.93000030517578,6.17284631729126,1037800
2013-06-17,47.150001525878906,47.29999923706055,46.86000061035156,47.099998474121094,6.195206165313721,845900
2013-06-18,47.11000061035156,47.45000076293945,46.93000030517578,47.43000030517578,6.238612651824951,625100
2013-06-19,47.290000915527344,47.650001525878906,46.599998474121094,46.599998474121094,6.129441738128662,837900
2013-06-20,46.34000015258789,46.619998931884766,45.36000061035156,45.380001068115234,5.968969345092773,1484900
2013-06-21,45.56999969482422,45.72999954223633,45.08000183105469,45.540000915527344,5.990016460418701,2279700
2013-06-24,45.130001068115234,45.560001373291016,44.91999816894531,45.189998626708984,5.943978786468506,1359900
2013-06-25,45.439998626708984,45.459999084472656,44.70000076293945,44.97999954223633,5.916356086730957,1682200
2013-06-26,45.34000015258789,45.900001525878906,45.22999954223633,45.63999938964844,6.003169059753418,823600
2013-06-27,45.900001525878906,46.380001068115234,45.72999954223633,46.0,6.050520896911621,1039100
2013-06-28,46.0,46.22999954223633,45.93000030517578,45.93000030517578,6.041313648223877,1911000
2013-07-01,46.209999084472656,46.61000061035156,45.9900016784668,46.40999984741211,6.104446887969971,1155300
2013-07-02,46.38999938964844,46.720001220703125,46.25,46.599998474121094,6.129441738128662,1013400
2013-07-03,46.36000061035156,46.58000183105469,45.95000076293945,46.58000183105469,6.126809597015381,787900
2013-07-05,46.7400016784668,46.81999969482422,45.88999938964844,46.369998931884766,6.099185943603516,880800
2013-07-08,46.5099983215332,46.720001220703125,46.130001068115234,46.38999938964844,6.1018195152282715,735600
2013-07-09,46.689998626708984,46.939998626708984,46.380001068115234,46.599998474121094,6.129441738128662,887200
2013-07-10,46.58000183105469,47.029998779296875,46.400001525878906,46.959999084472656,6.176792144775391,1045300
2013-07-11,47.439998626708984,47.72999954223633,47.36000061035156,47.56999969482422,6.257027626037598,916400
2013-07-12,47.63999938964844,47.790000915527344,47.22999954223633,47.459999084472656,6.242559432983398,828800
2013-07-15,47.38999938964844,47.72999954223633,47.33000183105469,47.5,6.247820854187012,531000
2013-07-16,47.0,47.47999954223633,46.97999954223633,47.310001373291016,6.2228288650512695,649400
2013-07-17,47.560001373291016,47.72999954223633,47.45000076293945,47.70000076293945,6.274127006530762,615700
2013-07-18,47.77000045776367,47.97999954223633,47.619998931884766,47.90999984741211,6.301748752593994,602600
2013-07-19,47.95000076293945,48.310001373291016,47.77000045776367,48.290000915527344,6.351733207702637,1117800
2013-07-22,48.029998779296875,48.189998626708984,47.58000183105469,47.81999969482422,6.289910793304443,999300
2013-07-23,47.91999816894531,47.95000076293945,47.529998779296875,47.68000030517578,6.271495819091797,1062800
2013-07-24,47.63999938964844,47.63999938964844,46.040000915527344,46.31999969482422,6.092611312866211,2311300
2013-07-25,46.33000183105469,46.38999938964844,45.849998474121094,46.11000061035156,6.064990997314453,1540900
2013-07-26,46.0,46.650001525878906,45.79999923706055,46.63999938964844,6.134701728820801,1062100
2013-07-29,46.58000183105469,47.0099983215332,46.43000030517578,46.79999923706055,6.155745983123779,978400
2013-07-30,46.880001068115234,47.16999816894531,46.40999984741211,46.45000076293945,6.10971212387085,1002000
2013-07-31,46.619998931884766,47.02000045776367,46.33000183105469,46.7400016784668,6.147855281829834,1440100
2013-08-01,47.04999923706055,47.470001220703125,47.0,47.2599983215332,6.216252326965332,1443200
2013-08-02,47.27000045776367,47.61000061035156,47.02000045776367,47.40999984741211,6.235982894897461,1138400
2013-08-05,47.400001525878906,47.650001525878906,47.11000061035156,47.470001220703125,6.243875026702881,610900
2013-08-06,47.290000915527344,47.439998626708984,46.9900016784668,47.150001525878906,6.201783657073975,1183400
2013-08-07,47.08000183105469,47.31999969482422,46.90999984741211,47.220001220703125,6.210991382598877,595800
2013-08-08,47.25,47.349998474121094,46.970001220703125,47.040000915527344,6.187315464019775,921200
2013-08-09,46.959999084472656,47.09000015258789,46.65999984741211,46.849998474121094,6.162322521209717,818300
2013-08-12,46.650001525878906,46.77000045776367,46.45000076293945,46.619998931884766,6.132071495056152,774200
2013-08-13,46.689998626708984,46.79999923706055,46.33000183105469,46.459999084472656,6.111026287078857,649700
2013-08-14,46.470001220703125,46.68000030517578,45.810001373291016,45.86000061035156,6.032106399536133,1022200
2013-08-15,45.779998779296875,45.939998626708984,45.130001068115234,45.279998779296875,5.955816268920898,1124800
2013-08-16,45.16999816894531,45.2400016784668,44.720001220703125,44.83000183105469,5.8966264724731445,1264700
2013-08-19,44.709999084472656,45.25,44.529998779296875,45.20000076293945,5.94529390335083,1090400
2013-08-20,45.27000045776367,45.7400016784668,45.13999938964844,45.58000183105469,5.995277404785156,1385300
2013-08-21,45.47999954223633,45.5099983215332,45.099998474121094,45.15999984741211,5.940032958984375,1173400
2013-08-22,45.209999084472656,45.400001525878906,44.93000030517578,45.2400016784668,5.950555801391602,583500
2013-08-23,45.34000015258789,45.709999084472656,45.29999923706055,45.619998931884766,6.000538349151611,909800
2013-08-26,45.689998626708984,45.689998626708984,45.18000030517578,45.31999969482422,5.9610795974731445,872100
2013-08-27,45.0099983215332,45.61000061035156,44.88999938964844,45.36000061035156,5.9663405418396,1129400
2013-08-28,45.20000076293945,45.540000915527344,44.66999816894531,44.900001525878906,5.905835151672363,1818700
2013-08-29,44.720001220703125,44.79999923706055,44.47999954223633,44.59000015258789,5.865060329437256,1570100
2013-08-30,44.619998931884766,44.7599983215332,44.52000045776367,44.7599983215332,5.8874192237854,1520300
2013-09-03,45.0099983215332,45.13999938964844,44.529998779296875,44.599998474121094,5.8663740158081055,1833300
2013-09-04,44.58000183105469,45.25,44.27000045776367,45.25,5.951869487762451,1323600
2013-09-05,45.220001220703125,45.2599983215332,44.4900016784668,44.61000061035156,5.867689609527588,1039700
2013-09-06,44.689998626708984,44.880001068115234,44.16999816894531,44.470001220703125,5.849275588989258,2002200
2013-09-09,44.56999969482422,44.650001525878906,44.20000076293945,44.58000183105469,5.863742828369141,1410300
2013-09-10,44.7400016784668,44.900001525878906,44.459999084472656,44.540000915527344,5.858482837677002,1212300
2013-09-11,44.540000915527344,44.599998474121094,44.15999984741211,44.310001373291016,5.828230381011963,1839500
2013-09-12,44.029998779296875,44.560001373291016,43.900001525878906,44.560001373291016,5.911813735961914,1742100
2013-09-13,44.70000076293945,45.040000915527344,44.54999923706055,44.90999984741211,5.958247184753418,967000
2013-09-16,45.2400016784668,45.5,45.060001373291016,45.130001068115234,5.9874348640441895,1175100
2013-09-17,45.150001525878906,45.61000061035156,45.130001068115234,45.52000045776367,6.039175033569336,889300
2013-09-18,45.619998931884766,46.11000061035156,45.31999969482422,46.09000015258789,6.1147990226745605,1130400
2013-09-19,45.529998779296875,45.939998626708984,45.16999816894531,45.790000915527344,6.074996471405029,2026400
2013-09-20,45.91999816894531,45.939998626708984,45.560001373291016,45.59000015258789,6.048463821411133,1684000
2013-09-23,45.40999984741211,45.5,45.08000183105469,45.290000915527344,6.008662223815918,916800
2013-09-24,45.34000015258789,45.779998779296875,45.22999954223633,45.27000045776367,6.006007671356201,1337800
2013-09-25,45.279998779296875,45.459999084472656,44.77000045776367,44.95000076293945,5.963554859161377,1191200
2013-09-26,45.060001373291016,45.20000076293945,44.84000015258789,45.06999969482422,5.9794721603393555,1113200
2013-09-27,44.959999084472656,45.04999923706055,44.56999969482422,44.97999954223633,5.96753454208374,1138900
2013-09-30,44.709999084472656,44.900001525878906,44.45000076293945,44.81999969482422,5.9463067054748535,1217600
2013-10-01,44.779998779296875,44.900001525878906,44.279998779296875,44.47999954223633,5.901198387145996,1658600
2013-10-02,44.33000183105469,44.33000183105469,43.709999084472656,44.0,5.837517738342285,2008600
2013-10-03,44.0,44.09000015258789,43.36000061035156,43.40999984741211,5.759241580963135,2088400
2013-10-04,43.34000015258789,43.540000915527344,43.290000915527344,43.470001220703125,5.767199993133545,1695300
2013-10-07,43.310001373291016,43.61000061035156,43.290000915527344,43.380001068115234,5.7552618980407715,1276100
2013-10-08,43.31999969482422,43.650001525878906,43.18000030517578,43.470001220703125,5.767199993133545,1729200
2013-10-09,43.5,43.810001373291016,43.36000061035156,43.630001068115234,5.788429260253906,2244400
2013-10-10,43.97999954223633,44.11000061035156,43.84000015258789,44.04999923706055,5.844149112701416,1369100
2013-10-11,43.66999816894531,43.959999084472656,43.45000076293945,43.91999816894531,5.826903343200684,1355500
2013-10-14,43.790000915527344,44.189998626708984,43.54999923706055,44.16999816894531,5.860070705413818,1045900
2013-10-15,44.150001525878906,44.25,43.709999084472656,43.779998779296875,5.808329105377197,1189600
2013-10-16,44.119998931884766,45.04999923706055,44.08000183105469,45.040000915527344,5.975493431091309,1778000
2013-10-17,44.88999938964844,45.16999816894531,44.72999954223633,45.029998779296875,5.974165916442871,1332800
2013-10-18,45.02000045776367,45.060001373291016,44.88999938964844,45.0099983215332,5.9715142250061035,1575900
2013-10-21,44.9900016784668,45.0099983215332,44.54999923706055,44.97999954223633,5.96753454208374,1157600
2013-10-22,45.0099983215332,45.709999084472656,45.0099983215332,45.369998931884766,6.019275665283203,1458800
2013-10-23,45.439998626708984,46.81999969482422,45.2400016784668,46.4900016784668,6.167868614196777,2686800
2013-10-24,46.7400016784668,46.9900016784668,46.41999816894531,46.4900016784668,6.167868614196777,1788100
2013-10-25,46.459999084472656,47.13999938964844,46.459999084472656,46.66999816894531,6.191747665405273,1722500
2013-10-28,46.720001220703125,47.83000183105469,46.720001220703125,47.5099983215332,6.303192138671875,1880200
2013-10-29,47.68000030517578,47.869998931884766,47.439998626708984,47.709999084472656,6.329722881317139,1869600
2013-10-30,47.66999816894531,47.66999816894531,47.349998474121094,47.470001220703125,6.297885417938232,1774400
2013-10-31,47.45000076293945,47.540000915527344,47.2400016784668,47.349998474121094,6.281962871551514,1434700
2013-11-01,47.45000076293945,47.54999923706055,47.150001525878906,47.43000030517578,6.292576789855957,979200
2013-11-04,47.34000015258789,47.540000915527344,46.97999954223633,47.18000030517578,6.259409427642822,848300
2013-11-05,47.08000183105469,47.459999084472656,46.97999954223633,47.279998779296875,6.272675514221191,870800
2013-11-06,47.290000915527344,47.93000030517578,47.18000030517578,47.7599983215332,6.336360454559326,1135200
2013-11-07,47.86000061035156,47.939998626708984,47.29999923706055,47.33000183105469,6.279310703277588,964300
2013-11-08,47.36000061035156,47.93000030517578,47.0,47.90999984741211,6.356259822845459,1055200
2013-11-11,47.83000183105469,47.9900016784668,47.689998626708984,47.90999984741211,6.356259822845459,915800
2013-11-12,47.7599983215332,47.9900016784668,47.470001220703125,47.939998626708984,6.360239028930664,1095400
2013-11-13,47.779998779296875,48.20000076293945,47.470001220703125,48.13999938964844,6.386773109436035,806000
2013-11-14,48.22999954223633,48.91999816894531,48.130001068115234,48.75,6.467702865600586,836500
2013-11-15,48.7400016784668,48.869998931884766,48.220001220703125,48.560001373291016,6.4424943923950195,891100
2013-11-18,48.65999984741211,48.849998474121094,48.20000076293945,48.65999984741211,6.455763339996338,1176100
2013-11-19,48.52000045776367,48.72999954223633,48.40999984741211,48.45000076293945,6.427902698516846,1127400
2013-11-20,48.540000915527344,49.0099983215332,48.36000061035156,48.40999984741211,6.422595500946045,803500
2013-11-21,48.58000183105469,49.220001220703125,48.54999923706055,49.16999816894531,6.523423671722412,787400
2013-11-22,49.13999938964844,49.22999954223633,48.869998931884766,48.939998626708984,6.492909908294678,890400
2013-11-25,49.099998474121094,49.11000061035156,48.41999816894531,48.4900016784668,6.433208465576172,1063400
2013-11-26,48.5,48.599998474121094,47.97999954223633,48.189998626708984,6.393406391143799,927900
2013-11-27,48.22999954223633,48.56999969482422,48.08000183105469,48.470001220703125,6.430555820465088,492900
2013-11-29,48.459999084472656,48.790000915527344,48.220001220703125,48.2599983215332,6.402695178985596,559500
2013-12-02,48.470001220703125,48.470001220703125,47.31999969482422,47.7400016784668,6.333704471588135,1420700
2013-12-03,47.72999954223633,48.130001068115234,47.439998626708984,48.11000061035156,6.38279390335083,1856500
2013-12-04,47.95000076293945,48.66999816894531,47.790000915527344,48.630001068115234,6.451783657073975,813600
2013-12-05,48.5,48.560001373291016,48.15999984741211,48.209999084472656,6.396061897277832,1306300
2013-12-06,48.52000045776367,49.02000045776367,48.52000045776367,49.0,6.500871181488037,705800
2013-12-09,48.97999954223633,48.9900016784668,48.540000915527344,48.7400016784668,6.466376781463623,939700
2013-12-10,48.599998474121094,48.720001220703125,48.20000076293945,48.38999938964844,6.419940948486328,879200
2013-12-11,48.540000915527344,48.81999969482422,48.310001373291016,48.310001373291016,6.409328937530518,1304800
2013-12-12,47.93000030517578,48.0,47.16999816894531,47.29999923706055,6.325081825256348,1656700
2013-12-13,47.70000076293945,47.95000076293945,47.54999923706055,47.58000183105469,6.362525939941406,986200
2013-12-16,47.63999938964844,47.95000076293945,47.63999938964844,47.75,6.385258197784424,1460600
2013-12-17,47.65999984741211,47.720001220703125,47.060001373291016,47.349998474121094,6.33176851272583,1045000
2013-12-18,47.369998931884766,48.220001220703125,47.15999984741211,48.220001220703125,6.448108196258545,1292000
2013-12-19,48.189998626708984,48.2599983215332,47.56999969482422,47.79999923706055,6.391942977905273,940800
2013-12-20,47.88999938964844,48.45000076293945,47.88999938964844,48.41999816894531,6.474852085113525,1509100
2013-12-23,48.56999969482422,48.61000061035156,48.040000915527344,48.189998626708984,6.444094657897949,518700
2013-12-24,48.16999816894531,48.599998474121094,48.16999816894531,48.5,6.4855499267578125,285900
2013-12-26,48.4900016784668,48.650001525878906,48.33000183105469,48.59000015258789,6.497584342956543,308100
2013-12-27,48.77000045776367,48.90999984741211,48.540000915527344,48.79999923706055,6.5256667137146,380400
2013-12-30,48.790000915527344,49.150001525878906,48.790000915527344,48.84000015258789,6.531015396118164,574500
2013-12-31,48.880001068115234,48.9900016784668,48.47999954223633,48.720001220703125,6.514968395233154,595900
2014-01-02,48.86000061035156,48.93000030517578,47.47999954223633,47.66999816894531,6.374558925628662,1182300
2014-01-03,47.88999938964844,48.04999923706055,47.36000061035156,47.599998474121094,6.365198612213135,992900
2014-01-06,47.790000915527344,47.93000030517578,47.45000076293945,47.720001220703125,6.381246566772461,932900
2014-01-07,47.83000183105469,48.36000061035156,47.709999084472656,48.099998474121094,6.432059288024902,1261700
2014-01-08,48.0099983215332,48.15999984741211,47.279998779296875,47.720001220703125,6.381246566772461,2340000
2014-01-09,47.7599983215332,48.099998474121094,47.65999984741211,47.970001220703125,6.414675712585449,929600
2014-01-10,47.9900016784668,48.439998626708984,47.9900016784668,48.43000030517578,6.476188659667969,673900
2014-01-13,48.2400016784668,48.290000915527344,47.349998474121094,47.43000030517578,6.342466354370117,1207100
2014-01-14,47.63999938964844,48.25,47.5,48.040000915527344,6.424038410186768,1220900
2014-01-15,48.20000076293945,48.22999954223633,47.689998626708984,48.06999969482422,6.4280476570129395,755900
2014-01-16,47.9900016784668,48.59000015258789,47.970001220703125,48.349998474121094,6.465492248535156,876400
2014-01-17,48.47999954223633,48.560001373291016,48.130001068115234,48.4900016784668,6.484212398529053,1179600
2014-01-21,48.77000045776367,49.65999984741211,48.77000045776367,49.650001525878906,6.639329433441162,2101400
2014-01-22,49.66999816894531,49.86000061035156,49.2599983215332,49.439998626708984,6.61124849319458,1693000
2014-01-23,49.20000076293945,49.5099983215332,48.77000045776367,49.09000015258789,6.564445495605469,3263100
2014-01-24,48.91999816894531,49.16999816894531,48.470001220703125,48.470001220703125,6.481537342071533,1047000
2014-01-27,48.5099983215332,49.33000183105469,48.41999816894531,49.04999923706055,6.559097766876221,1300200
2014-01-28,49.0,49.08000183105469,48.599998474121094,48.97999954223633,6.5497355461120605,1355100
2014-01-29,48.650001525878906,48.72999954223633,47.79999923706055,47.900001525878906,6.40531587600708,1636500
2014-01-30,48.06999969482422,48.43000030517578,48.0099983215332,48.290000915527344,6.4574689865112305,1312200
2014-01-31,47.90999984741211,48.310001373291016,47.650001525878906,47.880001068115234,6.402641773223877,1907300
2014-02-03,47.880001068115234,47.880001068115234,46.880001068115234,47.220001220703125,6.3143839836120605,2565300
2014-02-04,47.34000015258789,47.59000015258789,47.11000061035156,47.310001373291016,6.326419830322266,1312600
2014-02-05,47.130001068115234,47.7400016784668,47.0,47.56999969482422,6.36118745803833,1203500
2014-02-06,47.83000183105469,48.13999938964844,47.529998779296875,47.86000061035156,6.39996862411499,1119100
2014-02-07,48.2400016784668,48.97999954223633,48.130001068115234,48.88999938964844,6.537701606750488,1704400
2014-02-10,48.9900016784668,49.029998779296875,48.529998779296875,48.70000076293945,6.512293815612793,1795800
2014-02-11,48.59000015258789,48.9900016784668,48.5,48.900001525878906,6.539039134979248,2629500
2014-02-12,49.459999084472656,51.029998779296875,49.310001373291016,49.9900016784668,6.6847968101501465,4876500
2014-02-13,49.95000076293945,50.2400016784668,49.849998474121094,50.06999969482422,6.695494651794434,3236300
2014-02-14,50.09000015258789,50.58000183105469,50.0099983215332,50.29999923706055,6.726250648498535,3262200
2014-02-18,50.29999923706055,50.63999938964844,49.90999984741211,50.619998931884766,6.769041061401367,2856500
2014-02-19,50.65999984741211,51.119998931884766,50.380001068115234,50.959999084472656,6.814506530761719,2600500
2014-02-20,51.150001525878906,51.65999984741211,50.939998626708984,51.470001220703125,6.882704734802246,2128200
2014-02-21,51.54999923706055,51.90999984741211,51.310001373291016,51.7400016784668,6.918813228607178,2284400
2014-02-24,51.88999938964844,52.18000030517578,51.7400016784668,51.75,6.920147895812988,2406600
2014-02-25,52.04999923706055,52.4900016784668,51.93000030517578,52.47999954223633,7.01776647567749,3394600
2014-02-26,52.65999984741211,52.65999984741211,51.45000076293945,51.59000015258789,6.898752212524414,3016400
2014-02-27,51.54999923706055,51.790000915527344,51.2599983215332,51.650001525878906,6.90677547454834,2295900
2014-02-28,51.77000045776367,52.5099983215332,51.7400016784668,52.11000061035156,6.968287944793701,2855400
2014-03-03,51.84000015258789,51.88999938964844,51.130001068115234,51.68000030517578,6.9107890129089355,3492500
2014-03-04,52.06999969482422,52.06999969482422,51.630001068115234,51.95000076293945,6.946892738342285,2484300
2014-03-05,51.93000030517578,52.2400016784668,51.83000183105469,52.08000183105469,6.9642767906188965,1767200
2014-03-06,52.150001525878906,52.290000915527344,51.93000030517578,52.0,6.953578948974609,2449900
2014-03-07,52.27000045776367,52.29999923706055,51.97999954223633,52.290000915527344,6.99235725402832,2647000
2014-03-10,52.349998474121094,52.59000015258789,52.31999969482422,52.47999954223633,7.01776647567749,1789700
2014-03-11,52.529998779296875,53.029998779296875,52.40999984741211,52.9900016784668,7.085964202880859,1920100
2014-03-12,52.72999954223633,53.099998474121094,52.68000030517578,52.9900016784668,7.085964202880859,1432300
2014-03-13,52.61000061035156,52.650001525878906,51.84000015258789,51.86000061035156,6.9889349937438965,2523200
2014-03-14,51.790000915527344,52.70000076293945,51.790000915527344,52.380001068115234,7.059011459350586,1861900
2014-03-17,52.52000045776367,52.81999969482422,52.40999984741211,52.720001220703125,7.104832649230957,1244300
2014-03-18,52.65999984741211,52.88999938964844,52.4900016784668,52.77000045776367,7.111568450927734,1321400
2014-03-19,52.709999084472656,52.88999938964844,52.09000015258789,52.310001373291016,7.049579620361328,1425900
2014-03-20,52.16999816894531,52.540000915527344,51.93000030517578,52.540000915527344,7.080574035644531,1396500
2014-03-21,52.91999816894531,53.029998779296875,52.56999969482422,52.77000045776367,7.111568450927734,2369400
2014-03-24,52.849998474121094,53.04999923706055,52.36000061035156,52.400001525878906,7.061707019805908,2096400
2014-03-25,52.599998474121094,52.790000915527344,52.40999984741211,52.7599983215332,7.1102213859558105,1256700
2014-03-26,52.970001220703125,53.720001220703125,52.959999084472656,53.38999938964844,7.19512414932251,2120800
2014-03-27,53.65999984741211,54.06999969482422,53.43000030517578,53.720001220703125,7.239596366882324,2005600
2014-03-28,53.779998779296875,54.150001525878906,53.65999984741211,53.95000076293945,7.27059268951416,1297000
2014-03-31,54.220001220703125,54.59000015258789,54.0099983215332,54.459999084472656,7.3393235206604,1461800
2014-04-01,54.38999938964844,54.54999923706055,53.599998474121094,53.7599983215332,7.2449870109558105,2865800
2014-04-02,53.779998779296875,54.029998779296875,53.709999084472656,53.72999954223633,7.240945816040039,1609800
2014-04-03,53.86000061035156,54.2599983215332,53.47999954223633,53.77000045776367,7.246334552764893,1860800
2014-04-04,53.970001220703125,54.61000061035156,53.61000061035156,53.709999084472656,7.238247871398926,1673700
2014-04-07,53.72999954223633,54.060001373291016,53.66999816894531,53.68000030517578,7.23420524597168,1580700
2014-04-08,53.16999816894531,53.16999816894531,51.47999954223633,51.619998931884766,6.9565887451171875,5419800
2014-04-09,51.619998931884766,52.619998931884766,51.4900016784668,52.58000183105469,7.085965156555176,3047500
2014-04-10,52.720001220703125,52.9900016784668,52.0099983215332,52.06999969482422,7.017232418060303,2318600
2014-04-11,52.08000183105469,52.279998779296875,51.16999816894531,51.189998626708984,6.8986406326293945,3138300
2014-04-14,51.38999938964844,51.630001068115234,50.97999954223633,51.189998626708984,6.8986406326293945,1531700
2014-04-15,51.2400016784668,51.709999084472656,51.18000030517578,51.68000030517578,6.964676856994629,2264000
2014-04-16,52.220001220703125,52.41999816894531,51.77000045776367,52.400001525878906,7.061707019805908,1509500
2014-04-17,52.47999954223633,52.79999923706055,52.25,52.540000915527344,7.080574035644531,1124300
2014-04-21,52.439998626708984,52.83000183105469,52.40999984741211,52.54999923706055,7.08192253112793,825500
2014-04-22,52.45000076293945,52.65999984741211,52.22999954223633,52.38999938964844,7.060357570648193,993200
2014-04-23,54.79999923706055,55.34000015258789,53.83000183105469,54.47999954223633,7.3420186042785645,4122700
2014-04-24,54.47999954223633,54.7599983215332,53.75,53.81999969482422,7.253072261810303,2756800
2014-04-25,53.630001068115234,53.7599983215332,53.13999938964844,53.58000183105469,7.220729351043701,1271300
2014-04-28,54.0,55.59000015258789,53.86000061035156,55.400001525878906,7.466002941131592,2784600
2014-04-29,55.400001525878906,55.5,54.79999923706055,55.09000015258789,7.424224376678467,1497400
2014-04-30,55.0,55.470001220703125,54.81999969482422,55.41999816894531,7.468698024749756,1400600
2014-05-01,55.5,55.689998626708984,55.06999969482422,55.59000015258789,7.491608619689941,1609500
2014-05-02,55.47999954223633,56.099998474121094,55.400001525878906,55.970001220703125,7.542819976806641,1359000
2014-05-05,55.720001220703125,56.2400016784668,55.650001525878906,55.86000061035156,7.527995586395264,1327700
2014-05-06,55.720001220703125,56.279998779296875,55.56999969482422,56.150001525878906,7.56707763671875,1576500
2014-05-07,56.41999816894531,56.70000076293945,56.0,56.68000030517578,7.63850212097168,1385800
2014-05-08,56.61000061035156,56.970001220703125,56.40999984741211,56.560001373291016,7.6223297119140625,1069500
2014-05-09,56.59000015258789,56.90999984741211,56.31999969482422,56.90999984741211,7.669498443603516,952400
2014-05-12,57.029998779296875,57.34000015258789,56.84000015258789,57.150001525878906,7.70184326171875,901100
2014-05-13,57.13999938964844,57.400001525878906,56.97999954223633,57.22999954223633,7.712623119354248,1048100
2014-05-14,57.18000030517578,57.40999984741211,56.97999954223633,57.2400016784668,7.7139716148376465,1114000
2014-05-15,56.97999954223633,57.11000061035156,56.66999816894531,56.83000183105469,7.658716678619385,850000
2014-05-16,56.75,57.25,56.689998626708984,57.209999084472656,7.709928512573242,978100
2014-05-19,57.09000015258789,57.2599983215332,56.779998779296875,57.220001220703125,7.711276054382324,1009900
2014-05-20,57.20000076293945,57.619998931884766,56.849998474121094,57.099998474121094,7.695103645324707,1044600
2014-05-21,57.060001373291016,57.38999938964844,56.91999816894531,57.27000045776367,7.718015193939209,939800
2014-05-22,57.22999954223633,57.290000915527344,56.91999816894531,57.20000076293945,7.708580017089844,898100
2014-05-23,57.20000076293945,57.310001373291016,56.880001068115234,56.9900016784668,7.680279731750488,813500
2014-05-27,56.939998626708984,57.06999969482422,56.68000030517578,56.790000915527344,7.653326988220215,1373600
2014-05-28,56.900001525878906,57.2599983215332,56.65999984741211,56.84000015258789,7.660064220428467,1642800
2014-05-29,57.18000030517578,57.880001068115234,57.13999938964844,57.849998474121094,7.796177864074707,824300
2014-05-30,57.630001068115234,58.15999984741211,57.540000915527344,57.70000076293945,7.77596378326416,1517100
2014-06-02,57.7599983215332,57.83000183105469,57.25,57.560001373291016,7.757094860076904,1531900
2014-06-03,57.47999954223633,57.529998779296875,56.81999969482422,56.86000061035156,7.662760257720947,1997400
2014-06-04,56.93000030517578,58.08000183105469,56.869998931884766,58.060001373291016,7.824480056762695,2201900
2014-06-05,57.90999984741211,58.59000015258789,57.619998931884766,58.4900016784668,7.88242769241333,1789600
2014-06-06,58.470001220703125,58.650001525878906,58.209999084472656,58.52000045776367,7.886471748352051,1031300
2014-06-09,58.380001068115234,58.65999984741211,58.31999969482422,58.560001373291016,7.891861915588379,1236100
2014-06-10,58.150001525878906,58.58000183105469,57.939998626708984,58.41999816894531,7.872993469238281,1473200
2014-06-11,58.15999984741211,58.720001220703125,58.15999984741211,58.220001220703125,7.846041202545166,1117600
2014-06-12,57.93000030517578,58.04999923706055,57.439998626708984,57.849998474121094,7.851469039916992,1403300
2014-06-13,57.79999923706055,57.939998626708984,57.630001068115234,57.779998779296875,7.8419671058654785,830400
2014-06-16,57.7400016784668,58.90999984741211,57.65999984741211,58.70000076293945,7.966832637786865,1446000
2014-06-17,58.66999816894531,58.9900016784668,58.0,58.31999969482422,7.915257453918457,1662300
2014-06-18,58.290000915527344,60.27000045776367,58.25,60.220001220703125,8.173129081726074,2185800
2014-06-19,59.650001525878906,60.22999954223633,59.5,60.16999816894531,8.166341781616211,2061400
2014-06-20,59.91999816894531,60.5,59.86000061035156,60.029998779296875,8.147342681884766,1924600
2014-06-23,59.900001525878906,59.939998626708984,58.97999954223633,59.31999969482422,8.050979614257812,1568400
2014-06-24,58.52000045776367,58.77000045776367,58.45000076293945,58.560001373291016,7.947832107543945,2128500
2014-06-25,58.40999984741211,58.77000045776367,58.33000183105469,58.5099983215332,7.94104528427124,1310500
2014-06-26,58.470001220703125,58.91999816894531,58.33000183105469,58.599998474121094,7.9532599449157715,1260700
2014-06-27,58.459999084472656,58.70000076293945,57.88999938964844,58.25,7.905759811401367,2340200
2014-06-30,58.41999816894531,58.90999984741211,58.15999984741211,58.58000183105469,7.950546741485596,1318800
2014-07-01,58.75,59.439998626708984,58.619998931884766,58.9900016784668,8.00619125366211,1723300
2014-07-02,58.970001220703125,59.22999954223633,58.79999923706055,58.97999954223633,8.004836082458496,1071600
2014-07-03,58.9900016784668,59.22999954223633,58.900001525878906,59.06999969482422,8.017049789428711,827600
2014-07-07,59.0099983215332,59.27000045776367,58.79999923706055,58.84000015258789,7.985832691192627,1531700
2014-07-08,58.79999923706055,58.869998931884766,58.29999923706055,58.40999984741211,7.927473545074463,1710000
2014-07-09,58.630001068115234,58.869998931884766,58.5,58.54999923706055,7.946475028991699,1338400
2014-07-10,58.119998931884766,59.06999969482422,58.06999969482422,58.93000030517578,7.998049736022949,1146200
2014-07-11,58.97999954223633,59.150001525878906,58.7400016784668,59.029998779296875,8.011622428894043,1316600
2014-07-14,59.290000915527344,59.650001525878906,59.209999084472656,59.279998779296875,8.045550346374512,872200
2014-07-15,59.31999969482422,59.5,59.150001525878906,59.380001068115234,8.059122085571289,2810600
2014-07-16,59.45000076293945,59.59000015258789,59.040000915527344,59.34000015258789,8.053692817687988,1748800
2014-07-17,59.09000015258789,59.58000183105469,58.869998931884766,58.900001525878906,7.993978023529053,1170000
2014-07-18,59.150001525878906,59.459999084472656,58.939998626708984,59.45000076293945,8.068623542785645,962700
2014-07-21,59.220001220703125,59.25,58.52000045776367,58.86000061035156,7.98854923248291,989200
2014-07-22,58.84000015258789,59.0,58.560001373291016,58.66999816894531,7.962760925292969,1543800
2014-07-23,58.959999084472656,59.0,58.349998474121094,58.439998626708984,7.931544303894043,2110200
2014-07-24,59.290000915527344,61.52000045776367,59.290000915527344,60.97999954223633,8.276276588439941,3696900
2014-07-25,60.97999954223633,61.66999816894531,60.79999923706055,61.560001373291016,8.35499382019043,1702600
2014-07-28,61.70000076293945,61.91999816894531,61.29999923706055,61.7599983215332,8.382140159606934,1490000
2014-07-29,61.65999984741211,61.84000015258789,60.70000076293945,60.70000076293945,8.238275527954102,2015100
2014-07-30,61.04999923706055,61.13999938964844,59.5,59.689998626708984,8.101201057434082,1956000
2014-07-31,59.439998626708984,59.439998626708984,58.650001525878906,58.7599983215332,7.974974632263184,1554100
2014-08-01,58.779998779296875,59.65999984741211,58.63999938964844,58.70000076293945,7.966832637786865,1647600
2014-08-04,58.90999984741211,59.099998474121094,58.58000183105469,59.060001373291016,8.015691757202148,1394100
2014-08-05,59.209999084472656,59.400001525878906,58.869998931884766,59.029998779296875,8.011622428894043,1296100
2014-08-06,59.02000045776367,60.20000076293945,59.02000045776367,60.18000030517578,8.167699813842773,1476100
2014-08-07,60.459999084472656,60.65999984741211,59.83000183105469,59.939998626708984,8.135127067565918,932400
2014-08-08,60.09000015258789,60.52000045776367,59.650001525878906,60.400001525878906,8.197559356689453,1263500
2014-08-11,60.70000076293945,60.93000030517578,60.5,60.59000015258789,8.223343849182129,2248000
2014-08-12,60.59000015258789,60.75,60.349998474121094,60.400001525878906,8.197559356689453,1471500
2014-08-13,60.66999816894531,60.88999938964844,60.310001373291016,60.41999816894531,8.200272560119629,1369300
2014-08-14,60.560001373291016,60.79999923706055,60.33000183105469,60.52000045776367,8.213844299316406,1703200
2014-08-15,60.849998474121094,61.099998474121094,60.33000183105469,60.400001525878906,8.197559356689453,3480200
2014-08-18,60.86000061035156,61.09000015258789,60.5099983215332,60.83000183105469,8.255919456481934,2107400
2014-08-19,60.880001068115234,61.150001525878906,60.7400016784668,61.13999938964844,8.297991752624512,1082500
2014-08-20,61.20000076293945,61.20000076293945,60.790000915527344,60.91999816894531,8.268134117126465,868100
2014-08-21,61.08000183105469,61.66999816894531,60.939998626708984,61.13999938964844,8.297991752624512,1069700
2014-08-22,61.279998779296875,61.34000015258789,60.43000030517578,60.47999954223633,8.208418846130371,1671000
2014-08-25,60.790000915527344,61.099998474121094,60.59000015258789,60.959999084472656,8.273561477661133,1353300
2014-08-26,61.06999969482422,61.599998474121094,60.720001220703125,60.880001068115234,8.262703895568848,1390000
2014-08-27,61.08000183105469,61.81999969482422,60.93000030517578,61.81999969482422,8.390283584594727,1374200
2014-08-28,61.650001525878906,62.63999938964844,61.599998474121094,62.4900016784668,8.48121452331543,1558400
2014-08-29,62.619998931884766,63.0099983215332,62.439998626708984,62.91999816894531,8.53957462310791,1572000
2014-09-02,62.81999969482422,63.40999984741211,62.650001525878906,63.029998779296875,8.554505348205566,1731700
2014-09-03,63.119998931884766,63.47999954223633,63.099998474121094,63.470001220703125,8.614222526550293,1320400
2014-09-04,63.40999984741211,63.70000076293945,62.529998779296875,62.59000015258789,8.494787216186523,1781000
2014-09-05,62.540000915527344,62.650001525878906,62.060001373291016,62.22999954223633,8.445929527282715,1209700
2014-09-08,62.18000030517578,62.40999984741211,62.0099983215332,62.310001373291016,8.456787109375,1083600
2014-09-09,62.380001068115234,62.47999954223633,61.900001525878906,62.25,8.448643684387207,1402700
2014-09-10,62.369998931884766,62.79999923706055,62.369998931884766,62.709999084472656,8.511075973510742,969800
2014-09-11,62.209999084472656,62.84000015258789,62.15999984741211,62.79999923706055,8.57938289642334,1118900
2014-09-12,62.650001525878906,62.70000076293945,61.810001373291016,61.880001068115234,8.453695297241211,1187500
2014-09-15,62.060001373291016,62.689998626708984,61.7599983215332,62.52000045776367,8.541131973266602,1092800
2014-09-16,62.560001373291016,63.689998626708984,62.41999816894531,63.5099983215332,8.676377296447754,1753300
2014-09-17,63.56999969482422,63.720001220703125,63.02000045776367,63.130001068115234,8.624464988708496,1076500
2014-09-18,63.09000015258789,63.540000915527344,62.97999954223633,63.36000061035156,8.655887603759766,864500
2014-09-19,63.5099983215332,64.54000091552734,63.22999954223633,64.16999816894531,8.7665433883667,2216700
2014-09-22,64.0999984741211,65.43000030517578,64.08000183105469,65.31999969482422,8.923649787902832,2422800
2014-09-23,65.06999969482422,65.16999816894531,63.790000915527344,63.79999923706055,8.715996742248535,1907600
2014-09-24,63.970001220703125,64.98999786376953,63.959999084472656,64.94000244140625,8.87173843383789,1411300
2014-09-25,64.62000274658203,64.62000274658203,63.75,63.95000076293945,8.736488342285156,1055100
2014-09-26,63.90999984741211,64.18000030517578,63.41999816894531,64.05000305175781,8.750149726867676,1216400
2014-09-29,63.70000076293945,64.12000274658203,63.52000045776367,64.08999633789062,8.75561237335205,1295300
2014-09-30,64.2300033569336,64.51000213623047,63.869998931884766,64.30999755859375,8.785667419433594,1116600
2014-10-01,64.2300033569336,64.5,63.560001373291016,63.56999969482422,8.684576988220215,1650600
2014-10-02,63.470001220703125,63.90999984741211,63.349998474121094,63.599998474121094,8.688673973083496,2068500
2014-10-03,64.18000030517578,64.9000015258789,63.599998474121094,64.73999786376953,8.844413757324219,1842000
2014-10-06,64.9800033569336,64.9800033569336,64.06999969482422,64.69000244140625,8.837581634521484,981900
2014-10-07,64.44000244140625,64.9800033569336,64.16999816894531,64.16999816894531,8.7665433883667,1634500
2014-10-08,64.33000183105469,65.23999786376953,64.13999938964844,65.19999694824219,8.907255172729492,1401200
2014-10-09,65.31999969482422,65.7699966430664,64.0999984741211,64.26000213623047,8.778840065002441,1879700
2014-10-10,64.5199966430664,65.19000244140625,64.41000366210938,64.43000030517578,8.802063941955566,1650800
2014-10-13,64.2699966430664,64.62000274658203,63.689998626708984,63.790000915527344,8.714632034301758,1095000
2014-10-14,64.04000091552734,64.5999984741211,63.9900016784668,64.08000183105469,8.754249572753906,1594000
2014-10-15,63.56999969482422,63.900001525878906,61.2599983215332,62.13999938964844,8.489215850830078,2382700
2014-10-16,61.29999923706055,62.13999938964844,60.650001525878906,61.849998474121094,8.44959831237793,2229500
2014-10-17,62.220001220703125,63.310001373291016,61.7599983215332,63.09000015258789,8.619000434875488,1853100
2014-10-20,63.099998474121094,64.94999694824219,62.959999084472656,64.87999725341797,8.86353874206543,1790100
2014-10-21,64.77999877929688,65.66000366210938,64.5,65.36000061035156,8.929116249084473,1529900
2014-10-22,65.37000274658203,65.62999725341797,64.44999694824219,65.43000030517578,8.938678741455078,2433700
2014-10-23,67.12999725341797,69.3499984741211,66.75,66.94999694824219,9.146332740783691,2675300
2014-10-24,67.0199966430664,67.48999786376953,66.43000030517578,66.80000305175781,9.12584114074707,1587500
2014-10-27,66.3499984741211,67.95999908447266,66.25,67.91999816894531,9.27884292602539,1832100
2014-10-28,68.37999725341797,68.70999908447266,67.47000122070312,67.9000015258789,9.276118278503418,1453100
2014-10-29,67.91999816894531,68.13999938964844,67.29000091552734,67.72000122070312,9.251524925231934,1237200
2014-10-30,67.87000274658203,69.26000213623047,67.5199966430664,68.94000244140625,9.418192863464355,1683400
2014-10-31,69.68000030517578,69.87999725341797,68.95999908447266,69.25,9.46054458618164,1884300
2014-11-03,69.08999633789062,69.69000244140625,69.08000183105469,69.52999877929688,9.498795509338379,1468500
2014-11-04,69.63999938964844,70.54000091552734,69.62999725341797,70.3499984741211,9.610821723937988,1617500
2014-11-05,70.9800033569336,70.98999786376953,68.83999633789062,69.0,9.426390647888184,1889800
2014-11-06,69.25,70.02999877929688,69.12999725341797,69.94000244140625,9.554811477661133,1792300
2014-11-07,69.93000030517578,70.3499984741211,69.48999786376953,69.94999694824219,9.556175231933594,1168500
2014-11-10,69.94999694824219,70.55999755859375,69.5999984741211,70.47000122070312,9.627211570739746,1184700
2014-11-11,70.4800033569336,70.55999755859375,69.62000274658203,69.73999786376953,9.527482986450195,1254700
2014-11-12,69.31999969482422,70.73999786376953,69.04000091552734,70.66000366210938,9.653167724609375,1552700
2014-11-13,70.83000183105469,71.5,70.19000244140625,70.70999908447266,9.660002708435059,1408000
2014-11-14,70.7300033569336,70.7699966430664,69.80999755859375,70.0999984741211,9.576663970947266,1215100
2014-11-17,70.0,70.7699966430664,69.83000183105469,70.75,9.66546630859375,1258300
2014-11-18,71.16000366210938,71.44999694824219,70.66999816894531,70.9000015258789,9.685956954956055,1970700
2014-11-19,71.16999816894531,71.19999694824219,70.69000244140625,71.18000030517578,9.724210739135742,2333100
2014-11-20,70.87000274658203,72.12000274658203,70.87000274658203,71.76000213623047,9.803447723388672,1494300
2014-11-21,72.55000305175781,72.62999725341797,71.58999633789062,71.9800033569336,9.833505630493164,1815100
2014-11-24,72.25,72.80999755859375,72.04000091552734,72.69000244140625,9.930497169494629,1673500
2014-11-25,72.6500015258789,73.7300033569336,72.55000305175781,73.26000213623047,10.008369445800781,1764900
2014-11-26,73.06999969482422,73.41000366210938,72.63999938964844,72.88999938964844,9.957820892333984,1329300
2014-11-28,73.19000244140625,74.27999877929688,73.19000244140625,74.0,10.109461784362793,708700
2014-12-01,72.83999633789062,73.66000366210938,72.45999908447266,73.02999877929688,9.976949691772461,1529300
2014-12-02,72.94000244140625,73.95999908447266,72.69999694824219,73.58999633789062,10.053451538085938,2106400
2014-12-03,73.4800033569336,73.68000030517578,72.29000091552734,72.4000015258789,9.89088249206543,2774600
2014-12-04,72.45999908447266,72.80000305175781,71.97000122070312,72.12000274658203,9.852628707885742,1788500
2014-12-05,71.98999786376953,72.25,71.58000183105469,71.94000244140625,9.828035354614258,1389200
2014-12-08,72.04000091552734,72.44000244140625,71.54000091552734,71.76000213623047,9.803447723388672,1480000
2014-12-09,71.23999786376953,71.83999633789062,70.5,71.25,9.733773231506348,1631700
2014-12-10,71.2699966430664,72.16000366210938,71.0999984741211,71.23999786376953,9.732407569885254,1572100
2014-12-11,70.87999725341797,71.68000030517578,70.70999908447266,71.02999877929688,9.7598876953125,1283200
2014-12-12,70.62999725341797,71.62999725341797,70.16999816894531,70.20999908447266,9.647214889526367,1435500
2014-12-15,70.58000183105469,70.88999938964844,69.77999877929688,69.91000366210938,9.60599422454834,1364100
2014-12-16,69.75,71.44999694824219,69.38999938964844,69.88999938964844,9.60324478149414,1227900
2014-12-17,69.83000183105469,70.79000091552734,69.70999908447266,70.51000213623047,9.688438415527344,2068100
2014-12-18,71.29000091552734,72.30999755859375,70.7300033569336,72.30999755859375,9.935766220092773,2347600
2014-12-19,72.20999908447266,72.83999633789062,71.31999969482422,71.66000366210938,9.846454620361328,2703800
2014-12-22,71.91999816894531,72.80000305175781,71.91999816894531,72.76000213623047,9.997599601745605,1073000
2014-12-23,73.12000274658203,73.5999984741211,73.0,73.44999694824219,10.092408180236816,936000
2014-12-24,73.41999816894531,73.9800033569336,73.38999938964844,73.4800033569336,10.096532821655273,500900
2014-12-26,73.4000015258789,73.4800033569336,73.08000183105469,73.11000061035156,10.045690536499023,461500
2014-12-29,72.9800033569336,73.26000213623047,72.25,72.91000366210938,10.018209457397461,599500
2014-12-30,72.62999725341797,73.13999938964844,72.5,72.69999694824219,9.989352226257324,813000
2014-12-31,72.80000305175781,72.91000366210938,71.68000030517578,71.68000030517578,9.849201202392578,871300
2015-01-02,71.68000030517578,72.33999633789062,70.97000122070312,71.5999984741211,9.83820629119873,1042400
2015-01-05,70.98999786376953,71.70999908447266,70.93000030517578,71.37999725341797,9.807978630065918,1433500
2015-01-06,71.63999938964844,71.98999786376953,70.77999877929688,71.4800033569336,9.821720123291016,1549100
2015-01-07,71.91999816894531,72.75,71.76000213623047,72.5199966430664,9.964622497558594,1163600
2015-01-08,73.2300033569336,74.25,73.1500015258789,74.19999694824219,10.195463180541992,1794800
2015-01-09,74.2300033569336,74.26000213623047,73.4000015258789,73.8499984741211,10.147371292114258,1159900
2015-01-12,74.16000366210938,74.19000244140625,73.12999725341797,73.2300033569336,10.062178611755371,1049900
2015-01-13,73.93000030517578,74.87000274658203,73.36000061035156,73.79000091552734,10.139127731323242,1311400
2015-01-14,73.16999816894531,74.87000274658203,73.05999755859375,74.80999755859375,10.279278755187988,1395600
2015-01-15,76.08999633789062,76.08999633789062,75.02999877929688,75.51000213623047,10.375465393066406,1566700
2015-01-16,75.4800033569336,76.5,75.31999969482422,76.45999908447266,10.505997657775879,1036500
2015-01-20,77.12000274658203,77.83000183105469,76.2699966430664,77.80000305175781,10.690118789672852,1445000
2015-01-21,77.83000183105469,78.80000305175781,77.31999969482422,78.73999786376953,10.819278717041016,2058900
2015-01-22,79.13999938964844,79.41000366210938,78.26000213623047,79.33999633789062,10.901724815368652,3003900
2015-01-23,79.44999694824219,79.48999786376953,78.41999816894531,78.51000213623047,10.787678718566895,1088800
2015-01-26,78.51000213623047,79.16999816894531,78.08000183105469,79.12000274658203,10.87149429321289,1264900
2015-01-27,78.37000274658203,79.51000213623047,78.1500015258789,79.19999694824219,10.882486343383789,1497200
2015-01-28,79.4800033569336,80.04000091552734,78.30000305175781,78.45999908447266,10.780805587768555,1050200
2015-01-29,78.63999938964844,79.20999908447266,77.91000366210938,79.08000183105469,10.866000175476074,1870900
2015-01-30,78.70999908447266,78.79000091552734,77.12999725341797,77.2699966430664,10.617294311523438,1590500
2015-02-02,77.43000030517578,78.52999877929688,76.69999694824219,78.5,10.78630256652832,1400300
2015-02-03,78.45999908447266,78.8499984741211,77.62000274658203,77.81999969482422,10.69287109375,1225100
2015-02-04,77.75,79.19999694824219,77.62000274658203,78.6500015258789,10.806917190551758,1249200
2015-02-05,78.66000366210938,78.88999938964844,77.23999786376953,77.36000061035156,10.629663467407227,1922900
2015-02-06,76.45999908447266,78.38999938964844,76.45999908447266,77.98999786376953,10.716228485107422,1981500
2015-02-09,78.02999877929688,78.37000274658203,77.51000213623047,77.87999725341797,10.701111793518066,939900
2015-02-10,78.69000244140625,79.11000061035156,77.70999908447266,78.79000091552734,10.826152801513672,1273100
2015-02-11,78.91999816894531,79.52999877929688,78.4000015258789,79.48999786376953,10.922333717346191,1656300
2015-02-12,80.5,81.44999694824219,77.7699966430664,78.30000305175781,10.75882625579834,2782800
2015-02-13,77.55000305175781,77.77999877929688,76.1500015258789,76.94999694824219,10.573326110839844,2685000
2015-02-17,76.55999755859375,77.47000122070312,76.26000213623047,77.06999969482422,10.589813232421875,1518100
2015-02-18,76.68000030517578,78.30000305175781,76.68000030517578,78.0199966430664,10.720351219177246,1377400
2015-02-19,78.05000305175781,78.80000305175781,77.94999694824219,78.22000122070312,10.747833251953125,1626800
2015-02-20,77.98999786376953,78.83999633789062,77.41999816894531,78.81999969482422,10.830272674560547,1322300
2015-02-23,78.81999969482422,79.0,78.44000244140625,78.8499984741211,10.834399223327637,874500
2015-02-24,78.68000030517578,79.08000183105469,78.33999633789062,78.91000366210938,10.842642784118652,1488900
2015-02-25,79.0,79.2300033569336,78.51000213623047,79.02999877929688,10.859129905700684,813900
2015-02-26,79.06999969482422,79.06999969482422,77.9000015258789,78.19000244140625,10.743707656860352,3503100
2015-02-27,78.19000244140625,79.0999984741211,78.11000061035156,78.79000091552734,10.826152801513672,1398500
2015-03-02,78.93000030517578,79.41999816894531,78.79000091552734,79.19999694824219,10.882486343383789,1039100
2015-03-03,79.26000213623047,79.30999755859375,78.48999786376953,78.98999786376953,10.853632926940918,1059100
2015-03-04,78.97000122070312,78.98999786376953,77.66000366210938,78.0199966430664,10.720351219177246,1826500
2015-03-05,78.33000183105469,79.05000305175781,78.06999969482422,78.9000015258789,10.841267585754395,1376700
2015-03-06,78.80000305175781,78.80000305175781,78.08999633789062,78.3499984741211,10.765693664550781,2182200
2015-03-09,78.37999725341797,79.05000305175781,78.16000366210938,78.79000091552734,10.826152801513672,1101900
2015-03-10,78.08000183105469,78.4800033569336,77.88999938964844,77.94999694824219,10.710733413696289,1061200
2015-03-11,78.0999984741211,78.0999984741211,76.77999877929688,76.87000274658203,10.562334060668945,898100
2015-03-12,76.75,77.61000061035156,76.75,77.55999755859375,10.724108695983887,864300
2015-03-13,77.2300033569336,77.48999786376953,76.44999694824219,76.69000244140625,10.603816032409668,1126200
2015-03-16,76.91000366210938,77.68000030517578,76.83000183105469,77.2699966430664,10.684008598327637,1523100
2015-03-17,76.7699966430664,76.98999786376953,75.4800033569336,75.73999786376953,10.472458839416504,1562800
2015-03-18,75.70999908447266,77.01000213623047,74.80999755859375,76.6500015258789,10.598281860351562,1458300
2015-03-19,76.37000274658203,76.83999633789062,75.72000122070312,76.11000061035156,10.523616790771484,1006900
2015-03-20,76.4800033569336,77.06999969482422,76.18000030517578,77.02999877929688,10.650825500488281,1826100
2015-03-23,77.0,77.6500015258789,77.0,77.4000015258789,10.701981544494629,1462500
2015-03-24,77.37000274658203,78.11000061035156,77.2699966430664,77.61000061035156,10.731021881103516,1228200
2015-03-25,78.0199966430664,78.2300033569336,77.16000366210938,77.16999816894531,10.670185089111328,1464200
2015-03-26,77.94999694824219,79.44000244140625,77.9000015258789,79.0999984741211,10.937041282653809,2313000
2015-03-27,79.5,79.63999938964844,78.54000091552734,78.91999816894531,10.912153244018555,1690500
2015-03-30,79.01000213623047,79.9800033569336,78.52999877929688,79.66999816894531,11.015852928161621,1247700
2015-03-31,79.26000213623047,79.80999755859375,78.41000366210938,78.4800033569336,10.851314544677734,1910200
2015-04-01,78.61000061035156,78.72000122070312,77.91999816894531,78.5,10.85407829284668,1899100
2015-04-02,78.55000305175781,78.55000305175781,77.94000244140625,78.12000274658203,10.80154037475586,1880500
2015-04-06,78.0,79.66999816894531,77.7699966430664,78.68000030517578,10.8789701461792,1982200
2015-04-07,79.08999633789062,79.56999969482422,79.0199966430664,79.33000183105469,10.968842506408691,2187500
2015-04-08,79.29000091552734,79.51000213623047,78.48999786376953,78.81999969482422,10.898324966430664,1546300
2015-04-09,78.87999725341797,79.27999877929688,78.63999938964844,79.0199966430664,10.92597770690918,1348700
2015-04-10,79.19000244140625,79.37999725341797,78.55999755859375,78.72000122070312,10.884499549865723,1354900
2015-04-13,78.72000122070312,78.88999938964844,78.08000183105469,78.0999984741211,10.798774719238281,861500
2015-04-14,77.98999786376953,78.4000015258789,77.5999984741211,78.1500015258789,10.80568790435791,1159400
2015-04-15,78.44999694824219,79.04000091552734,77.79000091552734,78.0199966430664,10.787712097167969,1321500
2015-04-16,78.1500015258789,78.58999633789062,77.9000015258789,78.36000061035156,10.834725379943848,976900
2015-04-17,77.9000015258789,78.06999969482422,76.66999816894531,76.9800033569336,10.643913269042969,1025900
2015-04-20,77.19999694824219,78.43000030517578,77.16000366210938,77.79000091552734,10.755911827087402,919000
2015-04-21,78.1500015258789,79.44000244140625,78.12000274658203,79.19000244140625,10.94948673248291,1862800
2015-04-22,79.5199966430664,79.58999633789062,78.06999969482422,78.80999755859375,10.896944046020508,1436900
2015-04-23,79.5999984741211,79.9800033569336,78.2699966430664,78.94999694824219,10.916303634643555,1884400
2015-04-24,79.19000244140625,79.73999786376953,78.66999816894531,78.86000061035156,10.903858184814453,1273800
2015-04-27,79.16999816894531,79.16999816894531,77.05999755859375,77.23999786376953,10.679861068725586,1204200
2015-04-28,77.13999938964844,77.61000061035156,76.08000183105469,76.25,10.542976379394531,1771900
2015-04-29,76.22000122070312,76.2699966430664,74.7699966430664,75.30000305175781,10.411622047424316,1896700
2015-04-30,75.18000030517578,75.55999755859375,74.2300033569336,74.58000183105469,10.3120698928833,1467700
2015-05-01,74.83000183105469,75.98999786376953,74.72000122070312,75.97000122070312,10.504261016845703,1470300
2015-05-04,75.80999755859375,76.29000091552734,75.69000244140625,76.16999816894531,10.531914710998535,781400
2015-05-05,75.86000061035156,76.33999633789062,75.23999786376953,75.55000305175781,10.446186065673828,790600
2015-05-06,75.8499984741211,76.23999786376953,75.30000305175781,75.5199966430664,10.442041397094727,1063300
2015-05-07,75.80000305175781,76.26000213623047,75.5999984741211,75.75,10.473840713500977,1194500
2015-05-08,76.37000274658203,76.9000015258789,76.16000366210938,76.51000213623047,10.578929901123047,818400
2015-05-11,76.25,77.33000183105469,76.23999786376953,76.37000274658203,10.559569358825684,830200
2015-05-12,75.95999908447266,75.9800033569336,75.30000305175781,75.76000213623047,10.475226402282715,802000
2015-05-13,75.93000030517578,77.08000183105469,75.93000030517578,77.01000213623047,10.648061752319336,1976300
2015-05-14,77.3499984741211,77.91000366210938,77.18000030517578,77.66000366210938,10.737935066223145,993900
2015-05-15,77.62999725341797,78.47000122070312,77.16999816894531,77.41000366210938,10.70337200164795,1670700
2015-05-18,77.31999969482422,77.75,77.30999755859375,77.3499984741211,10.695074081420898,856700
2015-05-19,77.33999633789062,77.94000244140625,77.12999725341797,77.4800033569336,10.713044166564941,1576900
2015-05-20,77.58999633789062,77.91000366210938,77.4000015258789,77.4000015258789,10.701981544494629,1075400
2015-05-21,77.45999908447266,77.83999633789062,77.06999969482422,77.69000244140625,10.742080688476562,844200
2015-05-22,77.61000061035156,77.79000091552734,76.94999694824219,77.05999755859375,10.654975891113281,977900
2015-05-26,76.9800033569336,77.19999694824219,76.33999633789062,76.44000244140625,10.569246292114258,1069800
2015-05-27,76.66000366210938,77.45999908447266,76.4800033569336,77.37000274658203,10.69783878326416,824800
2015-05-28,77.13999938964844,77.51000213623047,76.63999938964844,76.98999786376953,10.645293235778809,900900
2015-05-29,76.86000061035156,77.08999633789062,76.25,76.63999938964844,10.596899032592773,883900
2015-06-01,76.7300033569336,77.06999969482422,76.16999816894531,76.45999908447266,10.572011947631836,690300
2015-06-02,76.45999908447266,76.5,75.68000030517578,76.0,10.50840950012207,621800
2015-06-03,76.41999816894531,76.4800033569336,75.69000244140625,76.13999938964844,10.527767181396484,1148800
2015-06-04,75.80999755859375,76.08999633789062,75.1500015258789,75.26000213623047,10.406091690063477,1082900
2015-06-05,75.13999938964844,75.25,73.30000305175781,73.86000061035156,10.212512969970703,1578100
2015-06-08,73.80999755859375,73.98999786376953,73.43000030517578,73.45999908447266,10.157207489013672,697700
2015-06-09,73.45999908447266,73.6500015258789,72.77999877929688,73.2699966430664,10.130934715270996,1291200
2015-06-10,73.62000274658203,74.30999755859375,73.4000015258789,74.04000091552734,10.237401008605957,1089200
2015-06-11,73.69000244140625,74.36000061035156,73.69000244140625,74.16999816894531,10.322298049926758,1064600
2015-06-12,73.91999816894531,74.13999938964844,73.5,73.54000091552734,10.234620094299316,673900
2015-06-15,73.33999633789062,73.63999938964844,72.58000183105469,72.75,10.124673843383789,1264900
2015-06-16,72.83000183105469,73.5999984741211,72.76000213623047,73.54000091552734,10.234620094299316,719300
2015-06-17,73.48999786376953,74.25,73.26000213623047,74.08999633789062,10.311161994934082,840900
2015-06-18,74.25,75.05999755859375,74.1500015258789,74.7699966430664,10.405797004699707,717100
2015-06-19,74.7699966430664,74.98999786376953,74.47000122070312,74.5999984741211,10.382140159606934,1283800
2015-06-22,74.88999938964844,75.33000183105469,74.6500015258789,74.68000030517578,10.393272399902344,465700
2015-06-23,74.58000183105469,74.81999969482422,74.23999786376953,74.25,10.333431243896484,566800
2015-06-24,74.33000183105469,75.36000061035156,74.33000183105469,74.41999816894531,10.35708999633789,982100
2015-06-25,74.5199966430664,75.02999877929688,74.45999908447266,74.69000244140625,10.394668579101562,1243400
2015-06-26,74.73999786376953,75.16000366210938,74.55999755859375,74.87000274658203,10.419716835021973,782400
2015-06-29,74.27999877929688,74.41999816894531,73.29000091552734,73.33000183105469,10.205389976501465,687400
2015-06-30,73.83999633789062,73.94000244140625,72.70999908447266,72.9000015258789,10.145548820495605,1216100
2015-07-01,73.30999755859375,74.56999969482422,73.16000366210938,74.56999969482422,10.377965927124023,1631600
2015-07-02,74.52999877929688,74.8499984741211,73.76000213623047,74.18000030517578,10.323686599731445,925600
2015-07-06,73.77999877929688,75.44999694824219,73.56999969482422,75.1500015258789,10.458686828613281,1443800
2015-07-07,75.23999786376953,77.52999877929688,75.16999816894531,77.33999633789062,10.763466835021973,1781100
2015-07-08,77.05999755859375,77.16000366210938,76.12999725341797,76.12999725341797,10.595072746276855,1096100
2015-07-09,77.06999969482422,77.77999877929688,76.22000122070312,76.33999633789062,10.624296188354492,1005700
2015-07-10,76.87999725341797,77.69999694824219,76.69000244140625,77.18000030517578,10.741199493408203,895900
2015-07-13,77.72000122070312,78.36000061035156,77.44000244140625,78.30999755859375,10.89846420288086,751700
2015-07-14,78.47000122070312,78.94000244140625,78.08000183105469,78.56999969482422,10.934646606445312,972100
2015-07-15,78.3499984741211,78.93000030517578,78.11000061035156,78.31999969482422,10.899855613708496,729300
2015-07-16,78.83000183105469,78.98999786376953,78.56999969482422,78.76000213623047,10.961091995239258,726100
2015-07-17,78.58999633789062,78.75,78.20999908447266,78.66999816894531,10.948566436767578,464700
2015-07-20,78.95999908447266,79.2699966430664,78.61000061035156,79.1500015258789,11.015369415283203,625500
2015-07-21,79.29000091552734,79.66999816894531,78.54000091552734,78.77999877929688,10.963871955871582,659500
2015-07-22,78.4800033569336,79.47000122070312,78.47000122070312,78.72000122070312,10.955525398254395,1024200
2015-07-23,78.93000030517578,79.37000274658203,76.43000030517578,77.26000213623047,10.752331733703613,1261300
2015-07-24,77.45999908447266,78.3499984741211,77.30000305175781,77.91999816894531,10.84418773651123,895800
2015-07-27,77.56999969482422,78.01000213623047,77.02999877929688,77.63999938964844,10.805218696594238,1381900
2015-07-28,77.91000366210938,79.08000183105469,77.80999755859375,78.9800033569336,10.99170970916748,1087700
2015-07-29,79.08999633789062,79.66000366210938,78.69999694824219,79.5,11.064078330993652,1309400
2015-07-30,79.08000183105469,80.0999984741211,79.0,79.81999969482422,11.108613967895508,1000600
2015-07-31,80.22000122070312,80.41000366210938,79.93000030517578,80.22000122070312,11.16428279876709,1504500
2015-08-03,80.33999633789062,81.05999755859375,80.22000122070312,80.61000061035156,11.218558311462402,788200
2015-08-04,80.5,81.73999786376953,80.5,81.52999877929688,11.346592903137207,1296500
2015-08-05,82.12000274658203,83.36000061035156,81.87000274658203,83.23999786376953,11.584573745727539,1989900
2015-08-06,83.37000274658203,83.56999969482422,82.0999984741211,82.29000091552734,11.452364921569824,1632300
2015-08-07,82.2699966430664,82.77999877929688,81.77999877929688,81.87000274658203,11.393912315368652,1191300
2015-08-10,82.37999725341797,82.66999816894531,81.52999877929688,81.7699966430664,11.37999153137207,974300
2015-08-11,81.30999755859375,81.91000366210938,81.19000244140625,81.66000366210938,11.364686965942383,788400
2015-08-12,81.20999908447266,81.80000305175781,80.52999877929688,81.61000061035156,11.35772705078125,992000
2015-08-13,81.51000213623047,82.5,81.5,82.12000274658203,11.42870807647705,609600
2015-08-14,82.06999969482422,82.4000015258789,81.7300033569336,82.25,11.446796417236328,653000
2015-08-17,81.86000061035156,83.0,81.86000061035156,83.0,11.551177024841309,610800
2015-08-18,82.80000305175781,83.12999725341797,82.56999969482422,82.77999877929688,11.520556449890137,713400
2015-08-19,82.37999725341797,83.20999908447266,81.83000183105469,82.58999633789062,11.49411392211914,1029200
2015-08-20,81.9000015258789,82.18000030517578,81.3499984741211,81.41999816894531,11.33128547668457,725900
2015-08-21,80.9800033569336,80.9800033569336,78.95999908447266,79.0,10.994489669799805,1309200
2015-08-24,75.98999786376953,77.81999969482422,72.0,76.75,10.681354522705078,1984600
2015-08-25,78.26000213623047,78.4800033569336,74.93000030517578,75.0199966430664,10.44058895111084,1593700
2015-08-26,76.31999969482422,76.68000030517578,73.80999755859375,76.62000274658203,10.663265228271484,3405900
2015-08-27,77.20999908447266,77.6500015258789,75.69000244140625,77.05999755859375,10.724499702453613,2228000
2015-08-28,76.7300033569336,77.16999816894531,76.33000183105469,77.11000061035156,10.731459617614746,1007800
2015-08-31,76.87999725341797,77.05000305175781,76.44000244140625,76.7300033569336,10.678572654724121,1166100
2015-09-01,75.5199966430664,76.29000091552734,75.08999633789062,75.41000366210938,10.494873046875,1820200
2015-09-02,76.08999633789062,76.62000274658203,75.66000366210938,76.61000061035156,10.661874771118164,1113700
2015-09-03,76.73999786376953,77.5,76.70999908447266,76.94999694824219,10.70919132232666,1116700
2015-09-04,76.19000244140625,76.30000305175781,75.30000305175781,75.7699966430664,10.544970512390137,1107200
2015-09-08,76.6500015258789,77.7699966430664,76.52999877929688,77.66999816894531,10.809393882751465,1320100
2015-09-09,78.05999755859375,78.23999786376953,75.80999755859375,76.0199966430664,10.579764366149902,1297900
2015-09-10,75.76000213623047,76.37000274658203,75.3499984741211,75.94999694824219,10.637184143066406,1001300
2015-09-11,75.6500015258789,76.47000122070312,75.58000183105469,76.44999694824219,10.707212448120117,997800
2015-09-14,76.43000030517578,76.5199966430664,75.91999816894531,76.19999694824219,10.672198295593262,913900
2015-09-15,76.4000015258789,77.04000091552734,76.04000091552734,76.80000305175781,10.756232261657715,1048900
2015-09-16,76.80999755859375,77.44999694824219,76.80999755859375,77.26000213623047,10.820657730102539,971100
2015-09-17,77.27999877929688,78.72000122070312,77.11000061035156,77.80999755859375,10.897687911987305,789300
2015-09-18,77.20999908447266,78.12999725341797,77.0,77.2300033569336,10.816455841064453,1453200
2015-09-21,77.5,78.22000122070312,77.5,78.05999755859375,10.932699203491211,880600
2015-09-22,77.2699966430664,77.5,76.55999755859375,77.26000213623047,10.820657730102539,1058900
2015-09-23,77.18000030517578,77.7300033569336,76.77999877929688,77.62999725341797,10.872478485107422,656600
2015-09-24,77.30000305175781,77.97000122070312,77.08000183105469,77.81999969482422,10.899092674255371,781200
2015-09-25,78.4800033569336,79.2699966430664,78.05999755859375,78.20999908447266,10.953707695007324,870300
2015-09-28,77.9800033569336,78.25,76.80000305175781,77.19000244140625,10.810857772827148,1267600
2015-09-29,77.12000274658203,78.43000030517578,77.0,78.23999786376953,10.957910537719727,1727600
2015-09-30,79.06999969482422,79.18000030517578,78.5199966430664,79.05000305175781,11.071359634399414,1379400
2015-10-01,78.94999694824219,79.31999969482422,78.38999938964844,79.22000122070312,11.09516429901123,1149900
2015-10-02,78.48999786376953,79.66999816894531,78.01000213623047,79.56999969482422,11.144183158874512,1031000
2015-10-05,80.44000244140625,82.69000244140625,80.44000244140625,82.56999969482422,11.564351081848145,1659700
2015-10-06,82.7699966430664,83.27999877929688,81.9000015258789,81.95999908447266,11.478914260864258,1219900
2015-10-07,82.04000091552734,83.11000061035156,81.83999633789062,83.11000061035156,11.639979362487793,1526800
2015-10-08,82.94000244140625,83.79000091552734,82.48999786376953,83.5999984741211,11.708606719970703,1056600
2015-10-09,83.41999816894531,84.18000030517578,83.37000274658203,83.69999694824219,11.722611427307129,1146100
2015-10-12,83.69000244140625,84.30000305175781,83.61000061035156,84.02999877929688,11.768829345703125,975800
2015-10-13,83.83999633789062,84.01000213623047,83.30000305175781,83.5999984741211,11.708606719970703,1153400
2015-10-14,83.5199966430664,83.63999938964844,82.63999938964844,82.80000305175781,11.596563339233398,951800
2015-10-15,83.41999816894531,83.52999877929688,82.44999694824219,82.9800033569336,11.621773719787598,867800
2015-10-16,83.05999755859375,84.1500015258789,82.98999786376953,84.12999725341797,11.782835960388184,1067700
2015-10-19,84.12999725341797,84.97000122070312,83.81999969482422,84.9000015258789,11.89067554473877,993700
2015-10-20,84.79000091552734,85.69999694824219,84.58000183105469,84.7300033569336,11.86686897277832,1200300
2015-10-21,84.77999877929688,85.68000030517578,84.6500015258789,84.81999969482422,11.879473686218262,1487500
2015-10-22,85.63999938964844,90.12000274658203,85.63999938964844,89.5999984741211,12.548937797546387,2486800
2015-10-23,90.19000244140625,90.80999755859375,89.19999694824219,89.88999938964844,12.58955192565918,2293100
2015-10-26,90.0,90.0,89.44000244140625,89.87999725341797,12.588154792785645,979500
2015-10-27,90.05000305175781,90.5199966430664,89.69999694824219,90.48999786376953,12.673585891723633,1541000
2015-10-28,90.81999969482422,90.94999694824219,89.91999816894531,90.93000030517578,12.735207557678223,1008800
2015-10-29,90.56999969482422,90.70999908447266,89.94000244140625,90.08000183105469,12.616162300109863,951900
2015-10-30,90.02999877929688,90.44000244140625,89.37000274658203,89.37000274658203,12.516724586486816,1222100
2015-11-02,89.81999969482422,89.83999633789062,88.95999908447266,89.13999938964844,12.484512329101562,1386700
2015-11-03,88.80000305175781,88.87000274658203,88.12000274658203,88.2300033569336,12.357061386108398,1758000
2015-11-04,88.4800033569336,88.4800033569336,87.80999755859375,88.18000030517578,12.350061416625977,907500
2015-11-05,88.37999725341797,88.38999938964844,87.48999786376953,87.69999694824219,12.282832145690918,1453100
2015-11-06,87.43000030517578,87.69999694824219,86.04000091552734,86.26000213623047,12.081155776977539,2199700
2015-11-09,86.22000122070312,86.30000305175781,85.5,85.9000015258789,12.030734062194824,1465000
2015-11-10,85.9000015258789,87.58999633789062,85.87000274658203,87.13999938964844,12.204402923583984,1466700
2015-11-11,87.45999908447266,89.23999786376953,87.36000061035156,88.4800033569336,12.392077445983887,1670000
2015-11-12,88.16999816894531,88.43000030517578,86.79000091552734,86.81999969482422,12.159584045410156,1117700
2015-11-13,86.91000366210938,88.0,86.5999984741211,86.86000061035156,12.165185928344727,1043300
2015-11-16,86.86000061035156,88.05999755859375,86.7300033569336,88.0199966430664,12.327646255493164,909400
2015-11-17,87.94999694824219,88.3499984741211,86.93000030517578,87.16000366210938,12.207202911376953,732300
2015-11-18,87.25,88.8499984741211,87.08000183105469,88.7699966430664,12.432692527770996,856600
2015-11-19,89.04000091552734,89.91000366210938,89.0199966430664,89.31999969482422,12.509720802307129,958900
2015-11-20,89.7300033569336,90.0,87.81999969482422,87.87999725341797,12.3080415725708,1319500
2015-11-23,88.31999969482422,89.52999877929688,88.0999984741211,89.13999938964844,12.484512329101562,1057600
2015-11-24,88.5,89.76000213623047,88.2699966430664,89.44000244140625,12.526527404785156,1219600
2015-11-25,89.38999938964844,89.95999908447266,89.04000091552734,89.79000091552734,12.575545310974121,1033700
2015-11-27,89.7300033569336,90.69000244140625,89.20999908447266,90.56999969482422,12.684788703918457,639400
2015-11-30,90.58999633789062,90.94999694824219,89.6500015258789,89.75,12.569947242736816,1813200
2015-12-01,90.16000366210938,91.7699966430664,90.0199966430664,91.63999938964844,12.834646224975586,1778600
2015-12-02,91.51000213623047,91.80000305175781,90.70999908447266,90.8499984741211,12.724007606506348,1065900
2015-12-03,90.79000091552734,91.05999755859375,89.41000366210938,89.79000091552734,12.575545310974121,1309700
2015-12-04,90.08000183105469,92.5,90.08000183105469,92.41999816894531,12.943892478942871,1214900
2015-12-07,92.2699966430664,92.52999877929688,91.11000061035156,91.81999969482422,12.859857559204102,1029400
2015-12-08,91.41999816894531,92.79000091552734,91.30999755859375,92.55999755859375,12.9635009765625,1349700
2015-12-09,92.05999755859375,92.83000183105469,90.66999816894531,90.94000244140625,12.736613273620605,1048700
2015-12-10,90.80000305175781,91.66999816894531,90.26000213623047,91.08000183105469,12.823904991149902,1104100
2015-12-11,90.12000274658203,91.23999786376953,89.8499984741211,90.44000244140625,12.733796119689941,1185700
2015-12-14,90.51000213623047,91.95999908447266,90.38999938964844,91.83000183105469,12.929505348205566,1717300
2015-12-15,92.19000244140625,93.83999633789062,92.19000244140625,93.33000183105469,13.140704154968262,1848000
2015-12-16,93.58999633789062,94.22000122070312,92.02999877929688,94.08000183105469,13.246302604675293,1483300
2015-12-17,93.91000366210938,93.91999816894531,92.75,93.02999877929688,13.098461151123047,1986200
2015-12-18,92.8499984741211,92.8499984741211,91.62000274658203,91.63999938964844,12.902753829956055,2012400
2015-12-21,92.3499984741211,92.44000244140625,91.37000274658203,92.18000030517578,12.978784561157227,1473300
2015-12-22,92.73999786376953,93.80000305175781,92.04000091552734,93.54000091552734,13.170269966125488,1207300
2015-12-23,94.01000213623047,94.1500015258789,93.63999938964844,93.8499984741211,13.213918685913086,1028700
2015-12-24,93.61000061035156,94.30999755859375,93.5,93.91999816894531,13.223770141601562,347000
2015-12-28,93.9000015258789,94.33000183105469,93.44000244140625,94.33000183105469,13.281502723693848,854700
2015-12-29,94.5999984741211,95.26000213623047,94.5999984741211,94.98999786376953,13.374428749084473,717600
2015-12-30,94.95999908447266,95.13999938964844,94.55000305175781,94.6500015258789,13.326556205749512,607200
2015-12-31,94.41000366210938,94.55000305175781,93.18000030517578,93.19999694824219,13.122397422790527,775700
2016-01-04,91.91000366210938,92.29000091552734,91.08000183105469,92.2300033569336,12.985824584960938,1484200
2016-01-05,92.48999786376953,93.70999908447266,92.37000274658203,93.37000274658203,13.146336555480957,1241400
2016-01-06,92.41000366210938,94.51000213623047,92.41000366210938,94.5,13.305438995361328,2904900
2016-01-07,93.2699966430664,94.51000213623047,93.01000213623047,93.29000091552734,13.135069847106934,2203200
2016-01-08,93.75,94.23999786376953,92.23999786376953,92.45999908447266,13.018203735351562,1231100
2016-01-11,92.69999694824219,93.27999877929688,91.62000274658203,92.5999984741211,13.037917137145996,1295400
2016-01-12,93.45999908447266,93.45999908447266,91.98999786376953,92.72000122070312,13.054815292358398,1028400
2016-01-13,91.45999908447266,92.0,90.27999877929688,90.38999938964844,12.726753234863281,1926400
2016-01-14,90.08999633789062,90.8499984741211,89.41999816894531,90.22000122070312,12.702820777893066,1596700
2016-01-15,88.62000274658203,89.58000183105469,88.37000274658203,89.16000366210938,12.553572654724121,1335000
2016-01-19,90.4800033569336,91.05999755859375,89.98999786376953,90.69999694824219,12.770402908325195,1268400
2016-01-20,89.73999786376953,91.26000213623047,88.9000015258789,90.22000122070312,12.702820777893066,2284900
2016-01-21,90.44999694824219,90.94000244140625,89.22000122070312,89.97000122070312,12.667619705200195,1644700
2016-01-22,91.7699966430664,91.87999725341797,89.51000213623047,90.55000305175781,12.749283790588379,2244000
2016-01-25,91.05000305175781,91.72000122070312,90.41999816894531,91.01000213623047,12.814050674438477,2156700
2016-01-26,91.22000122070312,91.86000061035156,91.05000305175781,91.41999816894531,12.87177562713623,1565400
2016-01-27,91.48999786376953,91.77999877929688,90.1500015258789,90.58000183105469,12.753506660461426,1180400
2016-01-28,90.70999908447266,92.2300033569336,90.51000213623047,92.06999969482422,12.963294982910156,2093300
2016-01-29,92.55999755859375,94.26000213623047,92.31999969482422,93.83999633789062,13.212508201599121,2228900
2016-02-01,93.76000213623047,95.87000274658203,93.6500015258789,95.52999877929688,13.450457572937012,1725800
2016-02-02,94.88999938964844,95.31999969482422,94.47000122070312,94.75,13.34063720703125,1636400
2016-02-03,95.18000030517578,95.36000061035156,93.01000213623047,93.19999694824219,13.122397422790527,1837900
2016-02-04,92.88999938964844,93.18000030517578,89.79000091552734,90.2300033569336,12.704229354858398,2144000
2016-02-05,90.3499984741211,90.66999816894531,88.80000305175781,89.3499984741211,12.580327033996582,1630400
2016-02-08,89.04000091552734,89.30000305175781,87.18000030517578,88.98999786376953,12.52963924407959,1919400
2016-02-09,88.2300033569336,90.86000061035156,88.22000122070312,90.31999969482422,12.716898918151855,1328300
2016-02-10,90.56999969482422,91.30999755859375,89.8499984741211,89.97000122070312,12.667619705200195,998300
2016-02-11,89.33999633789062,90.08000183105469,88.30999755859375,89.58999633789062,12.614117622375488,1400000
2016-02-12,90.62999725341797,92.1500015258789,89.98999786376953,91.97000122070312,12.949217796325684,1103600
2016-02-16,92.87000274658203,92.97000122070312,91.5999984741211,92.01000213623047,12.954848289489746,2024700
2016-02-17,89.08000183105469,91.51000213623047,88.6500015258789,89.33000183105469,12.577510833740234,3049200
2016-02-18,89.5999984741211,90.18000030517578,89.05999755859375,89.94000244140625,12.663395881652832,2885200
2016-02-19,89.97000122070312,90.7699966430664,89.20999908447266,90.54000091552734,12.747875213623047,1479800
2016-02-22,90.80000305175781,91.87999725341797,90.61000061035156,91.33000183105469,12.859105110168457,1365700
2016-02-23,91.13999938964844,92.58000183105469,90.76000213623047,92.08999633789062,12.96611213684082,1437100
2016-02-24,91.80999755859375,92.80000305175781,91.44000244140625,92.66999816894531,13.047775268554688,1342300
2016-02-25,92.97000122070312,93.33999633789062,92.38999938964844,93.20999908447266,13.123805046081543,1707600
2016-02-26,92.97000122070312,93.23999786376953,91.62999725341797,92.18000030517578,12.978784561157227,1076600
2016-02-29,91.94999694824219,92.55999755859375,91.48999786376953,91.52999877929688,12.8872652053833,1203900
2016-03-01,92.1500015258789,93.0,91.54000091552734,92.70999908447266,13.053407669067383,1492400
2016-03-02,92.56999969482422,92.7300033569336,91.48999786376953,91.9800033569336,12.950627326965332,1259300
2016-03-03,91.9000015258789,92.04000091552734,91.02999877929688,91.94999694824219,12.946402549743652,1318500
2016-03-04,92.0999984741211,92.45999908447266,91.29000091552734,91.77999877929688,12.922466278076172,1780000
2016-03-07,91.37999725341797,91.66000366210938,90.0199966430664,90.20999908447266,12.701414108276367,1945400
2016-03-08,90.0999984741211,91.68000030517578,90.01000213623047,90.75,12.777442932128906,2399400
2016-03-09,90.93000030517578,92.3499984741211,90.5999984741211,92.0199966430664,12.956254959106445,1382100
2016-03-10,92.02999877929688,92.87999725341797,91.33000183105469,92.12000274658203,12.970337867736816,1016900
2016-03-11,91.6500015258789,91.94999694824219,90.58000183105469,91.04000091552734,12.892444610595703,1372000
2016-03-14,91.2300033569336,91.41000366210938,90.37999725341797,90.75,12.8513822555542,1307200
2016-03-15,90.44999694824219,91.45999908447266,90.05999755859375,90.68000030517578,12.841469764709473,1180100
2016-03-16,90.22000122070312,90.58000183105469,89.26000213623047,90.19999694824219,12.773489952087402,1465900
2016-03-17,90.19999694824219,92.0,90.1500015258789,91.79000091552734,12.99866008758545,1604300
2016-03-18,91.7699966430664,91.7699966430664,90.27999877929688,90.3499984741211,12.7947359085083,2210900
2016-03-21,90.33999633789062,90.95999908447266,89.91000366210938,90.23999786376953,12.779157638549805,1648300
2016-03-22,90.16999816894531,90.27999877929688,89.12999725341797,89.37000274658203,12.655954360961914,1383800
2016-03-23,89.36000061035156,90.62000274658203,89.0,89.95999908447266,12.739509582519531,1491900
2016-03-24,89.54000091552734,90.0999984741211,88.0,88.2300033569336,12.49451732635498,1488200
2016-03-28,88.30000305175781,89.94000244140625,88.30000305175781,89.44000244140625,12.665868759155273,1128300
2016-03-29,89.44000244140625,90.1500015258789,89.3499984741211,90.0199966430664,12.748005867004395,1018400
2016-03-30,90.12999725341797,90.44999694824219,89.44999694824219,89.94000244140625,12.736674308776855,1240300
2016-03-31,90.05999755859375,90.44000244140625,89.33000183105469,89.41999816894531,12.663033485412598,1145500
2016-04-01,89.44999694824219,91.37000274658203,89.16999816894531,91.30000305175781,12.929268836975098,1660000
2016-04-04,91.4800033569336,91.80000305175781,90.44000244140625,91.0,12.886784553527832,1415400
2016-04-05,90.44999694824219,91.95999908447266,90.22000122070312,91.27999877929688,12.926437377929688,2442900
2016-04-06,91.16999816894531,91.44000244140625,90.19999694824219,91.23999786376953,12.920770645141602,1083600
2016-04-07,90.73999786376953,90.94999694824219,89.70999908447266,89.97000122070312,12.740924835205078,1620500
2016-04-08,90.18000030517578,91.83999633789062,89.9800033569336,91.5199966430664,12.960421562194824,1259900
2016-04-11,91.56999969482422,92.26000213623047,90.68000030517578,90.75,12.8513822555542,1206600
2016-04-12,90.73999786376953,91.47000122070312,90.44999694824219,90.5999984741211,12.830137252807617,989100
2016-04-13,90.68000030517578,90.69000244140625,89.26000213623047,89.36000061035156,12.654540061950684,1356200
2016-04-14,89.25,89.51000213623047,88.18000030517578,88.25,12.49734878540039,2009900
2016-04-15,88.30999755859375,88.4800033569336,87.76000213623047,88.43000030517578,12.52283763885498,1533200
2016-04-18,88.66999816894531,89.02999877929688,88.37000274658203,88.81999969482422,12.578068733215332,1196000
2016-04-19,89.0999984741211,89.80999755859375,88.62000274658203,89.58999633789062,12.687108039855957,1337500
2016-04-20,89.5,89.62999725341797,87.81999969482422,87.8499984741211,12.440706253051758,1283800
2016-04-21,87.69999694824219,87.97000122070312,86.02999877929688,86.41999816894531,12.238197326660156,1950100
2016-04-22,86.36000061035156,86.79000091552734,86.25,86.62000274658203,12.266519546508789,1470800
2016-04-25,86.51000213623047,87.70999908447266,86.44999694824219,87.62999725341797,12.409547805786133,1191100
2016-04-26,87.72000122070312,88.55999755859375,87.52999877929688,87.77999877929688,12.430790901184082,1535000
2016-04-27,89.30000305175781,90.5199966430664,89.13999938964844,90.37999725341797,12.798983573913574,2670600
2016-04-28,89.97000122070312,91.12000274658203,89.52999877929688,90.61000061035156,12.83155632019043,1554600
2016-04-29,90.48999786376953,90.95999908447266,90.0199966430664,90.91000366210938,12.874039649963379,1543000
2016-05-02,91.06999969482422,92.44999694824219,90.81999969482422,92.05999755859375,13.036893844604492,1409600
2016-05-03,91.88999938964844,92.6500015258789,91.6500015258789,92.05000305175781,13.035479545593262,1108200
2016-05-04,91.76000213623047,92.9800033569336,91.4000015258789,92.73999786376953,13.133191108703613,847900
2016-05-05,92.63999938964844,93.56999969482422,92.62999725341797,92.9800033569336,13.167180061340332,980000
2016-05-06,92.83000183105469,94.12000274658203,92.58999633789062,93.94999694824219,13.304542541503906,925900
2016-05-09,93.94999694824219,95.01000213623047,93.94999694824219,94.88999938964844,13.43765640258789,1094700
2016-05-10,95.05000305175781,95.77999877929688,94.66999816894531,95.43000030517578,13.514129638671875,1213000
2016-05-11,95.4000015258789,95.73999786376953,94.66000366210938,94.7699966430664,13.420663833618164,604200
2016-05-12,94.91999816894531,95.55999755859375,94.38999938964844,95.55999755859375,13.532541275024414,1124600
2016-05-13,95.41999816894531,95.83000183105469,94.5,94.91000366210938,13.440491676330566,803900
2016-05-16,94.76000213623047,94.94999694824219,93.72000122070312,94.43000030517578,13.372516632080078,1440400
2016-05-17,94.12999725341797,94.29000091552734,92.0,92.41000366210938,13.086459159851074,1118700
2016-05-18,92.19000244140625,92.73999786376953,91.36000061035156,91.8499984741211,13.007155418395996,1110100
2016-05-19,91.7699966430664,92.30999755859375,91.54000091552734,92.19999694824219,13.056716918945312,664900
2016-05-20,92.68000030517578,92.68000030517578,91.13999938964844,91.20999908447266,12.916523933410645,884200
2016-05-23,91.5,92.29000091552734,91.19999694824219,91.91000366210938,13.015653610229492,914500
2016-05-24,92.1500015258789,93.01000213623047,92.12000274658203,92.69000244140625,13.12610912322998,832700
2016-05-25,92.5,92.80999755859375,91.73999786376953,91.7699966430664,12.995827674865723,788300
2016-05-26,91.94000244140625,92.38999938964844,91.73999786376953,92.18000030517578,13.053886413574219,941000
2016-05-27,92.18000030517578,92.70999908447266,91.8499984741211,92.1500015258789,13.049637794494629,703100
2016-05-31,92.37999725341797,92.69000244140625,91.0,91.4000015258789,12.943428993225098,2048500
2016-06-01,91.58000183105469,92.5199966430664,91.4000015258789,92.3499984741211,13.077963829040527,1125900
2016-06-02,92.12000274658203,92.37000274658203,91.80000305175781,92.04000091552734,13.034062385559082,669500
2016-06-03,92.08000183105469,92.79000091552734,91.93000030517578,92.70999908447266,13.128941535949707,657800
2016-06-06,92.69999694824219,92.94000244140625,92.13999938964844,92.31999969482422,13.073712348937988,560800
2016-06-07,92.3499984741211,92.41999816894531,91.69000244140625,91.77999877929688,12.997244834899902,881300
2016-06-08,91.56999969482422,91.94999694824219,91.0,91.86000061035156,13.00857162475586,848700
2016-06-09,91.83000183105469,92.48999786376953,91.45999908447266,92.37000274658203,13.080794334411621,1079100
2016-06-10,91.58999633789062,92.45999908447266,91.4800033569336,92.22000122070312,13.134917259216309,1026000
2016-06-13,92.27999877929688,92.8499984741211,91.54000091552734,91.62999725341797,13.050884246826172,841800
2016-06-14,91.18000030517578,91.83999633789062,90.2300033569336,91.72000122070312,13.063701629638672,1204500
2016-06-15,91.77999877929688,92.0199966430664,90.9800033569336,91.30000305175781,13.00388240814209,983400
2016-06-16,91.0199966430664,92.47000122070312,90.9000015258789,92.41000366210938,13.161978721618652,1201500
2016-06-17,91.97000122070312,92.06999969482422,90.55999755859375,91.37000274658203,13.013854026794434,1677600
2016-06-20,91.93000030517578,92.62999725341797,91.87000274658203,91.97000122070312,13.099308013916016,815500
2016-06-21,92.37999725341797,92.88999938964844,92.05999755859375,92.37000274658203,13.156283378601074,631700
2016-06-22,92.55000305175781,92.9000015258789,92.01000213623047,92.11000061035156,13.119250297546387,870600
2016-06-23,92.51000213623047,92.63999938964844,92.08000183105469,92.56999969482422,13.184770584106445,418300
2016-06-24,90.72000122070312,92.86000061035156,90.18000030517578,92.18000030517578,13.129220962524414,1412400
2016-06-27,91.91000366210938,96.27999877929688,91.80000305175781,95.8499984741211,13.651939392089844,3613300
2016-06-28,95.63999938964844,95.63999938964844,93.72000122070312,94.7300033569336,13.492417335510254,2098700
2016-06-29,95.05999755859375,95.58999633789062,93.61000061035156,94.08000183105469,13.399836540222168,1336900
2016-06-30,94.05000305175781,96.6500015258789,94.04000091552734,96.62999725341797,13.763032913208008,1500400
2016-07-01,97.06999969482422,97.06999969482422,95.56999969482422,95.6500015258789,13.62345027923584,995600
2016-07-05,95.79000091552734,98.06999969482422,95.54000091552734,97.33999633789062,13.86415958404541,967700
2016-07-06,97.5199966430664,98.13999938964844,96.4800033569336,97.73999786376953,13.921131134033203,1592900
2016-07-07,98.02999877929688,98.4000015258789,96.83999633789062,97.01000213623047,13.817155838012695,915100
2016-07-08,97.25,97.43000030517578,96.5199966430664,97.12999725341797,13.834251403808594,822500
2016-07-11,96.68000030517578,96.83999633789062,96.0199966430664,96.54000091552734,13.750216484069824,876200
2016-07-12,96.22000122070312,96.97000122070312,96.16999816894531,96.80999755859375,13.788671493530273,830600
2016-07-13,96.70999908447266,97.3499984741211,96.33000183105469,97.20999908447266,13.845643997192383,703600
2016-07-14,95.94000244140625,97.54000091552734,95.94000244140625,96.94999694824219,13.808612823486328,727600
2016-07-15,97.08999633789062,97.4000015258789,96.76000213623047,97.01000213623047,13.817155838012695,593800
2016-07-18,97.19000244140625,97.20999908447266,96.19000244140625,96.62000274658203,13.76161003112793,439300
2016-07-19,96.66999816894531,97.87000274658203,96.58999633789062,97.86000061035156,13.938223838806152,963200
2016-07-20,97.97000122070312,98.33000183105469,97.33000183105469,97.79000091552734,13.928253173828125,1218200
2016-07-21,97.29000091552734,97.5999984741211,97.06999969482422,97.56999969482422,13.896921157836914,786700
2016-07-22,97.68000030517578,98.41999816894531,97.56999969482422,98.33999633789062,14.006590843200684,671400
2016-07-25,98.19999694824219,98.3499984741211,97.19999694824219,98.0199966430664,13.961010932922363,896700
2016-07-26,97.91000366210938,98.08000183105469,97.12000274658203,97.19000244140625,13.842795372009277,1040400
2016-07-27,96.73999786376953,97.05999755859375,94.55000305175781,96.19999694824219,13.701789855957031,1923700
2016-07-28,96.19999694824219,98.08000183105469,96.19999694824219,97.87000274658203,13.939650535583496,1124100
2016-07-29,97.86000061035156,98.80000305175781,97.86000061035156,98.51000213623047,14.030801773071289,980300
2016-08-01,98.33000183105469,98.44999694824219,97.81999969482422,98.0,13.958165168762207,1309400
2016-08-02,97.77999877929688,98.16000366210938,96.69999694824219,97.01000213623047,13.817155838012695,1347900
2016-08-03,97.37000274658203,97.37000274658203,96.30000305175781,96.66000366210938,13.767309188842773,887100
2016-08-04,96.70999908447266,97.48999786376953,96.44999694824219,97.19000244140625,13.842795372009277,873000
2016-08-05,97.51000213623047,98.23999786376953,96.43000030517578,96.77999877929688,13.784398078918457,1129700
2016-08-08,96.77999877929688,96.77999877929688,95.51000213623047,95.93000030517578,13.66333293914795,1110200
2016-08-09,96.02999877929688,96.76000213623047,95.69999694824219,95.9000015258789,13.65906047821045,1293700
2016-08-10,95.8499984741211,97.31999969482422,95.69999694824219,97.02999877929688,13.820005416870117,1099000
2016-08-11,97.37000274658203,97.68000030517578,96.6500015258789,96.9800033569336,13.812887191772461,944500
2016-08-12,97.19999694824219,97.48999786376953,96.87000274658203,97.2300033569336,13.848490715026855,655600
2016-08-15,97.31999969482422,97.41999816894531,96.91999816894531,97.0,13.815735816955566,699300
2016-08-16,96.6500015258789,96.95999908447266,95.16000366210938,95.20999908447266,13.560783386230469,1434000
2016-08-17,95.33999633789062,96.01000213623047,94.86000061035156,95.88999938964844,13.657637596130371,1484300
2016-08-18,95.69000244140625,96.2699966430664,95.43000030517578,95.63999938964844,13.622029304504395,726200
2016-08-19,95.61000061035156,95.73999786376953,94.41000366210938,94.94999694824219,13.523750305175781,1388300
2016-08-22,94.97000122070312,95.18000030517578,94.23999786376953,94.47000122070312,13.455387115478516,2013500
2016-08-23,94.45999908447266,95.12000274658203,92.91000366210938,93.47000122070312,13.312956809997559,1545200
2016-08-24,93.13999938964844,94.06999969482422,92.80999755859375,93.41000366210938,13.304409980773926,1373400
2016-08-25,93.52999877929688,93.87999725341797,93.16000366210938,93.5199966430664,13.320074081420898,1188700
2016-08-26,93.72000122070312,94.27999877929688,93.08000183105469,93.27999877929688,13.285893440246582,884400
2016-08-29,93.5199966430664,93.77999877929688,93.0999984741211,93.38999938964844,13.301560401916504,778300
2016-08-30,93.45999908447266,93.70999908447266,92.91999816894531,93.16999816894531,13.270227432250977,963200
2016-08-31,93.18000030517578,93.86000061035156,92.93000030517578,93.69999694824219,13.345712661743164,1107000
2016-09-01,93.58999633789062,93.77999877929688,92.61000061035156,93.31999969482422,13.291593551635742,1182800
2016-09-02,93.58999633789062,94.56999969482422,93.41999816894531,94.45999908447266,13.453962326049805,945900
2016-09-06,94.33000183105469,94.68000030517578,93.44999694824219,93.97000122070312,13.384171485900879,1460700
2016-09-07,93.56999969482422,93.97000122070312,92.75,93.55000305175781,13.324352264404297,1295000
2016-09-08,93.1500015258789,93.87999725341797,92.7699966430664,92.98999786376953,13.244587898254395,1172800
2016-09-09,91.93000030517578,91.93000030517578,89.83000183105469,89.83999633789062,12.869281768798828,1488900
2016-09-12,90.19000244140625,91.3499984741211,89.94000244140625,91.26000213623047,13.072693824768066,1561100
2016-09-13,91.02999877929688,91.36000061035156,89.97000122070312,90.05000305175781,12.899365425109863,1284300
2016-09-14,90.19000244140625,90.80000305175781,90.02999877929688,90.27999877929688,12.932311058044434,756800
2016-09-15,90.11000061035156,90.54000091552734,89.9000015258789,90.22000122070312,12.923717498779297,1031600
2016-09-16,90.08999633789062,90.88999938964844,89.44999694824219,90.75,12.99963665008545,1381100
2016-09-19,90.66000366210938,90.9800033569336,90.5999984741211,90.7699966430664,13.00250244140625,886900
2016-09-20,91.08999633789062,91.3499984741211,90.48999786376953,90.79000091552734,13.005366325378418,1200400
2016-09-21,90.70999908447266,91.63999938964844,90.13999938964844,91.4000015258789,13.092747688293457,996200
2016-09-22,91.83000183105469,92.2300033569336,91.52999877929688,92.0,13.178694725036621,1068100
2016-09-23,91.62000274658203,92.22000122070312,91.19999694824219,91.61000061035156,13.12282943725586,1261800
2016-09-26,91.5,91.51000213623047,90.19999694824219,90.29000091552734,12.933741569519043,1178300
2016-09-27,90.83999633789062,90.94999694824219,90.19999694824219,90.6500015258789,12.985310554504395,1283800
2016-09-28,90.80000305175781,91.36000061035156,90.5,91.27999877929688,13.075555801391602,1110200
2016-09-29,91.47000122070312,91.98999786376953,90.5999984741211,90.72000122070312,12.995340347290039,1042700
2016-09-30,91.16999816894531,91.6500015258789,90.5999984741211,91.30999755859375,13.079854011535645,969500
2016-10-03,90.93000030517578,90.9800033569336,90.11000061035156,90.76000213623047,13.001067161560059,1101800
2016-10-04,88.25,88.87999725341797,85.31999969482422,86.86000061035156,12.442407608032227,3466500
2016-10-05,87.02999877929688,88.1500015258789,86.94999694824219,87.12000274658203,12.47965145111084,2147600
2016-10-06,86.80999755859375,88.31999969482422,86.70999908447266,88.04000091552734,12.611440658569336,1211300
2016-10-07,88.12999725341797,88.23999786376953,87.04000091552734,87.48999786376953,12.532652854919434,1251500
2016-10-10,87.61000061035156,87.91000366210938,87.01000213623047,87.79000091552734,12.575627326965332,1052700
2016-10-11,87.7300033569336,87.83000183105469,86.7699966430664,87.13999938964844,12.482514381408691,860400
2016-10-12,87.20999908447266,87.58999633789062,86.83999633789062,87.3499984741211,12.512595176696777,1597000
2016-10-13,86.98999786376953,87.63999938964844,86.66000366210938,87.36000061035156,12.514032363891602,1250100
2016-10-14,87.36000061035156,87.73999786376953,87.0199966430664,87.12000274658203,12.47965145111084,1048500
2016-10-17,87.36000061035156,87.69999694824219,87.01000213623047,87.66999816894531,12.558438301086426,1019600
2016-10-18,88.0999984741211,88.37000274658203,87.63999938964844,87.66000366210938,12.557004928588867,752400
2016-10-19,87.62000274658203,88.29000091552734,87.0199966430664,88.0199966430664,12.608572006225586,1235500
2016-10-20,88.0,88.36000061035156,87.04000091552734,87.12000274658203,12.47965145111084,966900
2016-10-21,87.0,87.94000244140625,86.81999969482422,87.86000061035156,12.585654258728027,1015600
2016-10-24,87.87000274658203,88.58000183105469,87.76000213623047,88.31999969482422,12.651545524597168,1199400
2016-10-25,88.08000183105469,88.41000366210938,87.6500015258789,88.31999969482422,12.651545524597168,1540400
2016-10-26,88.45999908447266,90.9000015258789,88.0,88.61000061035156,12.69308853149414,2351600
2016-10-27,90.2300033569336,90.2300033569336,86.62999725341797,87.08999633789062,12.475351333618164,2141400
2016-10-28,87.37000274658203,88.44999694824219,87.16999816894531,88.23999786376953,12.640088081359863,1654600
2016-10-31,88.26000213623047,88.43000030517578,87.5199966430664,87.79000091552734,12.575627326965332,1324700
2016-11-01,87.55999755859375,87.69999694824219,86.56999969482422,86.80999755859375,12.435243606567383,1448600
2016-11-02,86.81999969482422,87.68000030517578,86.81999969482422,87.05000305175781,12.469625473022461,858200
2016-11-03,87.20999908447266,87.48999786376953,86.4800033569336,86.66000366210938,12.413758277893066,880900
2016-11-04,86.7300033569336,87.12999725341797,86.43000030517578,86.52999877929688,12.395137786865234,1100600
2016-11-07,87.12000274658203,87.73999786376953,87.12000274658203,87.69999694824219,12.56273365020752,1164500
2016-11-08,87.52999877929688,88.88999938964844,87.47000122070312,88.55000305175781,12.684494972229004,835100
2016-11-09,86.83999633789062,87.19999694824219,84.5,85.93000030517578,12.309187889099121,1453100
2016-11-10,85.18000030517578,85.18000030517578,83.01000213623047,83.23999786376953,11.92385196685791,2098000
2016-11-11,82.7699966430664,82.80000305175781,81.05000305175781,82.37999725341797,11.80066204071045,1652000
2016-11-14,82.51000213623047,82.66999816894531,81.55000305175781,82.44000244140625,11.809257507324219,1752600
2016-11-15,82.56999969482422,83.4800033569336,82.36000061035156,83.26000213623047,11.926717758178711,1359900
2016-11-16,83.37999725341797,83.52999877929688,82.37000274658203,82.86000061035156,11.86941909790039,1310100
2016-11-17,82.87000274658203,83.08999633789062,82.23999786376953,83.04000091552734,11.895203590393066,1158600
2016-11-18,82.94000244140625,83.66000366210938,82.88999938964844,83.4800033569336,11.958233833312988,1416800
2016-11-21,83.4800033569336,85.30999755859375,83.25,85.25,12.211780548095703,1467100
2016-11-22,85.9000015258789,87.73999786376953,85.58000183105469,87.5,12.534086227416992,2477300
2016-11-23,86.83999633789062,88.19000244140625,86.83999633789062,87.26000213623047,12.499707221984863,2376900
2016-11-25,87.86000061035156,88.77999877929688,87.5,88.0199966430664,12.608572006225586,828200
2016-11-28,88.11000061035156,89.0199966430664,88.02999877929688,88.83000183105469,12.724601745605469,1329200
2016-11-29,88.8499984741211,89.66000366210938,88.51000213623047,89.44999694824219,12.81341552734375,1668100
2016-11-30,88.68000030517578,89.16000366210938,86.56999969482422,86.73999786376953,12.425216674804688,4577800
2016-12-01,86.2699966430664,86.44000244140625,84.05999755859375,85.19999694824219,12.204612731933594,1799700
2016-12-02,85.38999938964844,86.19999694824219,84.76000213623047,85.12999725341797,12.194591522216797,1926400
2016-12-05,85.3499984741211,85.95999908447266,85.16999816894531,85.94999694824219,12.312051773071289,1467400
2016-12-06,86.56999969482422,87.37000274658203,86.0,87.3499984741211,12.512595176696777,1533400
2016-12-07,87.08999633789062,88.58000183105469,87.0,88.55000305175781,12.684494972229004,1978800
2016-12-08,87.77999877929688,88.11000061035156,87.36000061035156,87.7300033569336,12.567030906677246,1832100
2016-12-09,87.16999816894531,89.94000244140625,87.16999816894531,89.83999633789062,12.947500228881836,2374800
2016-12-12,89.81999969482422,90.56999969482422,89.54000091552734,90.33000183105469,13.018120765686035,2048800
2016-12-13,90.27999877929688,90.54000091552734,89.79000091552734,90.05000305175781,12.977767944335938,1933400
2016-12-14,90.48999786376953,90.66999816894531,89.22000122070312,89.75,12.93453311920166,3400300
2016-12-15,89.5999984741211,90.62999725341797,89.5,90.5199966430664,13.045498847961426,1552400
2016-12-16,90.41999816894531,90.93000030517578,90.12999725341797,90.6500015258789,13.06423568725586,2359700
2016-12-19,90.69999694824219,90.81999969482422,90.02999877929688,90.3499984741211,13.021000862121582,990700
2016-12-20,90.29000091552734,90.62999725341797,89.70999908447266,90.47000122070312,13.038293838500977,1193600
2016-12-21,90.58999633789062,91.06999969482422,90.25,90.30000305175781,13.013795852661133,1011000
2016-12-22,90.1500015258789,90.62999725341797,89.6500015258789,90.51000213623047,13.044060707092285,1033700
2016-12-23,90.6500015258789,91.04000091552734,90.37999725341797,90.77999877929688,13.08297348022461,586100
2016-12-27,90.87999725341797,91.05000305175781,90.4800033569336,90.87000274658203,13.095943450927734,591300
2016-12-28,90.52999877929688,90.6500015258789,90.1500015258789,90.45999908447266,13.036855697631836,890900
2016-12-29,90.61000061035156,91.13999938964844,90.5999984741211,90.95999908447266,13.10891056060791,512800
2016-12-30,91.13999938964844,91.13999938964844,90.37000274658203,90.66999816894531,13.067117691040039,736600
2017-01-03,90.66999816894531,91.16999816894531,90.4000015258789,90.86000061035156,13.094502449035645,934000
2017-01-04,91.0999984741211,91.73999786376953,90.95999908447266,91.29000091552734,13.156472206115723,940500
2017-01-05,91.01000213623047,91.69000244140625,90.70999908447266,91.37000274658203,13.168004989624023,1157700
2017-01-06,91.0999984741211,91.27999877929688,90.48999786376953,90.93000030517578,13.104589462280273,951600
2017-01-09,91.69000244140625,91.75,90.47000122070312,90.54000091552734,13.048382759094238,1299200
2017-01-10,90.37000274658203,90.5999984741211,89.72000122070312,90.08000183105469,12.982090950012207,1886700
2017-01-11,89.80000305175781,90.69999694824219,89.72000122070312,90.0199966430664,12.973443031311035,1713500
2017-01-12,89.7699966430664,90.19999694824219,89.22000122070312,89.48999786376953,12.897059440612793,1236000
2017-01-13,89.7300033569336,89.98999786376953,89.05999755859375,89.54000091552734,12.904268264770508,886700
2017-01-17,89.69999694824219,90.41000366210938,89.5999984741211,90.26000213623047,13.00803279876709,1003000
2017-01-18,90.19999694824219,90.72000122070312,89.98999786376953,90.33999633789062,13.019562721252441,1526000
2017-01-19,90.45999908447266,90.62999725341797,90.0,90.37000274658203,13.023882865905762,695200
2017-01-20,90.66999816894531,90.91999816894531,89.91999816894531,90.69999694824219,13.071440696716309,960900
2017-01-23,90.68000030517578,91.26000213623047,90.5199966430664,91.20999908447266,13.144944190979004,779500
2017-01-24,91.20999908447266,91.5999984741211,90.70999908447266,91.44999694824219,13.179532051086426,1030600
2017-01-25,91.55000305175781,91.7300033569336,91.0199966430664,91.11000061035156,13.130531311035156,1218300
2017-01-26,91.11000061035156,91.44000244140625,90.18000030517578,90.62999725341797,13.061355590820312,1216500
2017-01-27,90.80000305175781,90.87000274658203,89.76000213623047,90.02999877929688,12.974884033203125,709000
2017-01-30,90.16999816894531,90.7300033569336,89.83999633789062,90.69000244140625,13.070002555847168,1082000
2017-01-31,90.55999755859375,91.62999725341797,90.33000183105469,91.19999694824219,13.143500328063965,1126900
2017-02-01,91.19999694824219,91.22000122070312,90.20999908447266,90.41000366210938,13.029650688171387,1000500
2017-02-02,90.83999633789062,91.77999877929688,90.5,91.58000183105469,13.19826602935791,988000
2017-02-03,92.0,92.54000091552734,91.58000183105469,91.72000122070312,13.218440055847168,743100
2017-02-06,91.80000305175781,91.80000305175781,91.12000274658203,91.18000030517578,13.140620231628418,593100
2017-02-07,91.5999984741211,92.76000213623047,91.37999725341797,92.58000183105469,13.342382431030273,872100
2017-02-08,92.4000015258789,93.36000061035156,92.12999725341797,92.77999877929688,13.371206283569336,1049000
2017-02-09,92.77999877929688,93.33000183105469,91.8499984741211,93.18000030517578,13.428854942321777,905900
2017-02-10,93.19999694824219,93.86000061035156,92.93000030517578,93.55999755859375,13.48361873626709,887400
2017-02-13,93.55999755859375,94.08000183105469,92.73999786376953,93.48999786376953,13.473530769348145,1683200
2017-02-14,90.51000213623047,93.72000122070312,90.0,93.06999969482422,13.413002014160156,2085200
2017-02-15,92.5,93.12000274658203,91.63999938964844,92.81999969482422,13.376972198486328,1944600
2017-02-16,92.93000030517578,94.20999908447266,92.9000015258789,94.06999969482422,13.55711555480957,1603200
2017-02-17,93.86000061035156,94.79000091552734,93.56999969482422,93.9800033569336,13.544147491455078,1593900
2017-02-21,93.91000366210938,94.80000305175781,93.56999969482422,94.56999969482422,13.62917423248291,968000
2017-02-22,94.5999984741211,95.1500015258789,94.18000030517578,94.26000213623047,13.58449935913086,1534800
2017-02-23,94.26000213623047,95.08999633789062,94.05000305175781,94.62000274658203,13.636385917663574,901100
2017-02-24,94.76000213623047,95.05999755859375,94.16000366210938,94.79000091552734,13.660881996154785,1010200
2017-02-27,94.44999694824219,94.58999633789062,93.2699966430664,93.29000091552734,13.444706916809082,741700
2017-02-28,93.37999725341797,94.23999786376953,93.29000091552734,93.44000244140625,13.466323852539062,1708500
2017-03-01,93.30000305175781,93.83999633789062,92.93000030517578,93.27999877929688,13.443264961242676,1296500
2017-03-02,93.56999969482422,94.94999694824219,93.30000305175781,94.62000274658203,13.636385917663574,1061600
2017-03-03,95.5199966430664,95.5199966430664,94.26000213623047,94.91000366210938,13.678176879882812,1614600
2017-03-06,94.63999938964844,94.93000030517578,94.12999725341797,94.43000030517578,13.609001159667969,1275800
2017-03-07,93.9800033569336,94.76000213623047,93.81999969482422,94.2300033569336,13.580177307128906,1566300
2017-03-08,93.94999694824219,94.75,93.56999969482422,94.36000061035156,13.598910331726074,1056800
2017-03-09,94.76000213623047,94.98999786376953,94.19000244140625,94.58999633789062,13.632059097290039,1084700
2017-03-10,94.4800033569336,94.9000015258789,94.22000122070312,94.7300033569336,13.736464500427246,1694300
2017-03-13,94.55000305175781,94.93000030517578,94.19999694824219,94.70999908447266,13.733564376831055,950900
2017-03-14,94.52999877929688,95.38999938964844,94.5,94.6500015258789,13.724863052368164,864900
2017-03-15,94.76000213623047,96.43000030517578,94.51000213623047,96.12999725341797,13.939470291137695,1060900
2017-03-16,95.91999816894531,96.52999877929688,95.66999816894531,96.41000366210938,13.980074882507324,1765400
2017-03-17,96.51000213623047,96.5199966430664,95.55999755859375,95.58999633789062,13.861166000366211,1457600
2017-03-20,95.72000122070312,96.33000183105469,95.72000122070312,96.1500015258789,13.942373275756836,691800
2017-03-21,96.33999633789062,96.87999725341797,96.22000122070312,96.58000183105469,14.004728317260742,1240600
2017-03-22,96.9800033569336,97.38999938964844,96.37999725341797,96.9800033569336,14.062728881835938,1041700
2017-03-23,96.72000122070312,97.41999816894531,96.44000244140625,96.68000030517578,14.019227027893066,850800
2017-03-24,96.68000030517578,97.0999984741211,96.54000091552734,96.95999908447266,14.05982780456543,639000
2017-03-27,96.55999755859375,97.41000366210938,96.2300033569336,97.2300033569336,14.098980903625488,825500
2017-03-28,96.94000244140625,97.2699966430664,96.52999877929688,97.16999816894531,14.090279579162598,998200
2017-03-29,97.12000274658203,97.2300033569336,96.54000091552734,97.08999633789062,14.078678131103516,950200
2017-03-30,97.13999938964844,97.8499984741211,97.0,97.33999633789062,14.114930152893066,1049400
2017-03-31,97.41999816894531,98.16999816894531,97.22000122070312,97.91999816894531,14.19903564453125,1631800
2017-04-03,97.87999725341797,98.12999725341797,97.08999633789062,97.41000366210938,14.125081062316895,1087600
2017-04-04,97.16999816894531,97.75,96.80999755859375,97.55000305175781,14.145383834838867,816200
2017-04-05,97.2699966430664,97.58000183105469,96.55999755859375,96.91999816894531,14.054027557373047,1450100
2017-04-06,96.5199966430664,97.0,96.08999633789062,96.23999786376953,13.955423355102539,1110600
2017-04-07,96.33999633789062,96.72000122070312,96.20999908447266,96.55000305175781,14.000375747680664,983800
2017-04-10,96.69999694824219,97.25,96.16999816894531,97.08999633789062,14.078678131103516,939800
2017-04-11,96.98999786376953,97.18000030517578,96.72000122070312,97.12000274658203,14.083027839660645,708800
2017-04-12,96.72000122070312,97.63999938964844,96.5199966430664,97.27999877929688,14.106231689453125,884200
2017-04-13,97.20999908447266,97.80999755859375,97.01000213623047,97.20999908447266,14.09607982635498,648400
2017-04-17,97.41999816894531,98.1500015258789,97.41999816894531,98.1500015258789,14.23238468170166,511200
2017-04-18,98.18000030517578,99.47000122070312,97.87999725341797,98.87999725341797,14.338238716125488,968000
2017-04-19,98.87999725341797,99.02999877929688,98.2699966430664,98.41999816894531,14.271538734436035,730300
2017-04-20,98.37999725341797,98.47000122070312,98.0,98.08999633789062,14.223687171936035,937300
2017-04-21,98.20999908447266,98.48999786376953,97.93000030517578,97.97000122070312,14.20628547668457,1193000
2017-04-24,98.47000122070312,98.73999786376953,97.66000366210938,98.25,14.246885299682617,1288200
2017-04-25,97.94000244140625,98.68000030517578,97.80999755859375,98.41000366210938,14.270088195800781,1629700
2017-04-26,92.76000213623047,94.79000091552734,91.5,92.9800033569336,13.482704162597656,4481300
2017-04-27,93.13999938964844,93.45999908447266,91.93000030517578,92.16999816894531,13.365245819091797,2749500
2017-04-28,91.88999938964844,92.11000061035156,91.06999969482422,91.6500015258789,13.289846420288086,2669800
2017-05-01,91.66999816894531,91.69000244140625,90.77999877929688,90.87999725341797,13.178192138671875,1251600
2017-05-02,91.22000122070312,91.47000122070312,90.13999938964844,90.2300033569336,13.083935737609863,1559000
2017-05-03,90.25,90.95999908447266,89.87999725341797,90.83000183105469,13.170939445495605,1603200
2017-05-04,91.0999984741211,91.66999816894531,90.9000015258789,91.20999908447266,13.226037979125977,1349800
2017-05-05,91.16000366210938,91.68000030517578,91.0,91.20999908447266,13.226037979125977,896800
2017-05-08,91.0999984741211,91.44000244140625,90.61000061035156,91.08000183105469,13.207189559936523,1076300
2017-05-09,91.19000244140625,91.26000213623047,90.33000183105469,90.51000213623047,13.124536514282227,983800
2017-05-10,90.5999984741211,90.88999938964844,90.3499984741211,90.47000122070312,13.118736267089844,981300
2017-05-11,90.37000274658203,90.91999816894531,90.08000183105469,90.9000015258789,13.181090354919434,1147100
2017-05-12,90.5999984741211,91.0199966430664,90.30000305175781,90.3499984741211,13.101334571838379,592400
2017-05-15,90.36000061035156,91.41000366210938,90.36000061035156,91.08999633789062,13.208639144897461,1118100
2017-05-16,92.30999755859375,93.20999908447266,90.91000366210938,90.97000122070312,13.191240310668945,1469600
2017-05-17,90.97000122070312,91.0999984741211,90.25,90.31999969482422,13.096986770629883,1471200
2017-05-18,90.45999908447266,90.88999938964844,89.94000244140625,90.43000030517578,13.112934112548828,1391400
2017-05-19,90.69999694824219,91.3499984741211,90.27999877929688,90.91999816894531,13.183988571166992,1624000
2017-05-22,90.91999816894531,91.62000274658203,90.8499984741211,91.47000122070312,13.263742446899414,1084200
2017-05-23,91.6500015258789,92.47000122070312,91.55999755859375,91.9000015258789,13.326098442077637,912100
2017-05-24,92.2699966430664,93.62000274658203,91.9800033569336,93.27999877929688,13.526201248168945,1064500
2017-05-25,93.44999694824219,93.62000274658203,93.08999633789062,93.30000305175781,13.529106140136719,884900
2017-05-26,93.23999786376953,93.81999969482422,93.19000244140625,93.44999694824219,13.550856590270996,660800
2017-05-30,93.05000305175781,93.70999908447266,92.33000183105469,92.58999633789062,13.426148414611816,1166600
2017-05-31,92.83000183105469,93.33000183105469,92.47000122070312,92.80999755859375,13.458052635192871,1396800
2017-06-01,92.93000030517578,93.0199966430664,91.97000122070312,92.93000030517578,13.47545051574707,1056700
2017-06-02,93.0999984741211,93.29000091552734,92.4000015258789,92.83999633789062,13.462401390075684,1058900
2017-06-05,92.68000030517578,93.0999984741211,92.22000122070312,92.87999725341797,13.468201637268066,689900
2017-06-06,92.83000183105469,92.83000183105469,91.94000244140625,92.29000091552734,13.382649421691895,1149200
2017-06-07,92.62000274658203,93.87000274658203,92.38999938964844,93.5,13.558107376098633,1383200
2017-06-08,93.5,93.5,91.56999969482422,92.0999984741211,13.355096817016602,1281100
2017-06-09,92.04000091552734,92.33000183105469,91.0,91.4000015258789,13.253591537475586,1175400
2017-06-12,91.12000274658203,92.80000305175781,91.12000274658203,92.66000366210938,13.522110939025879,1279500
2017-06-13,92.58000183105469,93.13999938964844,91.91000366210938,92.91000366210938,13.55859375,1059900
2017-06-14,93.43000030517578,94.31999969482422,93.02999877929688,93.73999786376953,13.679716110229492,1561600
2017-06-15,93.33999633789062,93.86000061035156,92.93000030517578,93.77999877929688,13.685551643371582,895000
2017-06-16,93.69999694824219,93.73999786376953,93.08999633789062,93.26000213623047,13.60966968536377,1718000
2017-06-19,93.52999877929688,95.70999908447266,92.69000244140625,95.52999877929688,13.940934181213379,2439200
2017-06-20,95.51000213623047,96.75,95.19999694824219,96.05999755859375,14.018280982971191,2357800
2017-06-21,95.80999755859375,96.16999816894531,95.20999908447266,95.77999877929688,13.977418899536133,1324900
2017-06-22,94.83999633789062,94.97000122070312,92.26000213623047,92.30000305175781,13.469574928283691,2252300
2017-06-23,92.25,93.2699966430664,92.01000213623047,92.91000366210938,13.55859375,2817200
2017-06-26,93.26000213623047,93.76000213623047,92.68000030517578,92.91999816894531,13.560052871704102,1108700
2017-06-27,92.62000274658203,92.69999694824219,91.38999938964844,91.62999725341797,13.371797561645508,895100
2017-06-28,92.02999877929688,92.79000091552734,91.81999969482422,92.22000122070312,13.45789909362793,1197100
2017-06-29,91.9800033569336,92.0199966430664,90.69999694824219,90.9000015258789,13.265266418457031,853500
2017-06-30,91.26000213623047,91.69999694824219,91.0999984741211,91.11000061035156,13.295912742614746,748900
2017-07-03,91.5999984741211,91.87999725341797,91.2300033569336,91.5,13.352826118469238,405400
2017-07-05,91.27999877929688,91.27999877929688,89.55000305175781,89.7699966430664,13.100362777709961,1453600
2017-07-06,89.55999755859375,89.81999969482422,88.94999694824219,89.06999969482422,12.998209953308105,1336400
2017-07-07,89.44000244140625,89.6500015258789,88.94999694824219,89.26000213623047,13.025938987731934,1034400
2017-07-10,89.29000091552734,89.55999755859375,88.80999755859375,89.20999908447266,13.018641471862793,981300
2017-07-11,89.44999694824219,89.58999633789062,88.66000366210938,88.7300033569336,12.94859504699707,1165400
2017-07-12,89.30999755859375,89.66999816894531,88.9000015258789,89.27999877929688,13.028858184814453,884600
2017-07-13,89.5,89.76000213623047,89.05000305175781,89.44999694824219,13.053662300109863,992700
2017-07-14,89.25,90.69000244140625,89.25,90.31999969482422,13.18062686920166,937400
2017-07-17,90.23999786376953,90.70999908447266,90.05000305175781,90.27999877929688,13.174787521362305,754200
2017-07-18,90.29000091552734,91.23999786376953,89.87999725341797,90.97000122070312,13.275480270385742,1243400
2017-07-19,90.95999908447266,91.73999786376953,90.83000183105469,91.4000015258789,13.33823299407959,1252500
2017-07-20,91.5199966430664,91.69000244140625,91.08000183105469,91.26000213623047,13.317805290222168,991400
2017-07-21,91.19000244140625,91.58000183105469,91.08999633789062,91.37999725341797,13.335315704345703,1356700
2017-07-24,91.55000305175781,92.0999984741211,91.2699966430664,91.5,13.352826118469238,1083400
2017-07-25,91.8499984741211,92.08999633789062,91.43000030517578,91.88999938964844,13.409741401672363,1048800
2017-07-26,91.9000015258789,92.44999694824219,91.63999938964844,92.1500015258789,13.447685241699219,1339000
2017-07-27,91.52999877929688,93.7699966430664,91.1500015258789,92.02999877929688,13.430171012878418,2308300
2017-07-28,91.91000366210938,92.05000305175781,90.37000274658203,90.83999633789062,13.256509780883789,1498100
2017-07-31,90.66999816894531,91.36000061035156,90.4000015258789,91.16000366210938,13.303211212158203,1358200
2017-08-01,91.37000274658203,91.7699966430664,91.0,91.05000305175781,13.28715705871582,867800
2017-08-02,90.91000366210938,91.47000122070312,90.36000061035156,90.98999786376953,13.278400421142578,955100
2017-08-03,91.06999969482422,91.58000183105469,90.76000213623047,90.86000061035156,13.259429931640625,922200
2017-08-04,91.05000305175781,91.13999938964844,89.87000274658203,90.66000366210938,13.230243682861328,1257600
2017-08-07,90.72000122070312,91.23999786376953,90.25,91.05999755859375,13.288614273071289,564600
2017-08-08,90.98999786376953,91.19000244140625,90.19000244140625,90.30999755859375,13.179169654846191,969600
2017-08-09,90.30000305175781,90.41999816894531,89.4000015258789,90.31999969482422,13.18062686920166,1068900
2017-08-10,90.19000244140625,90.77999877929688,89.80999755859375,90.37999725341797,13.189380645751953,866300
2017-08-11,89.9800033569336,91.13999938964844,89.9800033569336,90.37999725341797,13.189380645751953,615400
2017-08-14,90.83000183105469,91.44999694824219,90.44000244140625,91.29000091552734,13.322179794311523,652800
2017-08-15,91.41000366210938,92.13999938964844,91.12000274658203,91.97000122070312,13.421415328979492,436800
2017-08-16,91.94999694824219,92.6500015258789,91.94999694824219,92.44000244140625,13.490004539489746,595600
2017-08-17,92.33000183105469,92.86000061035156,91.58000183105469,91.72000122070312,13.384931564331055,1055700
2017-08-18,91.6500015258789,91.66000366210938,90.55000305175781,91.08000183105469,13.291535377502441,1226600
2017-08-21,91.12000274658203,91.66000366210938,90.8499984741211,91.4000015258789,13.33823299407959,562800
2017-08-22,91.37999725341797,92.01000213623047,91.29000091552734,91.93000030517578,13.415578842163086,794600
2017-08-23,91.56999969482422,91.94000244140625,91.12000274658203,91.12999725341797,13.298834800720215,851200
2017-08-24,91.13999938964844,91.27999877929688,89.8499984741211,89.95999908447266,13.128087043762207,967500
2017-08-25,90.56999969482422,90.97000122070312,90.30999755859375,90.33999633789062,13.183545112609863,934300
2017-08-28,90.56999969482422,90.91000366210938,90.33000183105469,90.33999633789062,13.183545112609863,1198400
2017-08-29,90.30000305175781,90.9000015258789,90.04000091552734,90.4000015258789,13.192302703857422,868600
2017-08-30,90.30000305175781,90.80000305175781,89.86000061035156,90.79000091552734,13.249216079711914,740200
2017-08-31,90.79000091552734,91.27999877929688,90.66000366210938,91.05000305175781,13.28715705871582,1064000
2017-09-01,91.23999786376953,91.76000213623047,90.88999938964844,91.72000122070312,13.384931564331055,772600
2017-09-05,91.5999984741211,91.86000061035156,91.22000122070312,91.81999969482422,13.399524688720703,1068700
2017-09-06,91.83000183105469,92.23999786376953,91.41000366210938,92.08000183105469,13.43746566772461,1006700
2017-09-07,92.08999633789062,92.36000061035156,91.8499984741211,92.08999633789062,13.438924789428711,953000
2017-09-08,92.05000305175781,92.05000305175781,91.38999938964844,91.5199966430664,13.355742454528809,978600
2017-09-11,91.70999908447266,92.2300033569336,91.55999755859375,92.11000061035156,13.441844940185547,668400
2017-09-12,92.12999725341797,92.69000244140625,91.94999694824219,92.23999786376953,13.460817337036133,695900
2017-09-13,91.68000030517578,92.18000030517578,91.55000305175781,91.7300033569336,13.471097946166992,1083400
2017-09-14,91.66999816894531,92.01000213623047,91.22000122070312,91.58999633789062,13.450539588928223,817400
2017-09-15,91.66000366210938,91.87000274658203,91.37000274658203,91.54000091552734,13.443195343017578,1672900
2017-09-18,91.62999725341797,92.0,91.30000305175781,91.97000122070312,13.506342887878418,801500
2017-09-19,91.87000274658203,92.0,91.58999633789062,91.80000305175781,13.481376647949219,969200
2017-09-20,91.44999694824219,91.76000213623047,90.94999694824219,91.68000030517578,13.46375560760498,1055900
2017-09-21,90.47000122070312,91.0,89.19000244140625,89.5,13.143607139587402,2640900
2017-09-22,89.31999969482422,89.75,88.30999755859375,88.73999786376953,13.031996726989746,1360900
2017-09-25,88.6500015258789,88.69999694824219,87.55000305175781,87.94000244140625,12.914511680603027,1366200
2017-09-26,87.69999694824219,88.9000015258789,87.56999969482422,88.70999908447266,13.027592658996582,1352300
2017-09-27,88.54000091552734,88.58000183105469,87.27999877929688,87.6500015258789,12.871920585632324,1306100
2017-09-28,87.47000122070312,88.56999969482422,87.36000061035156,88.36000061035156,12.976192474365234,1283200
2017-09-29,88.43000030517578,89.20999908447266,88.37000274658203,88.47000122070312,12.99234676361084,1429000
2017-10-02,88.51000213623047,88.51000213623047,87.13999938964844,87.66999816894531,12.874860763549805,1173900
2017-10-03,87.80999755859375,87.8499984741211,86.98999786376953,87.12999725341797,12.795557022094727,1542300
2017-10-04,87.02999877929688,87.79000091552734,86.41999816894531,87.68000030517578,12.87633228302002,1602000
2017-10-05,88.08999633789062,88.58000183105469,87.87999725341797,87.93000030517578,12.913043975830078,1019700
2017-10-06,87.76000213623047,88.33999633789062,87.63999938964844,88.26000213623047,12.961504936218262,834700
2017-10-09,88.29000091552734,88.44000244140625,87.73999786376953,88.05999755859375,12.932136535644531,1083900
2017-10-10,88.27999877929688,89.12999725341797,88.16000366210938,88.61000061035156,13.012906074523926,1073400
2017-10-11,88.62999725341797,89.13999938964844,88.45999908447266,88.80000305175781,13.040810585021973,907100
2017-10-12,88.73999786376953,89.11000061035156,88.37999725341797,89.05999755859375,13.078991889953613,990700
2017-10-13,89.1500015258789,89.69999694824219,88.95999908447266,89.25,13.106894493103027,936700
2017-10-16,89.16999816894531,89.66000366210938,88.77999877929688,89.62999725341797,13.162698745727539,1054300
2017-10-17,89.44000244140625,89.58999633789062,88.94999694824219,89.37000274658203,13.124518394470215,680000
2017-10-18,89.29000091552734,89.5999984741211,88.95999908447266,89.1500015258789,13.092206954956055,774700
2017-10-19,89.12999725341797,89.45999908447266,88.97000122070312,89.30999755859375,13.115704536437988,1058600
2017-10-20,89.37999725341797,89.47000122070312,88.80999755859375,89.02999877929688,13.074583053588867,1057900
2017-10-23,91.41999816894531,91.5,89.94000244140625,90.33000183105469,13.265496253967285,1407300
2017-10-24,90.1500015258789,90.33999633789062,89.33000183105469,89.70999908447266,13.174446105957031,1273800
2017-10-25,81.69999694824219,86.69999694824219,81.69999694824219,85.5199966430664,12.559120178222656,4420400
2017-10-26,85.93000030517578,87.54000091552734,85.44999694824219,86.45999908447266,12.697165489196777,2516600
2017-10-27,86.27999877929688,86.91999816894531,85.5999984741211,85.75,12.59289836883545,1469200
2017-10-30,85.77999877929688,85.98999786376953,84.94999694824219,85.05000305175781,12.490097999572754,1567800
2017-10-31,85.5199966430664,86.22000122070312,85.27999877929688,85.66000366210938,12.579679489135742,1581300
2017-11-01,86.0199966430664,86.66000366210938,85.56999969482422,85.88999938964844,12.613456726074219,1341200
2017-11-02,86.04000091552734,86.4000015258789,84.69000244140625,85.33999633789062,12.532685279846191,1261000
2017-11-03,85.58000183105469,86.05000305175781,85.41999816894531,85.62000274658203,12.573806762695312,1300500
2017-11-06,85.3499984741211,85.36000061035156,84.4000015258789,84.47000122070312,12.40492057800293,1477400
2017-11-07,84.26000213623047,85.3499984741211,84.06999969482422,84.4800033569336,12.406392097473145,1874800
2017-11-08,84.93000030517578,85.80999755859375,84.45999908447266,85.61000061035156,12.572339057922363,1116900
2017-11-09,85.48999786376953,86.2699966430664,85.22000122070312,85.69000244140625,12.584085464477539,791100
2017-11-10,85.72000122070312,86.54000091552734,85.5,86.31999969482422,12.676606178283691,767200
2017-11-13,86.37999725341797,87.45999908447266,86.37999725341797,87.02999877929688,12.780874252319336,1145800
2017-11-14,86.91000366210938,88.19999694824219,86.58999633789062,87.81999969482422,12.896890640258789,1370200
2017-11-15,87.80999755859375,88.25,87.16999816894531,87.33000183105469,12.824930191040039,958700
2017-11-16,87.55000305175781,87.81999969482422,87.05000305175781,87.12000274658203,12.794090270996094,799300
2017-11-17,86.80999755859375,87.29000091552734,86.54000091552734,87.26000213623047,12.814648628234863,668400
2017-11-20,87.27999877929688,87.75,86.80999755859375,87.2300033569336,12.8102445602417,706100
2017-11-21,87.30999755859375,87.94999694824219,86.94999694824219,87.02999877929688,12.780874252319336,942200
2017-11-22,86.91999816894531,87.02999877929688,85.91000366210938,86.4000015258789,12.6883544921875,652200
2017-11-24,86.72000122070312,87.13999938964844,86.45999908447266,86.55999755859375,12.711849212646484,312600
2017-11-27,86.7300033569336,87.48999786376953,86.41000366210938,86.91000366210938,12.763249397277832,834200
2017-11-28,87.1500015258789,87.63999938964844,86.41999816894531,87.62000274658203,12.86751937866211,892200
2017-11-29,87.48999786376953,89.56999969482422,87.2699966430664,89.45999908447266,13.13773250579834,1411300
2017-11-30,89.5199966430664,90.3499984741211,89.36000061035156,90.19000244140625,13.244937896728516,2154400
2017-12-01,90.37000274658203,90.44999694824219,88.83999633789062,90.26000213623047,13.255218505859375,1497200
2017-12-04,90.52999877929688,93.29000091552734,90.33000183105469,93.0999984741211,13.67228889465332,1429900
2017-12-05,93.19999694824219,94.1500015258789,93.12999725341797,93.5,13.731032371520996,1731300
2017-12-06,93.52999877929688,95.04000091552734,93.52999877929688,94.94999694824219,13.94397258758545,1499600
2017-12-07,94.58000183105469,94.9000015258789,93.44999694824219,94.0999984741211,13.819143295288086,1323900
2017-12-08,93.95999908447266,94.18000030517578,92.77999877929688,94.1500015258789,13.826488494873047,1036500
2017-12-11,94.02999877929688,94.55000305175781,93.0,94.5199966430664,13.880825996398926,721600
2017-12-12,94.25,95.06999969482422,93.63999938964844,94.16000366210938,13.827956199645996,1175800
2017-12-13,93.33000183105469,94.01000213623047,92.73999786376953,93.76000213623047,13.8545560836792,1201200
2017-12-14,93.73999786376953,94.0,92.97000122070312,92.9800033569336,13.739296913146973,1244800
2017-12-15,93.5,93.98999786376953,93.12999725341797,93.91999816894531,13.878196716308594,1447200
2017-12-18,94.31999969482422,95.19999694824219,94.06999969482422,94.16000366210938,13.913661003112793,1342200
2017-12-19,94.25,94.79000091552734,93.44999694824219,94.2300033569336,13.924007415771484,1787600
2017-12-20,94.33999633789062,96.16000366210938,94.30000305175781,95.9800033569336,14.182594299316406,2447800
2017-12-21,95.9800033569336,96.44000244140625,95.7300033569336,95.80000305175781,14.156000137329102,1576500
2017-12-22,96.23999786376953,96.4000015258789,95.66999816894531,96.12000274658203,14.20328140258789,867000
2017-12-26,96.33000183105469,96.97000122070312,96.05000305175781,96.33000183105469,14.234313011169434,791000
2017-12-27,96.6500015258789,97.04000091552734,96.33000183105469,97.0199966430664,14.336271286010742,647100
2017-12-28,97.08000183105469,97.23999786376953,96.5199966430664,96.88999938964844,14.317061424255371,902100
2017-12-29,97.08999633789062,97.83999633789062,96.70999908447266,97.05999755859375,14.342180252075195,1075800
2018-01-02,97.37000274658203,97.37000274658203,95.20999908447266,95.2699966430664,14.077680587768555,1763900
2018-01-03,95.18000030517578,95.61000061035156,94.79000091552734,95.31999969482422,14.085070610046387,1202300
2018-01-04,95.36000061035156,96.4800033569336,95.36000061035156,95.7699966430664,14.151564598083496,1256500
2018-01-05,95.93000030517578,96.0,95.16000366210938,95.5,14.111665725708008,1036200
2018-01-08,95.62000274658203,95.98999786376953,95.19999694824219,95.68000030517578,14.138264656066895,1043800
2018-01-09,95.7699966430664,95.9800033569336,95.23999786376953,95.5199966430664,14.11462116241455,897500
2018-01-10,95.37000274658203,95.80000305175781,94.61000061035156,95.66999816894531,14.136787414550781,1007100
2018-01-11,95.61000061035156,96.16000366210938,95.37999725341797,95.63999938964844,14.132353782653809,950900
2018-01-12,95.7699966430664,95.7699966430664,95.18000030517578,95.23999786376953,14.073247909545898,853200
2018-01-16,95.5,95.63999938964844,94.81999969482422,94.91000366210938,14.024486541748047,1462300
2018-01-17,95.38999938964844,96.44999694824219,95.05999755859375,95.9000015258789,14.17077350616455,1051100
2018-01-18,95.86000061035156,95.97000122070312,94.86000061035156,95.31999969482422,14.085070610046387,1386200
2018-01-19,95.7699966430664,96.98999786376953,95.6500015258789,96.3499984741211,14.237269401550293,1117400
2018-01-22,96.3499984741211,96.80000305175781,96.26000213623047,96.76000213623047,14.297853469848633,613200
2018-01-23,96.72000122070312,97.23999786376953,96.16000366210938,96.7300033569336,14.29342269897461,705100
2018-01-24,96.7300033569336,96.7300033569336,95.80999755859375,95.95999908447266,14.17963981628418,1050500
2018-01-25,96.08999633789062,96.16000366210938,95.44000244140625,95.69000244140625,14.13974380493164,1099000
2018-01-26,95.44999694824219,95.91999816894531,95.19000244140625,95.6500015258789,14.133831024169922,1156200
2018-01-29,126.58000183105469,126.6500015258789,116.91000366210938,117.06999969482422,17.29898452758789,24777100
2018-01-30,116.94999694824219,119.5,116.83000183105469,119.0,17.584169387817383,5333600
2018-01-31,119.2300033569336,120.48999786376953,118.91000366210938,119.3499984741211,17.635892868041992,5963400
2018-02-01,119.0999984741211,120.58000183105469,119.0999984741211,120.0999984741211,17.746713638305664,5438200
2018-02-02,119.55999755859375,119.94000244140625,118.70999908447266,118.70999908447266,17.541318893432617,4400500
2018-02-05,118.44999694824219,119.23999786376953,118.0199966430664,118.33000183105469,17.48516845703125,3820600
2018-02-06,117.5,119.58000183105469,117.48999786376953,118.3499984741211,17.488122940063477,4319800
2018-02-07,118.37999725341797,119.1500015258789,118.0,118.0,17.436405181884766,2981800
2018-02-08,118.22000122070312,118.4000015258789,116.93000030517578,116.93000030517578,17.278297424316406,3424000
2018-02-09,117.11000061035156,117.80000305175781,116.25,116.70999908447266,17.245786666870117,3014600
2018-02-12,116.94999694824219,117.66000366210938,116.5,116.73999786376953,17.250219345092773,2754500
2018-02-13,116.2699966430664,116.93000030517578,115.9000015258789,115.94999694824219,17.133485794067383,2692600
2018-02-14,115.76000213623047,116.63999938964844,114.79000091552734,114.91000366210938,16.97980499267578,2768800
2018-02-15,115.0,116.2300033569336,114.76000213623047,115.51000213623047,17.068462371826172,2145600
2018-02-16,115.1500015258789,116.5,114.80000305175781,115.12000274658203,17.010841369628906,2677200
2018-02-20,115.0999984741211,116.44000244140625,114.63999938964844,116.05999755859375,17.149738311767578,2065700
2018-02-21,115.79000091552734,116.48999786376953,115.37999725341797,115.37999725341797,17.04925537109375,1608700
2018-02-22,115.25,115.69000244140625,114.44999694824219,114.80999755859375,16.96503257751465,2699200
2018-02-23,115.13999938964844,115.5,114.91999816894531,115.37000274658203,17.04778289794922,2055100
2018-02-26,115.0999984741211,116.12000274658203,115.0999984741211,115.95999908447266,17.134960174560547,2097100
2018-02-27,116.08999633789062,116.30999755859375,115.19000244140625,116.30000305175781,17.18520736694336,1966400
2018-02-28,116.5,116.58999633789062,115.30999755859375,116.25,17.177810668945312,1690300
2018-03-01,116.0,116.70999908447266,115.38999938964844,116.44000244140625,17.205886840820312,1809300
2018-03-02,115.91000366210938,116.47000122070312,115.0,116.23999786376953,17.176334381103516,2608400
2018-03-05,116.22000122070312,116.30999755859375,115.33000183105469,115.91000366210938,17.127580642700195,1554400
2018-03-06,115.73999786376953,116.30000305175781,115.3499984741211,116.12000274658203,17.158605575561523,2049500
2018-03-07,115.72000122070312,116.72000122070312,115.63999938964844,116.30000305175781,17.18520736694336,2356000
2018-03-08,115.25,117.48999786376953,115.01000213623047,117.3499984741211,17.340354919433594,3831400
2018-03-09,117.44999694824219,118.44000244140625,116.80000305175781,117.94999694824219,17.429018020629883,1537300
2018-03-12,118.1500015258789,118.62000274658203,117.54000091552734,117.58999633789062,17.375818252563477,3486100
2018-03-13,117.98999786376953,118.20999908447266,117.56999969482422,117.6500015258789,17.384685516357422,3976100
2018-03-14,117.55000305175781,118.12000274658203,117.36000061035156,117.80999755859375,17.408327102661133,2876700
2018-03-15,117.81999969482422,118.18000030517578,116.7699966430664,117.2699966430664,17.328536987304688,1408200
2018-03-16,117.5,118.0199966430664,116.83999633789062,117.5999984741211,17.377294540405273,1643900
2018-03-19,118.0,118.5,117.62000274658203,118.36000061035156,17.48960304260254,3178000
2018-03-20,118.05000305175781,118.5,117.55999755859375,118.4000015258789,17.581666946411133,1479900
2018-03-21,118.25,118.41999816894531,117.73999786376953,118.0,17.52227210998535,992900
2018-03-22,117.79000091552734,118.2300033569336,117.5,118.0199966430664,17.525239944458008,1581700
2018-03-23,117.91999816894531,118.25,117.7300033569336,117.94999694824219,17.51484489440918,1370500
2018-03-26,118.2699966430664,118.5,117.94999694824219,118.41999816894531,17.584636688232422,596200
2018-03-27,118.2699966430664,118.3499984741211,117.8499984741211,118.27999877929688,17.563844680786133,1216700
2018-03-28,118.44000244140625,118.97000122070312,118.11000061035156,118.36000061035156,17.575725555419922,1137400
2018-03-29,118.5,118.9000015258789,118.19999694824219,118.37999725341797,17.578697204589844,1417800
2018-04-02,118.47000122070312,118.76000213623047,117.76000213623047,118.0999984741211,17.537118911743164,1231500
2018-04-03,118.08999633789062,118.47000122070312,117.68000030517578,118.19000244140625,17.55048370361328,1233500
2018-04-04,118.13999938964844,118.62999725341797,117.83000183105469,118.41999816894531,17.584636688232422,1072200
2018-04-05,118.4800033569336,118.88999938964844,118.12000274658203,118.6500015258789,17.618791580200195,882100
2018-04-06,118.54000091552734,119.19999694824219,118.29000091552734,118.5999984741211,17.61136817932129,904200
2018-04-09,118.58000183105469,120.25,118.41000366210938,119.5,17.745014190673828,2765700
2018-04-10,119.80000305175781,120.69999694824219,119.55999755859375,120.33999633789062,17.8697452545166,1489800
2018-04-11,120.0,120.8499984741211,119.7699966430664,120.52999877929688,17.897958755493164,906800
2018-04-12,120.8499984741211,120.98999786376953,120.26000213623047,120.75,17.930627822875977,640900
2018-04-13,120.75,121.16999816894531,120.33999633789062,120.80999755859375,17.93954086303711,1200500
2018-04-16,120.37000274658203,121.23999786376953,120.11000061035156,121.04000091552734,17.973690032958984,1233400
2018-04-17,121.06999969482422,121.19000244140625,120.19000244140625,120.66999816894531,17.918750762939453,1131300
2018-04-18,120.41000366210938,120.83000183105469,119.87999725341797,119.95999908447266,17.813318252563477,1162600
2018-04-19,119.6500015258789,120.55999755859375,119.06999969482422,120.44000244140625,17.884592056274414,1496400
2018-04-20,120.83999633789062,121.2699966430664,119.98999786376953,120.31999969482422,17.86677360534668,1611900
2018-04-23,120.56999969482422,120.73999786376953,119.86000061035156,119.87999725341797,17.801435470581055,702700
2018-04-24,120.02999877929688,120.2300033569336,118.76000213623047,118.80000305175781,17.641063690185547,1314700
2018-04-25,118.25,119.79000091552734,118.2300033569336,119.69000244140625,17.773225784301758,1624300
2018-04-26,119.44999694824219,120.13999938964844,118.9000015258789,119.80999755859375,17.79104232788086,1277600
2018-04-27,119.5,120.44999694824219,119.5,119.95999908447266,17.813318252563477,759100
2018-04-30,119.97000122070312,120.66000366210938,119.93000030517578,119.95999908447266,17.813318252563477,1477300
2018-05-01,119.6500015258789,120.26000213623047,119.30999755859375,120.11000061035156,17.835590362548828,684400
2018-05-02,119.91999816894531,119.91999816894531,119.16999816894531,119.37999725341797,17.727191925048828,1046700
2018-05-03,119.2300033569336,119.54000091552734,118.54000091552734,118.80000305175781,17.641063690185547,1405900
2018-05-04,118.73999786376953,119.27999877929688,118.61000061035156,118.70999908447266,17.62769889831543,743000
2018-05-07,118.55000305175781,119.38999938964844,118.55000305175781,119.08999633789062,17.684127807617188,746200
2018-05-08,117.7699966430664,119.4800033569336,117.51000213623047,119.45999908447266,17.739070892333984,825900
2018-05-09,119.3499984741211,120.30000305175781,119.13999938964844,119.91999816894531,17.8073787689209,591000
2018-05-10,119.91999816894531,119.91999816894531,118.8499984741211,119.61000061035156,17.7613468170166,905900
2018-05-11,119.62999725341797,120.1500015258789,119.20999908447266,119.36000061035156,17.724218368530273,1092300
2018-05-14,119.87999725341797,119.95999908447266,119.25,119.69999694824219,17.774707794189453,1210400
2018-05-15,119.55000305175781,119.69000244140625,118.91000366210938,119.37000274658203,17.725704193115234,891500
2018-05-16,119.27999877929688,119.62000274658203,119.0199966430664,119.02999877929688,17.675216674804688,748800
2018-05-17,119.4000015258789,119.6500015258789,118.66000366210938,119.37999725341797,17.727191925048828,628200
2018-05-18,119.4000015258789,119.58999633789062,119.05999755859375,119.47000122070312,17.740556716918945,987800
2018-05-21,119.45999908447266,119.94999694824219,119.27999877929688,119.7300033569336,17.779165267944336,445500
2018-05-22,119.69999694824219,120.25,119.62999725341797,119.9000015258789,17.80440902709961,798900
2018-05-23,119.95999908447266,120.66999816894531,119.68000030517578,120.23999786376953,17.854894638061523,1348000
2018-05-24,120.19000244140625,120.68000030517578,119.95999908447266,120.37000274658203,17.87419891357422,1040900
2018-05-25,120.2699966430664,120.75,120.2699966430664,120.36000061035156,17.872716903686523,558400
2018-05-29,120.05000305175781,120.55000305175781,119.52999877929688,119.88999938964844,17.80292320251465,513200
2018-05-30,119.76000213623047,121.0,119.76000213623047,120.62999725341797,17.91280746459961,977200
2018-05-31,120.2300033569336,120.48999786376953,118.75,119.30000305175781,17.715312957763672,2962000
2018-06-01,119.94000244140625,120.2300033569336,119.30000305175781,119.91999816894531,17.8073787689209,670900
2018-06-04,119.93000030517578,120.25,119.37000274658203,120.20999908447266,17.850439071655273,561300
2018-06-05,120.08000183105469,120.1500015258789,119.58000183105469,120.12000274658203,17.837078094482422,578600
2018-06-06,119.9000015258789,120.26000213623047,119.75,120.26000213623047,17.857866287231445,613300
2018-06-07,119.94999694824219,120.33999633789062,119.8499984741211,120.20999908447266,17.850439071655273,1024200
2018-06-08,120.25,120.73999786376953,120.08000183105469,120.5199966430664,17.896474838256836,772100
2018-06-11,120.51000213623047,120.69999694824219,120.04000091552734,120.58999633789062,17.9068660736084,1725200
2018-06-12,120.54000091552734,120.91999816894531,120.25,120.79000091552734,17.936567306518555,1271600
2018-06-13,120.79000091552734,120.86000061035156,120.48999786376953,120.48999786376953,17.89202117919922,1170400
2018-06-14,120.33000183105469,120.87999725341797,119.98999786376953,120.62999725341797,17.91280746459961,1520700
2018-06-15,120.62000274658203,121.62000274658203,120.0999984741211,121.5,18.0419979095459,1798800
2018-06-18,121.19999694824219,121.97000122070312,121.05000305175781,121.80000305175781,18.0865478515625,888000
2018-06-19,120.6500015258789,121.9000015258789,120.41000366210938,121.79000091552734,18.085063934326172,1682600
2018-06-20,121.45999908447266,122.01000213623047,121.16999816894531,122.0,18.116243362426758,3205200
2018-06-21,122.38999938964844,122.5,121.94000244140625,122.1500015258789,18.138517379760742,1538900
2018-06-22,122.08000183105469,124.11000061035156,121.87000274658203,122.37000274658203,18.171188354492188,3217200
2018-06-25,121.95999908447266,122.44999694824219,121.8499984741211,121.91999816894531,18.10436248779297,2045000
2018-06-26,121.30000305175781,121.38999938964844,120.13999938964844,120.26000213623047,17.857866287231445,8622700
2018-06-27,120.0999984741211,120.22000122070312,119.11000061035156,119.4000015258789,17.730159759521484,7416000
2018-06-28,119.41000366210938,120.52999877929688,118.81999969482422,120.0,17.819255828857422,8349900
2018-06-29,120.0,122.5999984741211,119.75,122.0,18.116243362426758,35327600
2018-07-02,121.31999969482422,123.75,121.31999969482422,123.68000030517578,18.36571502685547,5890300
2018-07-03,123.62999725341797,123.62999725341797,122.5999984741211,123.22000122070312,18.297409057617188,2394800
2018-07-05,123.25,123.97000122070312,123.01000213623047,123.80999755859375,18.385019302368164,5845800
2018-07-06,123.94999694824219,124.36000061035156,122.54000091552734,122.91999816894531,18.25286102294922,21284300
2018-07-09,123.36000061035156,123.7699966430664,122.43000030517578,123.66000366210938,18.36274528503418,5536500
2018-07-10,20.5,22.389999389648438,20.459999084472656,22.190000534057617,20.465551376342773,23632300
2018-07-11,21.850000381469727,24.399999618530273,21.850000381469727,24.0,22.134897232055664,27790000
2018-07-12,24.049999237060547,25.25,24.040000915527344,25.0,23.057178497314453,12286100
2018-07-13,24.860000610351562,24.950000762939453,23.829999923706055,24.25,22.365463256835938,9054000
2018-07-16,24.829999923706055,25.0,24.559999465942383,24.799999237060547,22.872722625732422,9641300
2018-07-17,24.899999618530273,25.079999923706055,24.770000457763672,24.959999084472656,23.020286560058594,4252800
2018-07-18,25.030000686645508,25.030000686645508,24.530000686645508,24.790000915527344,22.863496780395508,6206800
2018-07-19,24.770000457763672,24.790000915527344,24.229999542236328,24.43000030517578,22.531475067138672,4559300
2018-07-20,24.75,24.809999465942383,24.34000015258789,24.56999969482422,22.66059684753418,6106800
2018-07-23,24.600000381469727,24.860000610351562,24.260000228881836,24.280000686645508,22.39313507080078,3204200
2018-07-24,24.329999923706055,24.440000534057617,24.170000076293945,24.309999465942383,22.42080307006836,3491000
2018-07-25,24.639999389648438,24.729999542236328,24.329999923706055,24.329999923706055,22.43924903869629,4131500
2018-07-26,24.459999084472656,24.719999313354492,24.360000610351562,24.520000457763672,22.614486694335938,2595900
2018-07-27,24.450000762939453,24.479999542236328,24.059999465942383,24.15999984741211,22.282459259033203,2101900
2018-07-30,24.200000762939453,24.299999237060547,23.969999313354492,23.989999771118164,22.12567138671875,2445300
2018-07-31,23.959999084472656,24.06999969482422,23.809999465942383,24.010000228881836,22.144115447998047,2242700
2018-08-01,24.06999969482422,24.329999923706055,23.8799991607666,24.200000762939453,22.319347381591797,2317900
2018-08-02,24.280000686645508,24.3700008392334,23.860000610351562,23.889999389648438,22.0334415435791,1716400
2018-08-03,24.030000686645508,24.15999984741211,23.809999465942383,24.040000915527344,22.171783447265625,2762100
2018-08-06,24.15999984741211,24.15999984741211,23.84000015258789,23.93000030517578,22.07033348083496,1560000
2018-08-07,23.899999618530273,23.899999618530273,23.709999084472656,23.860000610351562,22.005773544311523,1825000
2018-08-08,24.010000228881836,24.389999389648438,23.649999618530273,23.670000076293945,21.830535888671875,2592600
2018-08-09,23.770000457763672,23.969999313354492,23.600000381469727,23.8700008392334,22.014997482299805,2463900
2018-08-10,23.850000381469727,23.850000381469727,23.600000381469727,23.700000762939453,21.85820960998535,1229300
2018-08-13,23.8700008392334,23.989999771118164,23.709999084472656,23.760000228881836,21.913549423217773,1911500
2018-08-14,23.399999618530273,23.739999771118164,23.360000610351562,23.610000610351562,21.77520179748535,2982500
2018-08-15,23.5,23.59000015258789,23.299999237060547,23.350000381469727,21.53540802001953,2984100
2018-08-16,23.450000762939453,23.670000076293945,23.399999618530273,23.59000015258789,21.756757736206055,2637700
2018-08-17,23.479999542236328,23.639999389648438,23.34000015258789,23.6299991607666,21.79364585876465,2071000
2018-08-20,23.459999084472656,23.639999389648438,23.31999969482422,23.350000381469727,21.53540802001953,4296500
2018-08-21,23.43000030517578,23.469999313354492,22.899999618530273,23.0,21.21260643005371,2026700
2018-08-22,23.020000457763672,23.40999984741211,22.90999984741211,23.1200008392334,21.323278427124023,2440200
2018-08-23,23.239999771118164,23.459999084472656,23.15999984741211,23.200000762939453,21.397066116333008,1964700
2018-08-24,23.440000534057617,23.440000534057617,23.270000457763672,23.389999389648438,21.572298049926758,1827500
2018-08-27,23.309999465942383,23.389999389648438,23.079999923706055,23.100000381469727,21.304834365844727,1608300
2018-08-28,23.1299991607666,23.18000030517578,22.760000228881836,22.940000534057617,21.157268524169922,1886300
2018-08-29,22.90999984741211,23.030000686645508,22.75,22.799999237060547,21.028148651123047,2046200
2018-08-30,23.0,23.239999771118164,22.920000076293945,23.0,21.21260643005371,2271800
2018-08-31,23.040000915527344,23.100000381469727,22.739999771118164,22.799999237060547,21.028148651123047,1944100
2018-09-04,22.790000915527344,23.110000610351562,22.639999389648438,22.649999618530273,20.889802932739258,3779700
2018-09-05,22.610000610351562,23.170000076293945,22.510000228881836,22.950000762939453,21.16649055480957,5158000
2018-09-06,23.059999465942383,23.09000015258789,22.799999237060547,22.989999771118164,21.203384399414062,2657100
2018-09-07,22.860000610351562,22.989999771118164,22.770000457763672,22.8799991607666,21.101932525634766,3191200
2018-09-10,22.899999618530273,23.229999542236328,22.889999389648438,23.100000381469727,21.304834365844727,2848700
2018-09-11,23.100000381469727,23.200000762939453,23.010000228881836,23.18000030517578,21.378618240356445,2151500
2018-09-12,23.260000228881836,24.010000228881836,23.229999542236328,24.010000228881836,22.144115447998047,3682800
2018-09-13,23.950000762939453,24.139999389648438,23.770000457763672,24.1299991607666,22.25478744506836,1927000
2018-09-14,24.1299991607666,24.469999313354492,24.079999923706055,24.469999313354492,22.5683650970459,2309500
2018-09-17,24.3799991607666,24.399999618530273,23.5,23.540000915527344,21.71063995361328,2580000
2018-09-18,23.530000686645508,23.709999084472656,23.479999542236328,23.549999237060547,21.71986198425293,2272200
2018-09-19,23.65999984741211,23.670000076293945,23.450000762939453,23.559999465942383,21.72908592224121,1775200
2018-09-20,23.510000228881836,23.889999389648438,23.420000076293945,23.649999618530273,21.81209373474121,2287400
2018-09-21,23.65999984741211,23.860000610351562,23.56999969482422,23.799999237060547,21.950435638427734,3111400
2018-09-24,23.739999771118164,23.739999771118164,23.420000076293945,23.540000915527344,21.71063995361328,1799600
2018-09-25,23.549999237060547,23.600000381469727,23.270000457763672,23.530000686645508,21.701417922973633,1956200
2018-09-26,23.59000015258789,23.6200008392334,23.360000610351562,23.43000030517578,21.609189987182617,1946000
2018-09-27,23.350000381469727,23.3799991607666,23.079999923706055,23.110000610351562,21.31406021118164,1198100
2018-09-28,23.1299991607666,23.239999771118164,23.059999465942383,23.170000076293945,21.369396209716797,1780900
2018-10-01,23.290000915527344,23.350000381469727,22.850000381469727,23.100000381469727,21.304834365844727,1944400
2018-10-02,22.979999542236328,23.049999237060547,22.770000457763672,22.829999923706055,21.055816650390625,1512000
2018-10-03,22.799999237060547,22.90999984741211,22.719999313354492,22.829999923706055,21.055816650390625,2151400
2018-10-04,22.68000030517578,22.700000762939453,22.329999923706055,22.389999389648438,20.786584854125977,1363300
2018-10-05,22.350000381469727,22.440000534057617,22.190000534057617,22.260000228881836,20.6658935546875,1706200
2018-10-08,22.329999923706055,22.59000015258789,22.270000457763672,22.559999465942383,20.944412231445312,1331400
2018-10-09,22.40999984741211,22.979999542236328,22.389999389648438,22.959999084472656,21.315767288208008,2424900
2018-10-10,23.1200008392334,23.579999923706055,22.90999984741211,23.520000457763672,21.835660934448242,5209800
2018-10-11,23.489999771118164,23.489999771118164,22.610000610351562,22.790000915527344,21.15793800354004,3775900
2018-10-12,22.8700008392334,23.149999618530273,22.510000228881836,23.040000915527344,21.390039443969727,3044800
2018-10-15,23.09000015258789,23.40999984741211,22.979999542236328,23.309999465942383,21.640695571899414,1533500
2018-10-16,23.420000076293945,24.079999923706055,23.280000686645508,23.889999389648438,22.179166793823242,1822600
2018-10-17,23.8700008392334,24.059999465942383,23.770000457763672,23.93000030517578,22.21630096435547,1674800
2018-10-18,23.899999618530273,24.040000915527344,23.459999084472656,23.799999237060547,22.095609664916992,2011600
2018-10-19,23.760000228881836,24.170000076293945,23.760000228881836,24.079999923706055,22.355560302734375,4712300
2018-10-22,24.139999389648438,24.15999984741211,23.75,23.920000076293945,22.207015991210938,3581300
2018-10-23,23.700000762939453,23.989999771118164,22.950000762939453,23.739999771118164,22.03990936279297,3167700
2018-10-24,23.610000610351562,23.93000030517578,23.450000762939453,23.93000030517578,22.21630096435547,3880900
2018-10-25,23.93000030517578,24.100000381469727,23.639999389648438,24.049999237060547,22.32770538330078,2300100
2018-10-26,23.969999313354492,24.100000381469727,23.579999923706055,24.100000381469727,22.374128341674805,2262000
2018-10-29,24.139999389648438,24.700000762939453,23.979999542236328,24.270000457763672,22.531953811645508,2594500
2018-10-30,24.420000076293945,24.690000534057617,24.290000915527344,24.59000015258789,22.829038619995117,1904300
2018-10-31,25.579999923706055,26.600000381469727,25.079999923706055,26.0,24.1380615234375,11044600
2018-11-01,26.149999618530273,26.709999084472656,25.860000610351562,26.520000457763672,24.62082290649414,5373200
2018-11-02,26.479999542236328,26.75,26.350000381469727,26.649999618530273,24.741514205932617,6048600
2018-11-05,26.739999771118164,26.950000762939453,26.469999313354492,26.649999618530273,24.741514205932617,4898000
2018-11-06,26.6299991607666,27.25,26.56999969482422,27.209999084472656,25.261411666870117,3036200
2018-11-07,27.34000015258789,27.780000686645508,27.239999771118164,27.6299991607666,25.651334762573242,2792300
2018-11-08,27.920000076293945,28.809999465942383,27.360000610351562,28.469999313354492,26.431175231933594,4561600
2018-11-09,28.329999923706055,28.59000015258789,28.110000610351562,28.520000457763672,26.47760009765625,1954100
2018-11-12,28.420000076293945,28.709999084472656,28.280000686645508,28.510000228881836,26.468311309814453,3220900
2018-11-13,28.559999465942383,28.670000076293945,27.81999969482422,27.93000030517578,25.929847717285156,2648600
2018-11-14,28.31999969482422,28.420000076293945,27.3700008392334,27.760000228881836,25.772022247314453,8637400
2018-11-15,27.639999389648438,27.639999389648438,27.229999542236328,27.540000915527344,25.56777572631836,3051200
2018-11-16,27.40999984741211,27.790000915527344,27.260000228881836,27.709999084472656,25.725605010986328,1766000
2018-11-19,27.65999984741211,27.719999313354492,27.31999969482422,27.440000534057617,25.47494125366211,2994000
2018-11-20,27.280000686645508,27.290000915527344,26.299999237060547,26.309999465942383,24.425861358642578,2489600
2018-11-21,26.270000457763672,26.299999237060547,25.649999618530273,26.15999984741211,24.286602020263672,5582000
2018-11-23,26.420000076293945,26.6299991607666,26.190000534057617,26.540000915527344,24.639389038085938,893400
2018-11-26,26.540000915527344,26.799999237060547,26.3799991607666,26.68000030517578,24.769365310668945,1904300
2018-11-27,26.579999923706055,26.59000015258789,25.84000015258789,26.100000381469727,24.23090362548828,4212900
2018-11-28,26.229999542236328,26.65999984741211,26.200000762939453,26.649999618530273,24.741514205932617,3360800
2018-11-29,26.889999389648438,27.0,26.65999984741211,26.979999542236328,25.04787826538086,3333700
2018-11-30,26.959999084472656,27.079999923706055,26.8799991607666,27.0,25.066448211669922,1205100
2018-12-03,26.75,26.850000381469727,25.84000015258789,26.350000381469727,24.463001251220703,4443300
2018-12-04,26.5,27.059999465942383,26.15999984741211,26.450000762939453,24.555835723876953,6964500
2018-12-06,26.25,26.25,25.309999465942383,25.979999542236328,24.119497299194336,4286300
2018-12-07,26.25,26.5,25.969999313354492,26.299999237060547,24.41657829284668,4341100
2018-12-10,26.239999771118164,26.239999771118164,25.56999969482422,25.950000762939453,24.09164047241211,3079000
2018-12-11,26.0,26.360000610351562,25.959999084472656,26.290000915527344,24.40729331970215,3124600
2018-12-12,26.5,26.5,26.079999923706055,26.1200008392334,24.249467849731445,3105300
2018-12-13,26.219999313354492,26.34000015258789,25.959999084472656,26.149999618530273,24.277320861816406,2643100
2018-12-14,25.959999084472656,26.100000381469727,25.829999923706055,25.920000076293945,24.063791275024414,2510500
2018-12-17,25.790000915527344,25.899999618530273,25.110000610351562,25.239999771118164,23.432491302490234,5128900
2018-12-18,25.229999542236328,25.299999237060547,24.520000457763672,24.639999389648438,22.87545394897461,5475400
2018-12-19,24.690000534057617,25.450000762939453,24.690000534057617,25.100000381469727,23.302515029907227,5015800
2018-12-20,25.1299991607666,25.510000228881836,24.8799991607666,25.350000381469727,23.534610748291016,5320300
2018-12-21,25.329999923706055,25.969999313354492,25.059999465942383,25.1200008392334,23.321083068847656,5423900
2018-12-24,25.100000381469727,25.190000534057617,24.540000915527344,24.649999618530273,22.884740829467773,3477200
2018-12-26,24.670000076293945,25.610000610351562,24.670000076293945,25.610000610351562,23.775991439819336,2549500
2018-12-27,25.399999618530273,25.469999313354492,24.780000686645508,25.469999313354492,23.646013259887695,2982700
2018-12-28,25.59000015258789,25.68000030517578,25.139999389648438,25.40999984741211,23.590316772460938,2672000
2018-12-31,25.459999084472656,25.760000228881836,25.209999084472656,25.639999389648438,23.803842544555664,1927800
2019-01-02,25.280000686645508,25.459999084472656,24.860000610351562,25.280000686645508,23.469623565673828,3318500
2019-01-03,25.079999923706055,25.469999313354492,24.920000076293945,25.040000915527344,23.385570526123047,2335300
2019-01-04,25.139999389648438,25.610000610351562,25.020000457763672,25.559999465942383,23.871213912963867,3359300
2019-01-07,25.59000015258789,26.0,25.510000228881836,25.8799991607666,24.170066833496094,2073600
2019-01-08,26.1299991607666,26.229999542236328,25.729999542236328,25.889999389648438,24.179412841796875,3663900
2019-01-09,26.110000610351562,26.639999389648438,26.110000610351562,26.469999313354492,24.721088409423828,4835300
2019-01-10,26.489999771118164,26.56999969482422,26.219999313354492,26.280000686645508,24.543642044067383,2049100
2019-01-11,26.420000076293945,27.0,26.3700008392334,27.0,25.2160701751709,3711700
2019-01-14,26.989999771118164,26.989999771118164,26.139999389648438,26.350000381469727,24.609018325805664,2834400
2019-01-15,26.389999389648438,26.610000610351562,26.030000686645508,26.56999969482422,24.814477920532227,2261200
2019-01-16,26.56999969482422,26.56999969482422,25.979999542236328,26.270000457763672,24.534299850463867,2893800
2019-01-17,26.280000686645508,26.540000915527344,26.1200008392334,26.280000686645508,24.543642044067383,2073100
2019-01-18,26.399999618530273,26.690000534057617,26.399999618530273,26.670000076293945,24.90787124633789,2265000
2019-01-22,26.489999771118164,26.600000381469727,26.34000015258789,26.549999237060547,24.795801162719727,2253400
2019-01-23,26.56999969482422,26.65999984741211,26.420000076293945,26.510000228881836,24.758447647094727,1877500
2019-01-24,26.399999618530273,26.540000915527344,26.299999237060547,26.3700008392334,24.627695083618164,1951200
2019-01-25,26.360000610351562,26.510000228881836,26.209999084472656,26.299999237060547,24.562318801879883,1348900
2019-01-28,26.270000457763672,26.299999237060547,25.940000534057617,26.299999237060547,24.562318801879883,1633600
2019-01-29,26.270000457763672,26.510000228881836,26.219999313354492,26.469999313354492,24.721088409423828,1666100
2019-01-30,26.440000534057617,26.719999313354492,26.34000015258789,26.579999923706055,24.823820114135742,1952600
2019-01-31,26.709999084472656,27.329999923706055,26.579999923706055,27.219999313354492,25.421531677246094,3902700
2019-02-01,27.31999969482422,27.450000762939453,27.040000915527344,27.209999084472656,25.41219139099121,1802200
2019-02-04,27.270000457763672,27.3700008392334,27.100000381469727,27.170000076293945,25.374839782714844,1713300
2019-02-05,27.170000076293945,27.25,27.010000228881836,27.110000610351562,25.31879997253418,1217100
2019-02-06,27.139999389648438,27.229999542236328,27.010000228881836,27.1200008392334,25.328140258789062,1174000
2019-02-07,27.010000228881836,27.209999084472656,27.010000228881836,27.170000076293945,25.374839782714844,1374600
2019-02-08,27.1299991607666,27.790000915527344,27.030000686645508,27.780000686645508,25.944538116455078,1827100
2019-02-11,27.75,28.18000030517578,27.700000762939453,28.18000030517578,26.3181095123291,2492600
2019-02-12,28.1299991607666,28.43000030517578,28.110000610351562,28.299999237060547,26.430177688598633,2244500
2019-02-13,28.5,28.5,28.239999771118164,28.420000076293945,26.54224395751953,1608400
2019-02-14,28.209999084472656,28.459999084472656,27.81999969482422,27.93000030517578,26.084623336791992,3400700
2019-02-15,28.049999237060547,28.260000228881836,27.969999313354492,28.239999771118164,26.37413787841797,1298100
2019-02-19,28.260000228881836,28.3700008392334,28.100000381469727,28.170000076293945,26.308765411376953,1719000
2019-02-20,28.1200008392334,28.299999237060547,28.1200008392334,28.170000076293945,26.308765411376953,1431500
2019-02-21,28.219999313354492,28.329999923706055,27.989999771118164,28.170000076293945,26.308765411376953,1375000
2019-02-22,28.010000228881836,28.010000228881836,27.049999237060547,27.479999542236328,25.664356231689453,3243600
2019-02-25,27.489999771118164,27.510000228881836,26.739999771118164,27.0,25.2160701751709,2339100
2019-02-26,26.93000030517578,27.0,26.510000228881836,26.549999237060547,24.795801162719727,2745600
2019-02-27,26.5,26.950000762939453,26.469999313354492,26.940000534057617,25.160036087036133,3914300
2019-02-28,25.649999618530273,26.0,25.049999237060547,25.149999618530273,23.488298416137695,7972800
2019-03-01,25.5,26.030000686645508,25.1299991607666,26.0,24.28213882446289,6617500
2019-03-04,25.8700008392334,26.110000610351562,25.780000686645508,26.049999237060547,24.328832626342773,3979000
2019-03-05,26.0,26.139999389648438,25.93000030517578,26.0,24.28213882446289,2575200
2019-03-06,26.40999984741211,26.65999984741211,26.1200008392334,26.510000228881836,24.758447647094727,3637900
2019-03-07,26.5,26.979999542236328,26.260000228881836,26.540000915527344,24.786462783813477,3173900
2019-03-08,26.399999618530273,26.56999969482422,26.239999771118164,26.399999618530273,24.655712127685547,2509300
2019-03-11,26.479999542236328,26.950000762939453,26.40999984741211,26.8799991607666,25.1039981842041,2446700
2019-03-12,27.139999389648438,27.239999771118164,26.979999542236328,27.229999542236328,25.43087387084961,2031800
2019-03-13,27.229999542236328,27.420000076293945,27.09000015258789,27.34000015258789,25.533607482910156,2733400
2019-03-14,27.360000610351562,27.5,27.170000076293945,27.3700008392334,25.561620712280273,2604600
2019-03-15,27.450000762939453,27.75,27.3799991607666,27.68000030517578,25.85114097595215,3325300
2019-03-18,27.850000381469727,27.940000534057617,27.549999237060547,27.829999923706055,25.99123191833496,3089600
2019-03-19,27.860000610351562,28.09000015258789,27.3700008392334,27.5,25.683034896850586,3206000
2019-03-20,27.440000534057617,27.920000076293945,27.25,27.760000228881836,25.92585563659668,2444800
2019-03-21,27.709999084472656,28.059999465942383,27.670000076293945,28.040000915527344,26.187355041503906,1378000
2019-03-22,27.979999542236328,28.149999618530273,27.700000762939453,27.709999084472656,25.879154205322266,1868600
2019-03-25,27.600000381469727,27.959999084472656,27.600000381469727,27.809999465942383,25.972549438476562,1916200
2019-03-26,27.93000030517578,28.25,27.860000610351562,28.149999618530273,26.290088653564453,1562900
2019-03-27,28.09000015258789,28.239999771118164,27.75,27.920000076293945,26.07528305053711,1591100
2019-03-28,27.940000534057617,28.1299991607666,27.860000610351562,27.969999313354492,26.121978759765625,1329300
2019-03-29,28.0,28.170000076293945,27.770000457763672,27.969999313354492,26.121978759765625,1700300
2019-04-01,27.979999542236328,28.0,27.489999771118164,27.700000762939453,25.86981773376465,2079900
2019-04-02,27.729999542236328,27.770000457763672,27.329999923706055,27.3700008392334,25.561620712280273,2041000
2019-04-03,27.260000228881836,27.75,26.959999084472656,27.600000381469727,25.77642822265625,2861500
2019-04-04,27.510000228881836,27.540000915527344,27.239999771118164,27.260000228881836,25.598011016845703,1695500
2019-04-05,27.3799991607666,27.649999618530273,27.229999542236328,27.309999465942383,25.644960403442383,1856800
2019-04-08,27.260000228881836,27.670000076293945,27.229999542236328,27.610000610351562,25.926673889160156,2079500
2019-04-09,27.520000457763672,27.799999237060547,27.469999313354492,27.68000030517578,25.992401123046875,2267300
2019-04-10,27.68000030517578,28.18000030517578,27.68000030517578,28.059999465942383,26.349233627319336,2649400
2019-04-11,27.100000381469727,27.299999237060547,26.59000015258789,26.8700008392334,25.231794357299805,6502800
2019-04-12,26.790000915527344,26.860000610351562,26.420000076293945,26.510000228881836,24.893735885620117,2590500
2019-04-15,26.5,26.700000762939453,26.40999984741211,26.549999237060547,24.93129539489746,1838200
2019-04-16,26.59000015258789,26.68000030517578,26.280000686645508,26.420000076293945,24.809223175048828,1216200
2019-04-17,26.43000030517578,26.56999969482422,26.190000534057617,26.239999771118164,24.64019775390625,1049500
2019-04-18,26.3700008392334,26.6200008392334,26.09000015258789,26.610000610351562,24.987640380859375,1450400
2019-04-22,26.540000915527344,26.8799991607666,26.479999542236328,26.850000381469727,25.213010787963867,1714200
2019-04-23,26.950000762939453,27.3700008392334,26.90999984741211,27.350000381469727,25.68252182006836,4397500
2019-04-24,27.389999389648438,27.959999084472656,27.290000915527344,27.5,25.82337760925293,5140400
2019-04-25,27.350000381469727,27.709999084472656,27.06999969482422,27.65999984741211,25.973621368408203,2083200
2019-04-26,27.700000762939453,28.59000015258789,27.649999618530273,28.530000686645508,26.79058265686035,2184200
2019-04-29,28.5,28.760000228881836,28.3799991607666,28.610000610351562,26.865703582763672,2206600
2019-04-30,28.600000381469727,29.1299991607666,28.520000457763672,29.06999969482422,27.297657012939453,2523300
2019-05-01,29.049999237060547,29.049999237060547,28.450000762939453,28.469999313354492,26.734235763549805,1621100
2019-05-02,28.350000381469727,28.969999313354492,28.350000381469727,28.950000762939453,27.18497657775879,1888000
2019-05-03,29.059999465942383,29.15999984741211,28.90999984741211,29.049999237060547,27.278879165649414,2209100
2019-05-06,28.809999465942383,29.489999771118164,28.770000457763672,29.440000534057617,27.64510154724121,1520800
2019-05-07,29.239999771118164,29.329999923706055,28.899999618530273,29.059999465942383,27.288270950317383,2820300
2019-05-08,29.170000076293945,29.399999618530273,28.950000762939453,29.110000610351562,27.335216522216797,3181900
2019-05-09,29.510000228881836,29.739999771118164,27.8700008392334,28.280000686645508,26.555822372436523,2965600
2019-05-10,28.049999237060547,29.43000030517578,28.010000228881836,29.40999984741211,27.616931915283203,2598200
2019-05-13,29.190000534057617,29.420000076293945,29.040000915527344,29.290000915527344,27.504247665405273,2827500
2019-05-14,29.309999465942383,29.739999771118164,29.209999084472656,29.59000015258789,27.785953521728516,3235500
2019-05-15,29.5,29.760000228881836,29.420000076293945,29.540000915527344,27.739004135131836,1500600
2019-05-16,29.350000381469727,29.459999084472656,28.399999618530273,28.600000381469727,26.856311798095703,3464200
2019-05-17,28.649999618530273,29.479999542236328,28.549999237060547,29.260000228881836,27.476076126098633,2071100
2019-05-20,29.3700008392334,29.3700008392334,28.969999313354492,29.149999618530273,27.37278175354004,1656600
2019-05-21,29.260000228881836,29.329999923706055,29.049999237060547,29.06999969482422,27.297657012939453,1828700
2019-05-22,29.0,29.190000534057617,28.920000076293945,29.1200008392334,27.344608306884766,1979900
2019-05-23,29.100000381469727,29.209999084472656,28.809999465942383,28.950000762939453,27.18497657775879,1883300
2019-05-24,29.0,29.40999984741211,28.90999984741211,29.209999084472656,27.429119110107422,2209800
2019-05-28,29.219999313354492,29.329999923706055,28.780000686645508,28.84000015258789,27.081682205200195,2253600
2019-05-29,28.639999389648438,28.670000076293945,28.09000015258789,28.43000030517578,26.69667625427246,2220900
2019-05-30,28.469999313354492,28.56999969482422,28.270000457763672,28.3700008392334,26.640336990356445,1437600
2019-05-31,28.100000381469727,28.360000610351562,27.93000030517578,28.190000534057617,26.471309661865234,1376300
2019-06-03,28.280000686645508,28.309999465942383,27.969999313354492,28.190000534057617,26.471309661865234,1682500
2019-06-04,28.309999465942383,28.43000030517578,27.920000076293945,28.06999969482422,26.358625411987305,2152700
2019-06-05,28.200000762939453,28.559999465942383,28.139999389648438,28.360000610351562,26.63094711303711,1682900
2019-06-06,28.3799991607666,28.540000915527344,28.219999313354492,28.360000610351562,26.63094711303711,1348900
2019-06-07,28.489999771118164,28.700000762939453,28.309999465942383,28.34000015258789,26.612163543701172,1711900
2019-06-10,28.479999542236328,28.649999618530273,28.299999237060547,28.6200008392334,26.87509536743164,2903300
2019-06-11,28.649999618530273,28.739999771118164,27.989999771118164,28.329999923706055,26.60277557373047,2093600
2019-06-12,28.360000610351562,28.690000534057617,28.360000610351562,28.479999542236328,26.743629455566406,2015100
2019-06-13,28.520000457763672,28.75,28.3700008392334,28.6200008392334,26.87509536743164,2142800
2019-06-14,28.610000610351562,28.81999969482422,28.479999542236328,28.6299991607666,26.88448715209961,1759400
2019-06-17,29.389999389648438,30.049999237060547,29.239999771118164,30.040000915527344,28.208520889282227,3330200
2019-06-18,30.1200008392334,30.18000030517578,29.6299991607666,30.06999969482422,28.236690521240234,3011100
2019-06-19,29.940000534057617,30.530000686645508,29.809999465942383,30.43000030517578,28.574743270874023,2073200
2019-06-20,30.6200008392334,30.989999771118164,30.56999969482422,30.90999984741211,29.025476455688477,5354600
2019-06-21,30.889999389648438,31.059999465942383,30.110000610351562,30.649999618530273,28.781328201293945,4805500
2019-06-24,30.670000076293945,30.670000076293945,29.549999237060547,29.969999313354492,28.142786026000977,5406600
2019-06-25,29.969999313354492,30.06999969482422,29.420000076293945,29.56999969482422,27.767173767089844,4426700
2019-06-26,29.639999389648438,29.760000228881836,28.56999969482422,28.760000228881836,27.006559371948242,3861500
2019-06-27,28.81999969482422,28.81999969482422,28.31999969482422,28.68000030517578,26.931438446044922,3907600
2019-06-28,28.75,29.059999465942383,28.579999923706055,28.899999618530273,27.13802146911621,7595800
2019-07-01,29.1200008392334,29.559999465942383,28.979999542236328,29.479999542236328,27.682661056518555,4028800
2019-07-02,29.549999237060547,29.829999923706055,29.329999923706055,29.760000228881836,28.088510513305664,2213500
2019-07-03,29.729999542236328,30.270000457763672,29.729999542236328,30.200000762939453,28.648193359375,1755700
2019-07-05,30.079999923706055,30.200000762939453,29.8700008392334,30.079999923706055,28.534358978271484,2629900
2019-07-08,29.979999542236328,30.0,29.829999923706055,29.920000076293945,28.382583618164062,1582600
2019-07-09,29.81999969482422,29.920000076293945,29.31999969482422,29.389999389648438,27.87981414794922,1600300
2019-07-10,29.479999542236328,29.549999237060547,29.149999618530273,29.15999984741211,27.66163444519043,1977800
2019-07-11,29.209999084472656,29.270000457763672,28.920000076293945,29.040000915527344,27.547801971435547,1323800
2019-07-12,29.020000457763672,29.049999237060547,28.670000076293945,28.729999542236328,27.253726959228516,1520800
2019-07-15,28.81999969482422,28.940000534057617,28.459999084472656,28.5,27.035551071166992,2635700
2019-07-16,28.549999237060547,28.639999389648438,28.170000076293945,28.290000915527344,26.836339950561523,2930500
2019-07-17,28.209999084472656,28.440000534057617,27.920000076293945,27.979999542236328,26.542264938354492,2425700
2019-07-18,28.020000457763672,28.09000015258789,27.399999618530273,27.969999313354492,26.53278160095215,4194700
2019-07-19,27.889999389648438,28.06999969482422,27.610000610351562,27.6299991607666,26.210250854492188,2062000
2019-07-22,27.649999618530273,27.8700008392334,27.56999969482422,27.610000610351562,26.1912841796875,2053800
2019-07-23,28.030000686645508,28.209999084472656,27.520000457763672,27.719999313354492,26.29562759399414,2657800
2019-07-24,27.6200008392334,27.93000030517578,27.540000915527344,27.760000228881836,26.33357048034668,3120000
2019-07-25,27.649999618530273,28.170000076293945,27.649999618530273,28.010000228881836,26.57072639465332,2650900
2019-07-26,28.139999389648438,28.299999237060547,28.030000686645508,28.100000381469727,26.65610122680664,1498600
2019-07-29,28.079999923706055,28.15999984741211,27.90999984741211,28.0,26.561243057250977,1295800
2019-07-30,27.8700008392334,28.290000915527344,27.860000610351562,28.200000762939453,26.750961303710938,2655600
2019-07-31,28.200000762939453,28.40999984741211,27.860000610351562,28.139999389648438,26.694046020507812,2331300
2019-08-01,28.190000534057617,28.549999237060547,28.020000457763672,28.149999618530273,26.70353126525879,1753400
2019-08-02,28.15999984741211,28.270000457763672,27.959999084472656,28.100000381469727,26.65610122680664,2398400
2019-08-05,27.90999984741211,28.15999984741211,27.6299991607666,27.950000762939453,26.513811111450195,5014900
2019-08-06,28.049999237060547,28.139999389648438,27.649999618530273,27.850000381469727,26.418949127197266,2589600
2019-08-07,27.700000762939453,27.780000686645508,27.360000610351562,27.610000610351562,26.1912841796875,5573800
2019-08-08,28.25,29.229999542236328,27.610000610351562,29.030000686645508,27.538314819335938,3312800
2019-08-09,28.979999542236328,29.59000015258789,28.860000610351562,29.09000015258789,27.595230102539062,2328300
2019-08-12,29.059999465942383,29.1200008392334,28.489999771118164,28.6200008392334,27.149381637573242,2378200
2019-08-13,28.549999237060547,28.90999984741211,28.34000015258789,28.469999313354492,27.00708770751953,2133100
2019-08-14,28.59000015258789,28.610000610351562,27.40999984741211,27.420000076293945,26.011045455932617,2283200
2019-08-15,27.559999465942383,28.010000228881836,27.510000228881836,27.84000015258789,26.409460067749023,2597000
2019-08-16,27.989999771118164,28.049999237060547,27.68000030517578,28.010000228881836,26.57072639465332,1628700
2019-08-19,28.079999923706055,28.25,27.93000030517578,27.950000762939453,26.513811111450195,3018700
2019-08-20,27.889999389648438,28.18000030517578,27.81999969482422,27.889999389648438,26.456893920898438,1995400
2019-08-21,28.020000457763672,28.020000457763672,27.6200008392334,27.729999542236328,26.30511474609375,1204200
2019-08-22,27.770000457763672,27.81999969482422,27.459999084472656,27.489999771118164,26.07744789123535,1317300
2019-08-23,27.469999313354492,27.540000915527344,26.6299991607666,26.719999313354492,25.34701156616211,1434500
2019-08-26,26.75,26.84000015258789,26.559999465942383,26.739999771118164,25.36598014831543,1183200
2019-08-27,26.809999465942383,26.940000534057617,26.700000762939453,26.75,25.375471115112305,2120000
2019-08-28,26.709999084472656,26.899999618530273,26.549999237060547,26.829999923706055,25.451358795166016,1892600
2019-08-29,27.020000457763672,27.350000381469727,26.959999084472656,27.239999771118164,25.840290069580078,1180900
2019-08-30,27.280000686645508,27.389999389648438,27.030000686645508,27.280000686645508,25.87823486328125,1566000
2019-09-03,27.110000610351562,27.1200008392334,26.540000915527344,26.600000381469727,25.233177185058594,3083600
2019-09-04,26.5,27.0,25.940000534057617,27.0,25.61262321472168,4868400
2019-09-05,27.229999542236328,27.229999542236328,26.93000030517578,27.149999618530273,25.754919052124023,3451200
2019-09-06,27.239999771118164,27.239999771118164,26.700000762939453,26.860000610351562,25.479816436767578,2848800
2019-09-09,26.81999969482422,26.950000762939453,26.540000915527344,26.75,25.375471115112305,4212300
2019-09-10,26.649999618530273,27.170000076293945,26.420000076293945,27.15999984741211,25.764402389526367,3317000
2019-09-11,27.09000015258789,28.290000915527344,27.030000686645508,28.260000228881836,26.807880401611328,4444100
2019-09-12,28.440000534057617,28.530000686645508,27.649999618530273,27.65999984741211,26.238710403442383,2269500
2019-09-13,27.540000915527344,27.760000228881836,27.40999984741211,27.549999237060547,26.13436508178711,1362400
2019-09-16,27.549999237060547,27.65999984741211,27.290000915527344,27.309999465942383,25.906696319580078,1098500
2019-09-17,27.309999465942383,27.860000610351562,27.290000915527344,27.850000381469727,26.418949127197266,1609300
2019-09-18,27.809999465942383,28.030000686645508,27.639999389648438,27.950000762939453,26.513811111450195,2560300
2019-09-19,27.969999313354492,28.100000381469727,27.579999923706055,27.610000610351562,26.1912841796875,1239600
2019-09-20,27.600000381469727,27.75,27.299999237060547,27.31999969482422,25.916181564331055,6486600
2019-09-23,27.31999969482422,27.350000381469727,27.1200008392334,27.139999389648438,25.74542999267578,1931500
2019-09-24,27.139999389648438,27.350000381469727,26.770000457763672,26.959999084472656,25.57468032836914,1708300
2019-09-25,27.0,27.149999618530273,26.93000030517578,27.0,25.61262321472168,4524000
2019-09-26,27.34000015258789,27.59000015258789,27.059999465942383,27.219999313354492,25.821319580078125,2001000
2019-09-27,27.270000457763672,27.290000915527344,26.920000076293945,27.0,25.61262321472168,1217700
2019-09-30,27.040000915527344,27.459999084472656,27.010000228881836,27.31999969482422,25.916181564331055,1544600
2019-10-01,27.31999969482422,27.399999618530273,26.940000534057617,27.040000915527344,25.650569915771484,1274500
2019-10-02,26.940000534057617,27.06999969482422,26.610000610351562,26.90999984741211,25.527250289916992,2024200
2019-10-03,26.950000762939453,27.280000686645508,26.829999923706055,27.239999771118164,25.985136032104492,3262800
2019-10-04,27.280000686645508,27.709999084472656,27.229999542236328,27.610000610351562,26.338092803955078,2867900
2019-10-07,27.520000457763672,27.639999389648438,27.389999389648438,27.479999542236328,26.214080810546875,3868400
2019-10-08,27.3799991607666,27.43000030517578,26.93000030517578,26.93000030517578,25.689416885375977,2570100
2019-10-09,27.040000915527344,27.420000076293945,26.959999084472656,27.100000381469727,25.85158348083496,1754600
2019-10-10,27.149999618530273,27.719999313354492,26.940000534057617,27.639999389648438,26.366708755493164,4634600
2019-10-11,27.65999984741211,28.06999969482422,27.59000015258789,27.809999465942383,26.52887725830078,2287900
2019-10-14,27.549999237060547,27.670000076293945,27.200000762939453,27.399999618530273,26.13776397705078,2940400
2019-10-15,27.440000534057617,27.649999618530273,27.440000534057617,27.530000686645508,26.261775970458984,1700700
2019-10-16,27.510000228881836,27.649999618530273,27.3700008392334,27.610000610351562,26.338092803955078,1292200
2019-10-17,27.65999984741211,27.860000610351562,27.559999465942383,27.600000381469727,26.328554153442383,1814400
2019-10-18,27.469999313354492,27.739999771118164,27.469999313354492,27.59000015258789,26.31900978088379,2671300
2019-10-21,27.579999923706055,27.600000381469727,27.229999542236328,27.489999771118164,26.223621368408203,3054900
2019-10-22,27.540000915527344,27.700000762939453,27.440000534057617,27.520000457763672,26.25223731994629,1766800
2019-10-23,27.479999542236328,27.700000762939453,27.43000030517578,27.6299991607666,26.35717010498047,1710200
2019-10-24,27.600000381469727,27.860000610351562,27.530000686645508,27.709999084472656,26.43348503112793,1828500
2019-10-25,27.540000915527344,27.75,27.31999969482422,27.510000228881836,26.242698669433594,1817000
2019-10-28,27.520000457763672,27.770000457763672,27.479999542236328,27.649999618530273,26.376245498657227,1405800
2019-10-29,27.600000381469727,27.93000030517578,27.540000915527344,27.639999389648438,26.366708755493164,1499700
2019-10-30,27.719999313354492,27.920000076293945,27.5,27.899999618530273,26.614734649658203,1557200
2019-10-31,27.93000030517578,28.200000762939453,27.84000015258789,28.15999984741211,26.862756729125977,1992300
2019-11-01,28.25,28.43000030517578,28.170000076293945,28.209999084472656,26.910451889038086,1657500
2019-11-04,28.219999313354492,28.25,27.729999542236328,27.8700008392334,26.58611488342285,1391500
2019-11-05,27.90999984741211,28.239999771118164,27.790000915527344,28.030000686645508,26.738744735717773,2018300
2019-11-06,28.040000915527344,28.299999237060547,27.93000030517578,28.170000076293945,26.872291564941406,2862800
2019-11-07,30.75,32.0,29.690000534057617,29.829999923706055,28.455821990966797,5677200
2019-11-08,29.829999923706055,29.93000030517578,28.780000686645508,29.200000762939453,27.854846954345703,3017100
2019-11-11,29.149999618530273,29.329999923706055,28.959999084472656,28.989999771118164,27.65452003479004,1353900
2019-11-12,28.989999771118164,29.260000228881836,28.8799991607666,29.200000762939453,27.854846954345703,2080700
2019-11-13,29.290000915527344,29.530000686645508,29.09000015258789,29.5,28.141027450561523,1888200
2019-11-14,29.5,30.010000228881836,29.43000030517578,30.0,28.617990493774414,1691100
2019-11-15,29.959999084472656,30.079999923706055,29.770000457763672,30.020000457763672,28.637069702148438,1020200
2019-11-18,29.93000030517578,30.549999237060547,29.8700008392334,30.3700008392334,28.970945358276367,2356800
2019-11-19,30.3700008392334,30.3700008392334,29.489999771118164,30.200000762939453,28.808778762817383,2850000
2019-11-20,30.3799991607666,30.68000030517578,30.09000015258789,30.530000686645508,29.123580932617188,2869100
2019-11-21,30.450000762939453,30.65999984741211,30.15999984741211,30.6299991607666,29.21896743774414,1766300
2019-11-22,30.719999313354492,30.719999313354492,30.170000076293945,30.299999237060547,28.904170989990234,1191700
2019-11-25,30.440000534057617,30.84000015258789,30.280000686645508,30.700000762939453,29.285747528076172,2143300
2019-11-26,30.700000762939453,31.079999923706055,30.559999465942383,30.989999771118164,29.56238555908203,1620300
2019-11-27,31.059999465942383,31.309999465942383,30.889999389648438,31.209999084472656,29.772249221801758,1437400
2019-11-29,31.25,31.270000457763672,30.93000030517578,30.940000534057617,29.51468849182129,553100
2019-12-02,30.8700008392334,30.8700008392334,30.40999984741211,30.520000457763672,29.114036560058594,1753400
2019-12-03,30.270000457763672,30.420000076293945,29.950000762939453,30.0,28.617990493774414,2995700
2019-12-04,29.950000762939453,30.270000457763672,29.950000762939453,30.040000915527344,28.656152725219727,3866500
2019-12-05,30.190000534057617,30.190000534057617,29.190000534057617,29.190000534057617,27.845308303833008,2823100
2019-12-06,29.350000381469727,29.670000076293945,29.260000228881836,29.290000915527344,27.940702438354492,1826900
2019-12-09,29.25,29.399999618530273,29.1299991607666,29.190000534057617,27.845308303833008,1651600
2019-12-10,29.149999618530273,29.25,28.959999084472656,29.15999984741211,27.816688537597656,2746800
2019-12-11,29.1200008392334,29.200000762939453,28.760000228881836,28.829999923706055,27.501888275146484,1348500
2019-12-12,29.190000534057617,29.190000534057617,28.719999313354492,28.780000686645508,27.454195022583008,1651600
2019-12-13,28.690000534057617,28.8700008392334,28.65999984741211,28.760000228881836,27.435117721557617,1174400
2019-12-16,28.760000228881836,28.920000076293945,28.670000076293945,28.899999618530273,27.568666458129883,3097600
2019-12-17,28.780000686645508,29.09000015258789,28.780000686645508,28.889999389648438,27.559125900268555,1782900
2019-12-18,28.8700008392334,29.010000228881836,28.43000030517578,28.56999969482422,27.25386619567871,1773500
2019-12-19,28.549999237060547,28.770000457763672,28.440000534057617,28.530000686645508,27.215709686279297,2378500
2019-12-20,28.6200008392334,29.030000686645508,28.549999237060547,28.8700008392334,27.54004669189453,4120100
2019-12-23,28.90999984741211,29.040000915527344,28.719999313354492,28.809999465942383,27.482807159423828,1455800
2019-12-24,28.829999923706055,28.8700008392334,28.649999618530273,28.649999618530273,27.330184936523438,575900
2019-12-26,28.65999984741211,28.84000015258789,28.6200008392334,28.81999969482422,27.492353439331055,857100
2019-12-27,28.90999984741211,28.920000076293945,28.75,28.84000015258789,27.511428833007812,720700
2019-12-30,28.799999237060547,28.969999313354492,28.739999771118164,28.8700008392334,27.54004669189453,1060500
2019-12-31,28.81999969482422,29.049999237060547,28.81999969482422,28.950000762939453,27.616363525390625,1366400
2020-01-02,28.889999389648438,28.899999618530273,28.59000015258789,28.739999771118164,27.558828353881836,1924300
2020-01-03,28.559999465942383,28.8700008392334,28.5,28.809999465942383,27.62594985961914,1129000
2020-01-06,28.6299991607666,29.030000686645508,28.6299991607666,29.0,27.80813980102539,1783500
2020-01-07,28.8700008392334,29.020000457763672,28.18000030517578,28.200000762939453,27.041019439697266,1272800
2020-01-08,28.200000762939453,28.34000015258789,27.739999771118164,27.760000228881836,26.619104385375977,1931800
2020-01-09,27.84000015258789,28.059999465942383,27.809999465942383,27.8700008392334,26.72458267211914,4952100
2020-01-10,27.850000381469727,28.34000015258789,27.850000381469727,27.8799991607666,26.73417091369629,7271400
2020-01-13,27.829999923706055,27.959999084472656,27.75,27.799999237060547,26.657461166381836,3240300
2020-01-14,27.719999313354492,27.84000015258789,27.350000381469727,27.600000381469727,26.465682983398438,2660500
2020-01-15,27.6200008392334,28.18000030517578,27.600000381469727,27.860000610351562,26.714994430541992,2417700
2020-01-16,27.940000534057617,28.09000015258789,27.559999465942383,27.6200008392334,26.484859466552734,4704800
2020-01-17,27.6200008392334,27.940000534057617,27.600000381469727,27.670000076293945,26.532804489135742,4545400
2020-01-21,27.3799991607666,27.59000015258789,27.079999923706055,27.100000381469727,25.98622703552246,2973800
2020-01-22,27.15999984741211,28.110000610351562,27.15999984741211,28.030000686645508,26.87801170349121,8292600
2020-01-23,27.540000915527344,27.81999969482422,27.139999389648438,27.770000457763672,26.628694534301758,5988100
2020-01-24,27.850000381469727,28.1299991607666,27.6299991607666,28.040000915527344,26.887598037719727,4623300
2020-01-27,27.65999984741211,28.1200008392334,27.639999389648438,28.030000686645508,26.87801170349121,3130200
2020-01-28,28.049999237060547,28.56999969482422,28.010000228881836,28.540000915527344,27.367048263549805,3022600
2020-01-29,28.56999969482422,28.84000015258789,28.489999771118164,28.549999237060547,27.37663459777832,2287700
2020-01-30,28.510000228881836,28.809999465942383,28.459999084472656,28.65999984741211,27.482112884521484,2450400
2020-01-31,28.700000762939453,28.8700008392334,28.479999542236328,28.530000686645508,27.357460021972656,2895100
2020-02-03,28.479999542236328,28.799999237060547,28.440000534057617,28.68000030517578,27.50129508972168,1246600
2020-02-04,28.93000030517578,29.020000457763672,28.670000076293945,28.670000076293945,27.4917049407959,1261500
2020-02-05,28.799999237060547,28.959999084472656,28.6299991607666,28.690000534057617,27.510883331298828,905700
2020-02-06,28.760000228881836,28.969999313354492,28.43000030517578,28.559999465942383,27.3862247467041,1757900
2020-02-07,28.5,28.639999389648438,28.459999084472656,28.56999969482422,27.395814895629883,1676300
2020-02-10,28.5,28.75,28.450000762939453,28.709999084472656,27.53006362915039,2560700
2020-02-11,28.75,28.860000610351562,28.639999389648438,28.670000076293945,27.4917049407959,1377500
2020-02-12,28.65999984741211,28.760000228881836,28.469999313354492,28.639999389648438,27.462936401367188,1537000
2020-02-13,28.450000762939453,28.780000686645508,28.440000534057617,28.579999923706055,27.40540313720703,2146200
2020-02-14,28.649999618530273,28.979999542236328,28.579999923706055,28.8700008392334,27.683486938476562,1161500
2020-02-18,28.780000686645508,29.170000076293945,28.780000686645508,28.8700008392334,27.683486938476562,3361200
2020-02-19,28.90999984741211,29.059999465942383,28.799999237060547,28.850000381469727,27.664310455322266,1469300
2020-02-20,28.829999923706055,29.329999923706055,28.799999237060547,29.299999237060547,28.095809936523438,1646400
2020-02-21,29.329999923706055,29.549999237060547,29.06999969482422,29.5,28.287593841552734,1480700
2020-02-24,29.200000762939453,29.420000076293945,28.979999542236328,29.139999389648438,27.94239044189453,1488600
2020-02-25,29.219999313354492,29.3799991607666,28.399999618530273,28.920000076293945,27.731430053710938,3449300
2020-02-26,29.059999465942383,29.420000076293945,28.5,28.729999542236328,27.549240112304688,3278400
2020-02-27,27.700000762939453,28.84000015258789,27.5,28.239999771118164,27.079378128051758,7680500
2020-02-28,27.84000015258789,28.0,26.770000457763672,27.8799991607666,26.73417091369629,4177300
2020-03-02,27.899999618530273,28.290000915527344,27.440000534057617,28.260000228881836,27.098552703857422,4619000
2020-03-03,28.260000228881836,28.510000228881836,27.5,27.549999237060547,26.417734146118164,5727000
2020-03-04,27.920000076293945,28.110000610351562,27.440000534057617,27.770000457763672,26.628694534301758,9166200
2020-03-05,27.110000610351562,27.270000457763672,26.5,27.0,25.89034080505371,23735700
2020-03-06,26.3700008392334,26.65999984741211,26.110000610351562,26.6299991607666,25.53554344177246,7347000
2020-03-09,25.739999771118164,26.09000015258789,21.3799991607666,24.450000762939453,23.445140838623047,7682500
2020-03-10,25.1299991607666,25.40999984741211,23.3700008392334,25.25,24.212261199951172,6805500
2020-03-11,24.719999313354492,25.079999923706055,24.049999237060547,24.510000228881836,23.50267219543457,5671100
2020-03-12,23.450000762939453,24.049999237060547,22.260000228881836,22.989999771118164,22.045146942138672,8118600
2020-03-13,23.75,24.059999465942383,22.549999237060547,23.469999313354492,22.505414962768555,6647800
2020-03-16,21.06999969482422,21.889999389648438,19.559999465942383,19.600000381469727,18.79446792602539,5986800
2020-03-17,20.020000457763672,20.43000030517578,19.030000686645508,20.31999969482422,19.48487663269043,8502400
2020-03-18,19.309999465942383,20.149999618530273,18.979999542236328,19.90999984741211,19.09172821044922,6961900
2020-03-19,19.899999618530273,24.639999389648438,19.899999618530273,24.31999969482422,23.320484161376953,7464000
2020-03-20,24.56999969482422,25.020000457763672,22.719999313354492,23.530000686645508,22.56295394897461,6202700
2020-03-23,23.280000686645508,23.739999771118164,22.809999465942383,23.18000030517578,22.22733497619629,4999400
2020-03-24,24.09000015258789,24.770000457763672,23.290000915527344,23.889999389648438,22.908157348632812,6757500
2020-03-25,23.950000762939453,25.700000762939453,23.639999389648438,25.0,23.972537994384766,4848500
2020-03-26,24.84000015258789,25.8799991607666,24.34000015258789,24.790000915527344,23.771167755126953,5624000
2020-03-27,24.059999465942383,24.790000915527344,23.860000610351562,24.3799991607666,23.378019332885742,2859400
2020-03-30,24.59000015258789,24.8700008392334,24.030000686645508,24.780000686645508,23.761577606201172,3701000
2020-03-31,24.40999984741211,24.760000228881836,24.190000534057617,24.270000457763672,23.272539138793945,2426900
2020-04-01,23.700000762939453,24.190000534057617,23.43000030517578,23.65999984741211,22.68760871887207,3029700
2020-04-02,23.350000381469727,23.959999084472656,23.290000915527344,23.860000610351562,23.025365829467773,4718200
2020-04-03,23.739999771118164,23.920000076293945,23.420000076293945,23.799999237060547,22.96746253967285,3995000
2020-04-06,24.3700008392334,24.739999771118164,24.209999084472656,24.59000015258789,23.72983169555664,2553200
2020-04-07,24.90999984741211,26.790000915527344,24.889999389648438,25.90999984741211,25.00365447998047,4683100
2020-04-08,25.969999313354492,26.790000915527344,25.6299991607666,26.610000610351562,25.679170608520508,1299700
2020-04-09,26.799999237060547,27.600000381469727,26.459999084472656,26.860000610351562,25.920425415039062,2353600
2020-04-13,26.65999984741211,26.860000610351562,26.219999313354492,26.329999923706055,25.408964157104492,1233200
2020-04-14,26.559999465942383,27.81999969482422,26.3700008392334,27.489999771118164,26.528383255004883,2299000
2020-04-15,27.049999237060547,27.3700008392334,26.729999542236328,26.84000015258789,25.901124954223633,1242400
2020-04-16,27.139999389648438,27.139999389648438,26.56999969482422,26.809999465942383,25.87217140197754,2851200
2020-04-17,27.149999618530273,27.309999465942383,25.950000762939453,26.149999618530273,25.235261917114258,4408300
2020-04-20,25.8700008392334,26.329999923706055,25.68000030517578,26.020000457763672,25.109804153442383,1934200
2020-04-21,25.6200008392334,25.829999923706055,25.270000457763672,25.649999618530273,24.752748489379883,2723300
2020-04-22,25.829999923706055,26.700000762939453,25.799999237060547,26.540000915527344,25.611618041992188,2399400
2020-04-23,26.479999542236328,26.59000015258789,26.059999465942383,26.170000076293945,25.254560470581055,1750000
2020-04-24,26.290000915527344,26.450000762939453,25.899999618530273,26.290000915527344,25.370365142822266,2766500
2020-04-27,27.15999984741211,27.25,25.739999771118164,25.860000610351562,24.955408096313477,6376300
2020-04-28,28.0,28.0,26.8799991607666,27.110000610351562,26.161678314208984,5411000
2020-04-29,27.100000381469727,27.389999389648438,26.260000228881836,26.690000534057617,25.75636863708496,2875700
2020-04-30,26.6200008392334,26.770000457763672,26.15999984741211,26.459999084472656,25.53441619873047,2849500
2020-05-01,26.25,26.3700008392334,25.729999542236328,25.899999618530273,24.99400520324707,1449400
2020-05-04,25.549999237060547,26.059999465942383,25.549999237060547,26.020000457763672,25.109804153442383,1484000
2020-05-05,26.059999465942383,26.510000228881836,26.059999465942383,26.260000228881836,25.341413497924805,1485800
2020-05-06,26.510000228881836,27.010000228881836,26.459999084472656,26.719999313354492,25.785320281982422,2545200
2020-05-07,26.579999923706055,26.90999984741211,26.149999618530273,26.360000610351562,25.43791389465332,5159500
2020-05-08,26.65999984741211,26.770000457763672,26.290000915527344,26.34000015258789,25.41861343383789,2578800
2020-05-11,26.329999923706055,27.030000686645508,26.1200008392334,26.93000030517578,25.98797607421875,4815700
2020-05-12,27.200000762939453,27.239999771118164,26.520000457763672,26.59000015258789,25.659868240356445,3109800
2020-05-13,26.950000762939453,27.100000381469727,26.25,26.420000076293945,25.495813369750977,11308700
2020-05-14,25.979999542236328,26.399999618530273,25.90999984741211,26.3700008392334,25.44756507873535,3036800
2020-05-15,26.479999542236328,26.690000534057617,26.260000228881836,26.299999237060547,25.38001251220703,2256600
2020-05-18,26.760000228881836,27.020000457763672,26.600000381469727,26.959999084472656,26.016923904418945,4420200
2020-05-19,27.010000228881836,27.479999542236328,27.010000228881836,27.219999313354492,26.267831802368164,4120800
2020-05-20,27.479999542236328,27.860000610351562,27.459999084472656,27.690000534057617,26.721389770507812,2507900
2020-05-21,26.8799991607666,27.18000030517578,26.739999771118164,26.8799991607666,25.939722061157227,9681200
2020-05-22,26.979999542236328,27.299999237060547,26.850000381469727,27.15999984741211,26.20992660522461,12958100
2020-05-26,27.520000457763672,27.579999923706055,26.920000076293945,26.93000030517578,25.98797607421875,6830300
2020-05-27,27.09000015258789,27.81999969482422,26.8700008392334,27.770000457763672,26.7985897064209,6696200
2020-05-28,28.0,28.450000762939453,27.770000457763672,27.780000686645508,26.808244705200195,5391700
2020-05-29,27.809999465942383,28.1200008392334,27.479999542236328,27.920000076293945,26.94334602355957,23927000
2020-06-01,28.18000030517578,28.489999771118164,28.06999969482422,28.360000610351562,27.367956161499023,4632000
2020-06-02,28.440000534057617,28.559999465942383,27.93000030517578,28.059999465942383,27.078447341918945,3107500
2020-06-03,28.229999542236328,28.920000076293945,28.18000030517578,28.469999313354492,27.474103927612305,5691400
2020-06-04,28.329999923706055,28.670000076293945,28.229999542236328,28.420000076293945,27.42585563659668,9260300
2020-06-05,28.610000610351562,29.219999313354492,28.5,28.690000534057617,27.686410903930664,11674100
2020-06-08,28.709999084472656,28.709999084472656,28.260000228881836,28.43000030517578,27.435503005981445,3689900
2020-06-09,28.219999313354492,28.56999969482422,27.959999084472656,28.329999923706055,27.33900260925293,5101600
2020-06-10,28.420000076293945,28.75,28.229999542236328,28.5,27.503055572509766,7828800
2020-06-11,28.889999389648438,29.239999771118164,28.219999313354492,28.34000015258789,27.348651885986328,3353900
2020-06-12,28.700000762939453,28.850000381469727,27.639999389648438,28.1200008392334,27.136350631713867,4435600
2020-06-15,27.809999465942383,28.600000381469727,27.649999618530273,28.579999923706055,27.580257415771484,2812400
2020-06-16,29.190000534057617,29.299999237060547,28.329999923706055,28.639999389648438,27.63815689086914,3619800
2020-06-17,28.6299991607666,29.100000381469727,28.56999969482422,28.739999771118164,27.734661102294922,1990600
2020-06-18,28.649999618530273,29.09000015258789,28.649999618530273,29.059999465942383,28.043466567993164,1618000
2020-06-19,29.31999969482422,29.459999084472656,28.700000762939453,28.709999084472656,27.70570945739746,3886000
2020-06-22,28.700000762939453,29.209999084472656,28.59000015258789,29.190000534057617,28.168920516967773,2603600
2020-06-23,29.290000915527344,29.579999923706055,29.020000457763672,29.030000686645508,28.014516830444336,2898300
2020-06-24,28.90999984741211,28.969999313354492,28.25,28.399999618530273,27.406553268432617,2162000
2020-06-25,28.3700008392334,28.600000381469727,28.18000030517578,28.399999618530273,27.406553268432617,5781400
2020-06-26,28.360000610351562,28.59000015258789,28.059999465942383,28.219999313354492,27.23284912109375,5824200
2020-06-29,28.34000015258789,28.479999542236328,27.920000076293945,28.299999237060547,27.310049057006836,2370900
2020-06-30,28.280000686645508,28.450000762939453,28.139999389648438,28.399999618530273,27.406553268432617,3112000
2020-07-01,28.360000610351562,28.770000457763672,28.31999969482422,28.670000076293945,27.814014434814453,2061500
2020-07-02,28.860000610351562,28.860000610351562,28.450000762939453,28.530000686645508,27.67819595336914,2339000
2020-07-06,28.649999618530273,28.729999542236328,28.34000015258789,28.559999465942383,27.707298278808594,1844500
2020-07-07,28.6299991607666,29.5,28.56999969482422,29.1200008392334,28.250577926635742,3496200
2020-07-08,29.0,29.06999969482422,28.450000762939453,28.610000610351562,27.75580596923828,2688100
2020-07-09,29.260000228881836,29.899999618530273,29.0,29.0,28.1341609954834,4159100
2020-07-10,29.030000686645508,29.209999084472656,28.760000228881836,29.200000762939453,28.32819175720215,1842600
2020-07-13,29.31999969482422,29.420000076293945,28.8799991607666,28.920000076293945,28.056549072265625,1981800
2020-07-14,28.809999465942383,29.3799991607666,28.75,29.34000015258789,28.46401023864746,1370300
2020-07-15,29.540000915527344,29.600000381469727,29.270000457763672,29.420000076293945,28.54161834716797,1545000
2020-07-16,29.450000762939453,29.65999984741211,29.31999969482422,29.559999465942383,28.677440643310547,1414800
2020-07-17,29.56999969482422,29.799999237060547,29.420000076293945,29.780000686645508,28.890872955322266,1973600
2020-07-20,29.780000686645508,29.950000762939453,29.690000534057617,29.770000457763672,28.881174087524414,2022400
2020-07-21,30.0,30.0,29.68000030517578,29.8799991607666,28.987886428833008,2326600
2020-07-22,30.030000686645508,30.3700008392334,29.84000015258789,30.299999237060547,29.395349502563477,1884900
2020-07-23,30.299999237060547,30.420000076293945,30.15999984741211,30.270000457763672,29.36624526977539,1435700
2020-07-24,30.15999984741211,30.3700008392334,30.049999237060547,30.34000015258789,29.434154510498047,999400
2020-07-27,30.540000915527344,30.969999313354492,30.489999771118164,30.959999084472656,30.035642623901367,1742900
2020-07-28,31.0,31.100000381469727,30.719999313354492,30.889999389648438,29.967731475830078,2406400
2020-07-29,31.18000030517578,31.469999313354492,30.959999084472656,31.260000228881836,30.326684951782227,2810100
2020-07-30,30.920000076293945,31.0,29.989999771118164,30.770000457763672,29.851316452026367,3639100
2020-07-31,31.190000534057617,31.25,30.420000076293945,30.59000015258789,29.67669105529785,3826100
2020-08-03,30.010000228881836,30.219999313354492,29.670000076293945,29.920000076293945,29.026695251464844,6314700
2020-08-04,29.809999465942383,30.1299991607666,29.780000686645508,29.950000762939453,29.05579948425293,2748500
2020-08-05,29.969999313354492,30.010000228881836,29.850000381469727,29.93000030517578,29.036394119262695,2765500
2020-08-06,29.979999542236328,29.979999542236328,29.739999771118164,29.829999923706055,28.939380645751953,1803300
2020-08-07,29.920000076293945,29.989999771118164,29.549999237060547,29.6299991607666,28.745351791381836,2369100
2020-08-10,29.489999771118164,29.829999923706055,29.329999923706055,29.760000228881836,28.871469497680664,3145500
2020-08-11,29.770000457763672,29.940000534057617,29.479999542236328,29.56999969482422,28.687143325805664,2590600
2020-08-12,29.729999542236328,30.280000686645508,29.6299991607666,30.110000610351562,29.21101951599121,2832800
2020-08-13,30.15999984741211,30.540000915527344,30.09000015258789,30.15999984741211,29.2595272064209,2916600
2020-08-14,30.170000076293945,30.170000076293945,29.760000228881836,29.889999389648438,28.997587203979492,3783200
2020-08-17,29.899999618530273,30.149999618530273,29.729999542236328,29.75,28.86176872253418,1970500
2020-08-18,28.739999771118164,29.260000228881836,28.350000381469727,29.100000381469727,28.231176376342773,22699100
2020-08-19,29.15999984741211,29.639999389648438,29.149999618530273,29.34000015258789,28.46401023864746,13832900
2020-08-20,29.149999618530273,29.43000030517578,29.010000228881836,29.190000534057617,28.31848907470703,8387400
2020-08-21,29.200000762939453,29.200000762939453,28.850000381469727,28.93000030517578,28.066251754760742,5055700
2020-08-24,28.989999771118164,29.190000534057617,28.81999969482422,29.15999984741211,28.289384841918945,4020200
2020-08-25,29.170000076293945,29.31999969482422,29.079999923706055,29.299999237060547,28.425201416015625,1875200
2020-08-26,29.90999984741211,30.059999465942383,29.59000015258789,29.799999237060547,28.910276412963867,7864100
2020-08-27,29.920000076293945,30.229999542236328,29.809999465942383,29.93000030517578,29.036394119262695,4615200
2020-08-28,30.0,30.09000015258789,29.68000030517578,30.06999969482422,29.17221450805664,2795100
2020-08-31,30.100000381469727,30.18000030517578,29.829999923706055,29.829999923706055,28.939380645751953,2524000
2020-09-01,29.920000076293945,30.030000686645508,29.790000915527344,29.950000762939453,29.05579948425293,4106800
2020-09-02,30.0,30.479999542236328,29.969999313354492,30.399999618530273,29.492359161376953,4358400
2020-09-03,30.459999084472656,30.559999465942383,29.59000015258789,29.799999237060547,28.910276412963867,3799800
2020-09-04,29.84000015258789,29.989999771118164,29.049999237060547,29.540000915527344,28.65804100036621,3141500
2020-09-08,29.360000610351562,29.450000762939453,28.6299991607666,28.860000610351562,27.998342514038086,3700700
2020-09-09,29.030000686645508,29.690000534057617,28.93000030517578,29.520000457763672,28.63863754272461,4140500
2020-09-10,28.979999542236328,29.079999923706055,28.510000228881836,28.530000686645508,27.67819595336914,9679500
2020-09-11,28.600000381469727,28.989999771118164,28.469999313354492,28.829999923706055,27.969236373901367,5990700
2020-09-14,28.989999771118164,29.079999923706055,28.739999771118164,28.809999465942383,27.949832916259766,3960300
2020-09-15,28.93000030517578,29.1200008392334,28.75,28.799999237060547,27.94013023376465,3510700
2020-09-16,28.899999618530273,28.989999771118164,28.399999618530273,28.43000030517578,27.581178665161133,2987600
2020-09-17,28.149999618530273,28.549999237060547,28.1200008392334,28.309999465942383,27.464763641357422,3468100
2020-09-18,28.43000030517578,28.43000030517578,27.8700008392334,28.049999237060547,27.212522506713867,5803600
2020-09-21,27.760000228881836,27.940000534057617,27.43000030517578,27.8700008392334,27.037899017333984,6586500
2020-09-22,27.979999542236328,28.219999313354492,27.770000457763672,27.850000381469727,27.018495559692383,5514300
2020-09-23,27.93000030517578,28.059999465942383,27.15999984741211,27.190000534057617,26.378204345703125,2376200
2020-09-24,27.3700008392334,27.520000457763672,27.0,27.260000228881836,26.44611167907715,3197200
2020-09-25,27.139999389648438,27.950000762939453,27.100000381469727,27.8799991607666,27.047595977783203,4276600
2020-09-28,28.110000610351562,28.260000228881836,27.81999969482422,27.84000015258789,27.008792877197266,2813500
2020-09-29,27.979999542236328,27.979999542236328,27.09000015258789,27.110000610351562,26.30059051513672,4577000
2020-09-30,27.139999389648438,27.6200008392334,27.139999389648438,27.600000381469727,26.775962829589844,6646100
2020-10-01,27.59000015258789,28.200000762939453,27.3799991607666,28.010000228881836,27.32221031188965,4908200
2020-10-02,27.6200008392334,28.190000534057617,27.6200008392334,28.09000015258789,27.400245666503906,3902600
2020-10-05,28.299999237060547,28.389999389648438,27.610000610351562,27.670000076293945,26.990558624267578,6182900
2020-10-06,27.65999984741211,28.219999313354492,27.610000610351562,28.030000686645508,27.341720581054688,5120800
2020-10-07,28.219999313354492,28.68000030517578,28.110000610351562,28.600000381469727,27.897722244262695,3493700
2020-10-08,28.68000030517578,28.899999618530273,28.559999465942383,28.700000762939453,27.995269775390625,2891800
2020-10-09,28.81999969482422,29.299999237060547,28.649999618530273,29.25,28.531763076782227,5359300
2020-10-12,30.100000381469727,30.31999969482422,29.75,29.799999237060547,29.068256378173828,6856800
2020-10-13,29.610000610351562,30.020000457763672,29.540000915527344,29.829999923706055,29.097518920898438,4424200
2020-10-14,29.940000534057617,30.110000610351562,29.540000915527344,29.670000076293945,28.941448211669922,5586100
2020-10-15,29.40999984741211,29.709999084472656,29.309999465942383,29.440000534057617,28.71709632873535,4350400
2020-10-16,29.3700008392334,30.0,29.270000457763672,29.760000228881836,29.02923583984375,56689800
2020-10-19,29.700000762939453,30.139999389648438,29.110000610351562,29.200000762939453,28.48299217224121,6506400
2020-10-20,29.469999313354492,29.670000076293945,29.229999542236328,29.229999542236328,28.512250900268555,3726800
2020-10-21,29.0,29.329999923706055,28.799999237060547,29.15999984741211,28.443971633911133,3958500
2020-10-22,29.18000030517578,29.700000762939453,29.09000015258789,29.549999237060547,28.82439422607422,3770100
2020-10-23,29.799999237060547,29.889999389648438,29.1299991607666,29.209999084472656,28.49274253845215,4425300
2020-10-26,29.149999618530273,29.209999084472656,28.1200008392334,28.440000534057617,27.741653442382812,7958000
2020-10-27,28.5,28.760000228881836,28.299999237060547,28.600000381469727,27.897722244262695,6428500
2020-10-28,28.1299991607666,28.389999389648438,27.520000457763672,27.729999542236328,27.049083709716797,6262100
2020-10-29,27.389999389648438,27.8799991607666,27.18000030517578,27.190000534057617,26.522348403930664,5173100
2020-10-30,27.049999237060547,27.170000076293945,26.670000076293945,26.899999618530273,26.23946762084961,5757800
2020-11-02,27.299999237060547,27.549999237060547,26.719999313354492,27.040000915527344,26.37602996826172,4333500
2020-11-03,27.329999923706055,28.030000686645508,27.329999923706055,27.799999237060547,27.117366790771484,3558500
2020-11-04,28.799999237060547,28.8799991607666,28.040000915527344,28.229999542236328,27.536806106567383,5403600
2020-11-05,28.56999969482422,28.889999389648438,28.360000610351562,28.799999237060547,28.092811584472656,3796700
2020-11-06,29.020000457763672,29.020000457763672,28.530000686645508,28.65999984741211,27.956247329711914,2623000
2020-11-09,29.559999465942383,29.729999542236328,27.690000534057617,27.729999542236328,27.049083709716797,6770000
2020-11-10,27.25,28.479999542236328,27.1200008392334,28.3799991607666,27.68312644958496,6918700
2020-11-11,28.530000686645508,29.719999313354492,28.469999313354492,29.399999618530273,28.678077697753906,5090000
2020-11-12,29.510000228881836,29.540000915527344,28.790000915527344,29.049999237060547,28.336671829223633,3924100
2020-11-13,29.100000381469727,29.469999313354492,29.100000381469727,29.299999237060547,28.580530166625977,2348200
2020-11-16,29.299999237060547,29.68000030517578,29.09000015258789,29.450000762939453,28.72685432434082,5977100
2020-11-17,28.299999237060547,29.309999465942383,28.25,29.190000534057617,28.473236083984375,29406700
2020-11-18,29.450000762939453,29.760000228881836,29.290000915527344,29.510000228881836,28.785377502441406,16248300
2020-11-19,29.1200008392334,30.010000228881836,29.1200008392334,29.760000228881836,29.02923583984375,10576200
2020-11-20,29.530000686645508,30.010000228881836,29.520000457763672,29.84000015258789,29.107276916503906,3647100
2020-11-23,29.959999084472656,30.0,29.649999618530273,29.829999923706055,29.097518920898438,4282700
2020-11-24,30.0,30.100000381469727,29.860000610351562,29.889999389648438,29.15604591369629,6100900
2020-11-25,30.09000015258789,30.450000762939453,29.979999542236328,30.329999923706055,29.585241317749023,3985400
2020-11-27,30.479999542236328,30.770000457763672,30.329999923706055,30.760000228881836,30.004684448242188,2812900
2020-11-30,30.799999237060547,30.84000015258789,29.959999084472656,30.450000762939453,29.70229721069336,17911700
2020-12-01,30.6200008392334,30.670000076293945,30.290000915527344,30.450000762939453,29.70229721069336,4533000
2020-12-02,30.610000610351562,30.610000610351562,29.889999389648438,30.079999923706055,29.341379165649414,2982200
2020-12-03,30.079999923706055,30.389999389648438,29.940000534057617,30.100000381469727,29.360889434814453,2933100
2020-12-04,30.299999237060547,30.600000381469727,30.079999923706055,30.530000686645508,29.780332565307617,2978700
2020-12-07,30.520000457763672,30.84000015258789,30.479999542236328,30.709999084472656,29.955909729003906,3369500
2020-12-08,30.600000381469727,30.829999923706055,30.09000015258789,30.170000076293945,29.429170608520508,5886500
2020-12-09,30.280000686645508,30.389999389648438,30.06999969482422,30.260000228881836,29.51696014404297,5433400
2020-12-10,30.479999542236328,30.639999389648438,30.059999465942383,30.18000030517578,29.438926696777344,5836800
2020-12-11,30.229999542236328,30.459999084472656,30.010000228881836,30.360000610351562,29.6145076751709,3162800
2020-12-14,30.450000762939453,30.84000015258789,30.149999618530273,30.350000381469727,29.604751586914062,7516200
2020-12-15,30.350000381469727,30.399999618530273,29.989999771118164,30.190000534057617,29.448678970336914,5444100
2020-12-16,30.170000076293945,30.68000030517578,30.170000076293945,30.639999389648438,29.887630462646484,2538500
2020-12-17,30.6200008392334,31.18000030517578,30.6200008392334,31.1299991607666,30.365596771240234,4743800
2020-12-18,31.34000015258789,31.479999542236328,30.520000457763672,30.93000030517578,30.170509338378906,11345200
2020-12-21,30.56999969482422,30.90999984741211,30.3799991607666,30.770000457763672,30.01443862915039,3213200
2020-12-22,30.760000228881836,31.139999389648438,30.670000076293945,31.06999969482422,30.307069778442383,2566900
2020-12-23,30.770000457763672,31.739999771118164,30.690000534057617,31.610000610351562,30.833810806274414,2889300
2020-12-24,31.600000381469727,31.899999618530273,31.559999465942383,31.8799991607666,31.097179412841797,1668800
2020-12-28,32.0,32.13999938964844,31.65999984741211,31.989999771118164,31.204479217529297,2310300
2020-12-29,32.099998474121094,32.2400016784668,31.860000610351562,32.0,31.2142333984375,3084300
2020-12-30,32.040000915527344,32.220001220703125,31.790000915527344,31.81999969482422,31.038652420043945,2320200
2020-12-31,31.899999618530273,32.099998474121094,31.65999984741211,32.0,31.2142333984375,2692100
2021-01-04,32.06999969482422,32.15999984741211,31.040000915527344,31.59000015258789,30.814302444458008,4293700
2021-01-05,31.610000610351562,31.709999084472656,31.25,31.639999389648438,30.863073348999023,2999900
2021-01-06,30.829999923706055,32.060001373291016,30.809999465942383,31.760000228881836,30.98012924194336,4706700
2021-01-07,31.329999923706055,31.81999969482422,31.299999237060547,31.799999237060547,31.166343688964844,8330400
2021-01-08,31.6200008392334,32.02000045776367,31.510000228881836,32.0,31.36235809326172,4995100
2021-01-11,32.09000015258789,32.099998474121094,31.280000686645508,31.360000610351562,30.735109329223633,4322400
2021-01-12,31.690000534057617,31.709999084472656,31.139999389648438,31.360000610351562,30.735109329223633,3363900
2021-01-13,31.280000686645508,31.700000762939453,31.200000762939453,31.65999984741211,31.029129028320312,3429000
2021-01-14,31.559999465942383,31.739999771118164,31.299999237060547,31.540000915527344,30.911521911621094,4282200
2021-01-15,31.479999542236328,32.08000183105469,31.34000015258789,31.860000610351562,31.22514533996582,8525400
2021-01-19,31.860000610351562,32.099998474121094,31.610000610351562,31.81999969482422,31.185941696166992,4542800
2021-01-20,31.84000015258789,32.040000915527344,31.3700008392334,31.950000762939453,31.3133544921875,3344100
2021-01-21,31.969999313354492,31.969999313354492,31.5,31.540000915527344,30.911521911621094,2972700
2021-01-22,31.520000457763672,31.709999084472656,31.280000686645508,31.469999313354492,30.84291648864746,2368500
2021-01-25,31.469999313354492,32.220001220703125,31.450000762939453,32.029998779296875,31.391756057739258,4544100
2021-01-26,32.029998779296875,32.72999954223633,31.959999084472656,32.630001068115234,31.97980308532715,7078400
2021-01-27,32.56999969482422,33.4900016784668,32.45000076293945,33.20000076293945,32.53844451904297,10163700
2021-01-28,33.150001525878906,33.689998626708984,32.38999938964844,32.41999816894531,31.773983001708984,5299600
2021-01-29,31.850000381469727,32.58000183105469,31.760000228881836,31.799999237060547,31.166343688964844,4472700
2021-02-01,32.0,32.15999984741211,31.75,31.920000076293945,31.28394889831543,2986500
2021-02-02,31.950000762939453,32.41999816894531,31.700000762939453,31.989999771118164,31.352556228637695,4158700
2021-02-03,31.860000610351562,32.209999084472656,31.360000610351562,31.920000076293945,31.28394889831543,3796700
2021-02-04,31.860000610351562,32.31999969482422,31.6200008392334,32.29999923706055,31.656375885009766,4090800
2021-02-05,32.439998626708984,32.83000183105469,32.209999084472656,32.529998779296875,31.881790161132812,3576000
2021-02-08,32.5,32.7400016784668,31.889999389648438,32.099998474121094,31.460363388061523,4521400
2021-02-09,32.029998779296875,32.459999084472656,31.829999923706055,32.400001525878906,31.754383087158203,2469300
2021-02-10,32.599998474121094,32.630001068115234,31.8799991607666,32.029998779296875,31.391756057739258,2703500
2021-02-11,31.979999542236328,32.2599983215332,31.75,31.90999984741211,31.274150848388672,3421500
2021-02-12,31.93000030517578,31.93000030517578,31.549999237060547,31.770000457763672,31.136940002441406,3497800
2021-02-16,31.75,31.799999237060547,31.260000228881836,31.420000076293945,30.793914794921875,3841500
2021-02-17,31.520000457763672,31.670000076293945,31.260000228881836,31.65999984741211,31.029129028320312,4298100
2021-02-18,31.510000228881836,31.780000686645508,31.260000228881836,31.739999771118164,31.1075382232666,3697300
2021-02-19,31.600000381469727,31.809999465942383,31.18000030517578,31.239999771118164,30.61750030517578,3174300
2021-02-22,31.260000228881836,31.760000228881836,31.059999465942383,31.68000030517578,31.04873275756836,5655800
2021-02-23,31.940000534057617,32.2400016784668,31.360000610351562,31.790000915527344,31.15654182434082,4480300
2021-02-24,31.59000015258789,31.68000030517578,31.040000915527344,31.459999084472656,30.833112716674805,4702200
2021-02-25,31.200000762939453,32.08000183105469,30.420000076293945,30.860000610351562,30.245071411132812,5883300
2021-02-26,30.920000076293945,31.190000534057617,30.280000686645508,30.520000457763672,29.911846160888672,7687100
2021-03-01,30.780000686645508,31.100000381469727,30.450000762939453,30.889999389648438,30.27447509765625,5082500
2021-03-02,30.950000762939453,31.15999984741211,30.729999542236328,30.780000686645508,30.16666603088379,4153100
2021-03-03,30.649999618530273,31.190000534057617,30.56999969482422,30.6200008392334,30.009855270385742,5124700
2021-03-04,30.770000457763672,31.450000762939453,30.65999984741211,30.8799991607666,30.264671325683594,4910700
2021-03-05,31.1200008392334,31.739999771118164,30.93000030517578,31.530000686645508,30.901723861694336,5867300
2021-03-08,31.75,32.66999816894531,31.559999465942383,32.470001220703125,31.822994232177734,7160700
2021-03-09,32.689998626708984,33.31999969482422,32.599998474121094,33.09000015258789,32.43063735961914,8710200
2021-03-10,33.34000015258789,34.04999923706055,33.290000915527344,33.560001373291016,32.891273498535156,9881100
2021-03-11,33.369998931884766,33.65999984741211,33.09000015258789,33.29999923706055,32.636451721191406,6253700
2021-03-12,33.290000915527344,33.38999938964844,32.70000076293945,33.369998931884766,32.70505905151367,5175000
2021-03-15,33.83000183105469,33.83000183105469,33.20000076293945,33.58000183105469,32.91087341308594,6424700
2021-03-16,33.68000030517578,34.22999954223633,33.650001525878906,34.09000015258789,33.410709381103516,7239500
2021-03-17,33.560001373291016,34.22999954223633,33.5,34.099998474121094,33.420509338378906,7518500
2021-03-18,33.93000030517578,34.15999984741211,33.689998626708984,33.88999938964844,33.214691162109375,5919700
2021-03-19,34.58000183105469,34.630001068115234,34.08000183105469,34.13999938964844,33.459712982177734,22880600
2021-03-22,34.0,34.72999954223633,33.849998474121094,34.58000183105469,33.89094924926758,7388300
2021-03-23,34.86000061035156,34.939998626708984,34.45000076293945,34.61000061035156,33.920345306396484,7575200
2021-03-24,34.52000045776367,34.59000015258789,34.310001373291016,34.369998931884766,33.68512725830078,4258300
2021-03-25,34.68000030517578,34.790000915527344,34.36000061035156,34.540000915527344,33.851741790771484,5260900
2021-03-26,34.18000030517578,35.310001373291016,34.150001525878906,35.2400016784668,34.53779983520508,7303100
2021-03-29,35.220001220703125,35.56999969482422,34.9900016784668,35.4900016784668,34.782814025878906,6222900
2021-03-30,35.43000030517578,35.5099983215332,34.779998779296875,34.90999984741211,34.21437072753906,5126900
2021-03-31,34.72999954223633,35.0099983215332,34.36000061035156,34.369998931884766,33.83049392700195,6273100
2021-04-01,34.400001525878906,34.720001220703125,34.22999954223633,34.5,33.95845413208008,6344500
2021-04-05,34.470001220703125,35.11000061035156,34.43000030517578,35.0,34.450599670410156,6008600
2021-04-06,34.88999938964844,35.25,34.7599983215332,35.06999969482422,34.51950454711914,8746900
2021-04-07,35.220001220703125,35.33000183105469,35.04999923706055,35.27000045776367,34.716365814208984,4018900
2021-04-08,35.33000183105469,35.4900016784668,35.2400016784668,35.310001373291016,34.755741119384766,7082100
2021-04-09,35.310001373291016,35.349998474121094,34.900001525878906,35.16999816894531,34.61793518066406,5654100
2021-04-12,35.2400016784668,35.599998474121094,35.11000061035156,35.4900016784668,34.93291473388672,4741500
2021-04-13,35.40999984741211,35.61000061035156,35.22999954223633,35.380001068115234,34.824642181396484,3646600
2021-04-14,35.439998626708984,35.5099983215332,35.209999084472656,35.36000061035156,34.804954528808594,3739400
2021-04-15,35.54999923706055,35.97999954223633,35.54999923706055,35.83000183105469,35.267578125,8546300
2021-04-16,35.79999923706055,36.04999923706055,35.68000030517578,36.0099983215332,35.44474792480469,4964200
2021-04-19,36.099998474121094,36.29999923706055,35.83000183105469,36.130001068115234,35.5628662109375,3660900
2021-04-20,35.97999954223633,36.380001068115234,35.95000076293945,36.16999816894531,35.602237701416016,3601200
2021-04-21,36.18000030517578,36.45000076293945,36.09000015258789,36.310001373291016,35.74003982543945,3123900
2021-04-22,35.9900016784668,36.2599983215332,35.849998474121094,36.029998779296875,35.46443176269531,4138900
2021-04-23,35.959999084472656,36.279998779296875,35.86000061035156,36.18000030517578,35.612083435058594,2812500
2021-04-26,36.02000045776367,36.150001525878906,35.54999923706055,35.61000061035156,35.051025390625,3511000
2021-04-27,35.529998779296875,35.70000076293945,35.279998779296875,35.5099983215332,34.95259475708008,6681900
2021-04-28,35.52000045776367,35.77000045776367,35.189998626708984,35.209999084472656,34.65730667114258,4007600
2021-04-29,35.16999816894531,36.040000915527344,35.16999816894531,35.939998626708984,35.37584686279297,5074800
2021-04-30,35.91999816894531,35.9900016784668,35.25,35.849998474121094,35.28725814819336,4092700
2021-05-03,35.970001220703125,36.369998931884766,35.83000183105469,36.06999969482422,35.503807067871094,2941600
2021-05-04,36.099998474121094,36.310001373291016,35.650001525878906,35.720001220703125,35.159305572509766,4071800
2021-05-05,35.599998474121094,36.119998931884766,35.5099983215332,35.9900016784668,35.42506408691406,3231900
2021-05-06,36.310001373291016,36.43000030517578,36.040000915527344,36.33000183105469,35.759727478027344,3684800
2021-05-07,36.34000015258789,36.650001525878906,36.18000030517578,36.599998474121094,36.02548599243164,3212200
2021-05-10,36.59000015258789,36.810001373291016,36.279998779296875,36.380001068115234,35.80894088745117,3440200
2021-05-11,36.43000030517578,36.43000030517578,35.5099983215332,35.75,35.18883514404297,3615000
2021-05-12,35.5099983215332,35.790000915527344,35.25,35.43000030517578,34.87385177612305,5232200
2021-05-13,35.40999984741211,35.939998626708984,35.380001068115234,35.720001220703125,35.159305572509766,2797600
2021-05-14,36.060001373291016,36.2599983215332,35.869998931884766,36.04999923706055,35.4841194152832,2992900
2021-05-17,36.04999923706055,36.279998779296875,35.83000183105469,35.970001220703125,35.40538024902344,2446500
2021-05-18,36.04999923706055,36.2400016784668,35.939998626708984,36.0,35.434906005859375,2785200
2021-05-19,35.84000015258789,36.02000045776367,35.56999969482422,35.790000915527344,35.22820281982422,3031200
2021-05-20,35.599998474121094,36.47999954223633,35.599998474121094,36.38999938964844,35.818782806396484,3111500
2021-05-21,36.65999984741211,36.72999954223633,36.15999984741211,36.2400016784668,35.671138763427734,2753200
2021-05-24,36.5099983215332,36.97999954223633,36.41999816894531,36.86000061035156,36.28140640258789,3629700
2021-05-25,36.86000061035156,36.939998626708984,36.4900016784668,36.5,35.927059173583984,3436800
2021-05-26,36.58000183105469,36.77000045776367,36.38999938964844,36.540000915527344,35.966434478759766,2956600
2021-05-27,36.97999954223633,37.11000061035156,36.54999923706055,36.650001525878906,36.074703216552734,12969700
2021-05-28,36.7599983215332,37.09000015258789,36.7599983215332,36.959999084472656,36.37983703613281,3378400
2021-06-01,37.0,37.099998474121094,36.77000045776367,36.88999938964844,36.310935974121094,3655700
2021-06-02,36.88999938964844,37.09000015258789,36.68000030517578,37.04999923706055,36.46842575073242,2982900
2021-06-03,36.77000045776367,36.97999954223633,36.52000045776367,36.91999816894531,36.34046173095703,3655700
2021-06-04,37.029998779296875,37.060001373291016,36.779998779296875,36.90999984741211,36.33061981201172,3476600
2021-06-07,36.91999816894531,36.95000076293945,36.68000030517578,36.84000015258789,36.26171875,2026200
2021-06-08,35.41999816894531,35.560001373291016,34.650001525878906,35.25,34.696678161621094,18531000
2021-06-09,35.22999954223633,35.34000015258789,34.95000076293945,34.97999954223633,34.43091583251953,5185700
2021-06-10,34.97999954223633,35.34000015258789,34.900001525878906,34.939998626708984,34.391544342041016,10553700
2021-06-11,35.02000045776367,35.22999954223633,34.790000915527344,35.22999954223633,34.67699432373047,10095100
2021-06-14,35.150001525878906,35.16999816894531,34.540000915527344,34.849998474121094,34.302955627441406,6412700
2021-06-15,34.959999084472656,35.0099983215332,34.41999816894531,34.68000030517578,34.13562774658203,7822900
2021-06-16,34.7599983215332,34.7599983215332,34.22999954223633,34.2400016784668,33.70253372192383,6354200
2021-06-17,34.15999984741211,34.66999816894531,33.959999084472656,34.4900016784668,33.948612213134766,6435900
2021-06-18,34.400001525878906,34.68000030517578,34.130001068115234,34.52000045776367,33.97814178466797,16763800
2021-06-21,34.5099983215332,34.81999969482422,34.20000076293945,34.290000915527344,33.751747131347656,5672200
2021-06-22,34.36000061035156,34.779998779296875,34.27000045776367,34.77000045776367,34.22421646118164,7131100
2021-06-23,34.66999816894531,34.79999923706055,34.439998626708984,34.4900016784668,33.948612213134766,3928800
2021-06-24,34.5099983215332,34.650001525878906,34.400001525878906,34.59000015258789,34.04703903198242,4202400
2021-06-25,34.540000915527344,34.939998626708984,34.43000030517578,34.86000061035156,34.312801361083984,3851200
2021-06-28,34.9900016784668,35.0099983215332,34.720001220703125,34.880001068115234,34.33248519897461,5673800
2021-06-29,35.29999923706055,35.369998931884766,34.97999954223633,35.2400016784668,34.68683624267578,5117300
2021-06-30,35.13999938964844,35.33000183105469,34.9900016784668,35.2400016784668,34.87288284301758,4075700
2021-07-01,35.18000030517578,35.459999084472656,35.06999969482422,35.220001220703125,34.85308837890625,5060900
2021-07-02,35.369998931884766,35.61000061035156,35.09000015258789,35.18000030517578,34.81350326538086,4527000
2021-07-06,35.040000915527344,35.13999938964844,34.66999816894531,34.93000030517578,34.56610870361328,5065200
2021-07-07,34.97999954223633,35.209999084472656,34.900001525878906,35.0,34.6353759765625,3867700
2021-07-08,34.849998474121094,35.060001373291016,34.630001068115234,34.77000045776367,34.40777587890625,5728100
2021-07-09,34.84000015258789,35.0099983215332,34.779998779296875,35.0,34.6353759765625,4393700
2021-07-12,34.93000030517578,35.060001373291016,34.7599983215332,34.97999954223633,34.6155891418457,5983100
2021-07-13,35.04999923706055,35.52000045776367,34.959999084472656,35.02000045776367,34.65517044067383,5123500
2021-07-14,35.099998474121094,35.599998474121094,34.95000076293945,35.5,35.13016891479492,4860000
2021-07-15,35.58000183105469,36.02000045776367,35.439998626708984,36.0099983215332,35.63485336303711,9211100
2021-07-16,35.95000076293945,36.15999984741211,35.70000076293945,35.880001068115234,35.5062141418457,6501400
2021-07-19,35.959999084472656,36.119998931884766,35.349998474121094,35.58000183105469,35.20933532714844,4781500
2021-07-20,35.68000030517578,36.15999984741211,35.5099983215332,35.88999938964844,35.51610565185547,5332700
2021-07-21,35.900001525878906,36.0099983215332,35.47999954223633,35.5,35.13016891479492,2972000
2021-07-22,35.459999084472656,35.7599983215332,35.25,35.72999954223633,35.35777282714844,3617900
2021-07-23,35.79999923706055,36.20000076293945,35.63999938964844,36.06999969482422,35.69423294067383,3005800
2021-07-26,36.029998779296875,36.25,35.939998626708984,36.04999923706055,35.6744384765625,3540900
2021-07-27,36.040000915527344,36.220001220703125,35.41999816894531,35.5099983215332,35.14006423950195,5969200
2021-07-28,35.33000183105469,35.52000045776367,35.16999816894531,35.33000183105469,34.96194076538086,4113200
2021-07-29,35.310001373291016,35.47999954223633,34.849998474121094,34.95000076293945,34.585899353027344,4452400
2021-07-30,35.0,35.400001525878906,34.970001220703125,35.209999084472656,34.84318923950195,4365400
2021-08-02,34.29999923706055,34.529998779296875,33.959999084472656,34.38999938964844,34.031734466552734,10144800
2021-08-03,34.529998779296875,34.86000061035156,34.31999969482422,34.81999969482422,34.45725631713867,5675500
2021-08-04,34.849998474121094,34.900001525878906,34.209999084472656,34.369998931884766,34.011940002441406,4942700
2021-08-05,34.47999954223633,34.63999938964844,34.279998779296875,34.459999084472656,34.10100173950195,4421700
2021-08-06,34.38999938964844,34.54999923706055,34.20000076293945,34.290000915527344,33.932777404785156,5282700
2021-08-09,34.290000915527344,34.439998626708984,34.16999816894531,34.369998931884766,34.011940002441406,7122200
2021-08-10,34.33000183105469,34.52000045776367,34.27000045776367,34.369998931884766,34.011940002441406,5296300
2021-08-11,34.59000015258789,34.72999954223633,34.41999816894531,34.65999984741211,34.29892349243164,3638500
2021-08-12,34.65999984741211,34.720001220703125,34.38999938964844,34.400001525878906,34.04163360595703,2593600
2021-08-13,34.400001525878906,34.599998474121094,34.310001373291016,34.45000076293945,34.09111022949219,2931000
2021-08-16,34.47999954223633,35.16999816894531,34.41999816894531,35.130001068115234,34.7640266418457,4428800
2021-08-17,35.150001525878906,35.150001525878906,34.560001373291016,34.650001525878906,34.28902816772461,4011900
2021-08-18,34.56999969482422,34.81999969482422,34.290000915527344,34.380001068115234,34.0218391418457,4163400
2021-08-19,34.34000015258789,34.95000076293945,34.31999969482422,34.88999938964844,34.52652359008789,3878200
2021-08-20,34.880001068115234,35.06999969482422,34.790000915527344,34.81999969482422,34.45725631713867,2521700
2021-08-23,34.79999923706055,35.150001525878906,34.779998779296875,35.029998779296875,34.66506576538086,3193200
2021-08-24,34.970001220703125,35.09000015258789,34.7599983215332,34.970001220703125,34.60569381713867,2452600
2021-08-25,34.84000015258789,35.029998779296875,34.599998474121094,34.91999816894531,34.556209564208984,4472200
2021-08-26,34.900001525878906,35.09000015258789,34.83000183105469,34.970001220703125,34.60569381713867,3185500
2021-08-27,35.11000061035156,35.22999954223633,34.88999938964844,35.130001068115234,34.7640266418457,3894400
2021-08-30,35.0,35.29999923706055,35.0,35.2599983215332,34.89266586303711,2602900
2021-08-31,35.189998626708984,35.75,35.130001068115234,35.66999816894531,35.298397064208984,6717100
2021-09-01,35.7599983215332,35.869998931884766,35.599998474121094,35.7400016784668,35.367671966552734,3240600
2021-09-02,35.7599983215332,35.970001220703125,35.56999969482422,35.86000061035156,35.486419677734375,3338100
2021-09-03,35.599998474121094,35.68000030517578,35.15999984741211,35.2400016784668,34.87288284301758,5148100
2021-09-07,35.040000915527344,35.13999938964844,34.619998931884766,34.77000045776367,34.40777587890625,5473200
2021-09-08,34.91999816894531,35.31999969482422,34.81999969482422,35.290000915527344,34.922359466552734,3761900
2021-09-09,35.290000915527344,35.290000915527344,34.79999923706055,34.83000183105469,34.46714782714844,3967100
2021-09-10,34.83000183105469,35.06999969482422,34.68000030517578,34.83000183105469,34.46714782714844,5334500
2021-09-13,34.939998626708984,35.29999923706055,34.90999984741211,35.150001525878906,34.783817291259766,3559500
2021-09-14,35.2599983215332,35.36000061035156,34.959999084472656,35.02000045776367,34.65517044067383,2376200
2021-09-15,35.040000915527344,35.5099983215332,34.91999816894531,35.41999816894531,35.05099868774414,3545700
2021-09-16,35.31999969482422,35.58000183105469,35.189998626708984,35.4900016784668,35.120277404785156,2459000
2021-09-17,35.439998626708984,35.4900016784668,34.470001220703125,34.90999984741211,34.54631805419922,18132500
2021-09-20,34.91999816894531,34.91999816894531,34.119998931884766,34.31999969482422,33.96246337890625,6339000
2021-09-21,34.540000915527344,34.70000076293945,33.83000183105469,33.9900016784668,33.635902404785156,9602600
2021-09-22,34.0,34.470001220703125,33.93000030517578,34.33000183105469,33.97235870361328,9742300
2021-09-23,34.290000915527344,34.470001220703125,34.209999084472656,34.29999923706055,33.94266891479492,5581400
2021-09-24,34.2599983215332,34.349998474121094,33.84000015258789,33.869998931884766,33.51715087890625,6719400
2021-09-27,33.779998779296875,34.349998474121094,33.77000045776367,34.0099983215332,33.65568923950195,6453600
2021-09-28,33.84000015258789,34.16999816894531,33.7400016784668,34.040000915527344,33.68537902832031,10209000
2021-09-29,34.08000183105469,35.0099983215332,33.95000076293945,34.63999938964844,34.27912902832031,8728300
2021-09-30,34.59000015258789,34.709999084472656,34.150001525878906,34.15999984741211,33.988101959228516,6257400
2021-10-01,35.08000183105469,35.2599983215332,33.09000015258789,33.20000076293945,33.03293228149414,15124600
2021-10-04,33.02000045776367,33.279998779296875,32.439998626708984,32.720001220703125,32.55534744262695,9622000
2021-10-05,32.7599983215332,33.79999923706055,32.720001220703125,33.43000030517578,33.261775970458984,7410100
2021-10-06,33.189998626708984,34.13999938964844,33.08000183105469,34.11000061035156,33.9383544921875,7420500
2021-10-07,34.279998779296875,35.02000045776367,34.119998931884766,35.0099983215332,34.83382034301758,8532500
2021-10-08,34.9900016784668,35.2400016784668,34.810001373291016,35.040000915527344,34.86367416381836,6099600
2021-10-11,35.099998474121094,35.279998779296875,34.88999938964844,35.130001068115234,34.95322036743164,5606700
2021-10-12,35.189998626708984,35.29999923706055,34.95000076293945,35.15999984741211,34.98306655883789,10416500
2021-10-13,35.33000183105469,35.93000030517578,35.27000045776367,35.90999984741211,35.72929382324219,8727600
2021-10-14,36.0,36.529998779296875,35.4900016784668,35.59000015258789,35.41090393066406,9785000
2021-10-15,35.630001068115234,35.68000030517578,35.040000915527344,35.310001373291016,35.13231658935547,5894600
2021-10-18,35.209999084472656,35.25,34.72999954223633,34.7599983215332,34.585079193115234,4628400
2021-10-19,34.75,34.81999969482422,34.43000030517578,34.75,34.575130462646484,2993800
2021-10-20,34.869998931884766,35.11000061035156,34.7400016784668,34.900001525878906,34.7243766784668,3015700
2021-10-21,34.77000045776367,34.869998931884766,34.22999954223633,34.380001068115234,34.206993103027344,4347900
2021-10-22,34.45000076293945,34.790000915527344,34.439998626708984,34.65999984741211,34.4855842590332,3067500
2021-10-25,34.720001220703125,34.72999954223633,34.38999938964844,34.439998626708984,34.26668930053711,3442800
2021-10-26,34.470001220703125,34.66999816894531,34.279998779296875,34.58000183105469,34.40599060058594,3193200
2021-10-27,34.66999816894531,34.70000076293945,34.130001068115234,34.20000076293945,34.02790069580078,4506600
2021-10-28,34.5,35.5099983215332,34.279998779296875,35.4900016784668,35.31140899658203,5121100
2021-10-29,35.529998779296875,36.41999816894531,35.38999938964844,36.09000015258789,35.908390045166016,7624500
2021-11-01,35.939998626708984,36.459999084472656,35.810001373291016,36.400001525878906,36.21683120727539,5263400
2021-11-02,36.45000076293945,36.529998779296875,35.79999923706055,35.970001220703125,35.78899383544922,4208800
2021-11-03,35.810001373291016,36.16999816894531,35.689998626708984,36.09000015258789,35.908390045166016,6673400
2021-11-04,36.08000183105469,36.40999984741211,35.97999954223633,36.150001525878906,35.96808624267578,3088800
2021-11-05,36.349998474121094,36.5,36.20000076293945,36.380001068115234,36.196929931640625,4523200
2021-11-08,36.400001525878906,36.58000183105469,35.470001220703125,35.7599983215332,35.580047607421875,5731900
2021-11-09,35.81999969482422,36.2400016784668,35.709999084472656,35.779998779296875,35.59994888305664,6364300
2021-11-10,35.869998931884766,36.2599983215332,35.689998626708984,35.869998931884766,35.68949508666992,9510200
2021-11-11,35.900001525878906,35.900001525878906,35.540000915527344,35.619998931884766,35.44075393676758,2533000
2021-11-12,35.650001525878906,35.86000061035156,35.459999084472656,35.66999816894531,35.490501403808594,3839600
2021-11-15,35.56999969482422,35.709999084472656,35.400001525878906,35.709999084472656,35.53030014038086,2316700
2021-11-16,35.9900016784668,36.06999969482422,35.560001373291016,35.58000183105469,35.40095520019531,3344800
2021-11-17,35.4900016784668,35.709999084472656,35.33000183105469,35.68000030517578,35.50045394897461,3429900
2021-11-18,35.650001525878906,35.709999084472656,35.36000061035156,35.56999969482422,35.39100646972656,4703700
2021-11-19,35.56999969482422,35.56999969482422,35.0099983215332,35.15999984741211,34.98306655883789,4255900
2021-11-22,35.150001525878906,35.900001525878906,34.75,35.86000061035156,35.67954635620117,5887100
2021-11-23,35.86000061035156,36.220001220703125,35.619998931884766,35.90999984741211,35.72929382324219,4522600
2021-11-24,35.900001525878906,35.91999816894531,35.380001068115234,35.619998931884766,35.44075393676758,3885900
2021-11-26,35.619998931884766,35.619998931884766,34.91999816894531,34.97999954223633,34.80397415161133,2846500
2021-11-29,34.650001525878906,35.27000045776367,34.650001525878906,35.16999816894531,34.99301528930664,3977500
2021-11-30,35.16999816894531,35.16999816894531,33.790000915527344,33.9900016784668,33.8189582824707,5796000
2021-12-01,34.380001068115234,34.40999984741211,33.540000915527344,33.560001373291016,33.39112091064453,4991600
2021-12-02,33.790000915527344,34.380001068115234,33.790000915527344,34.15999984741211,33.988101959228516,6371200
2021-12-03,34.290000915527344,34.5099983215332,33.9900016784668,34.470001220703125,34.29654312133789,7301700
2021-12-06,34.79999923706055,35.09000015258789,34.66999816894531,34.79999923706055,34.6248779296875,5610100
2021-12-07,34.650001525878906,35.0099983215332,34.43000030517578,34.93000030517578,34.75422668457031,5232800
2021-12-08,34.70000076293945,34.93000030517578,34.349998474121094,34.810001373291016,34.634830474853516,5109700
2021-12-09,34.70000076293945,34.790000915527344,34.279998779296875,34.59000015258789,34.41593551635742,5401100
2021-12-10,34.810001373291016,35.59000015258789,34.72999954223633,35.31999969482422,35.14226150512695,5941500
2021-12-13,35.369998931884766,35.54999923706055,35.16999816894531,35.29999923706055,35.12236404418945,5709400
2021-12-14,35.279998779296875,35.4900016784668,35.029998779296875,35.060001373291016,34.88357162475586,7993300
2021-12-15,35.060001373291016,35.779998779296875,35.04999923706055,35.650001525878906,35.470603942871094,6516900
2021-12-16,35.58000183105469,36.029998779296875,35.47999954223633,35.70000076293945,35.52035140991211,7527500
2021-12-17,35.56999969482422,36.04999923706055,35.47999954223633,35.68000030517578,35.50045394897461,10614800
2021-12-20,35.20000076293945,35.540000915527344,35.060001373291016,35.47999954223633,35.301456451416016,4841200
2021-12-21,35.529998779296875,35.61000061035156,35.150001525878906,35.31999969482422,35.14226150512695,4734900
2021-12-22,35.29999923706055,35.90999984741211,35.16999816894531,35.869998931884766,35.68949508666992,5576900
2021-12-23,35.90999984741211,36.029998779296875,35.63999938964844,35.939998626708984,35.7591438293457,6120300
2021-12-27,35.63999938964844,36.13999938964844,35.63999938964844,36.11000061035156,35.928287506103516,2842300
2021-12-28,36.08000183105469,36.380001068115234,36.040000915527344,36.369998931884766,36.18697738647461,2509700
2021-12-29,36.33000183105469,36.66999816894531,36.279998779296875,36.58000183105469,36.39592361450195,3438600
2021-12-30,36.689998626708984,36.97999954223633,36.63999938964844,36.68000030517578,36.495418548583984,4015000
2021-12-31,36.63999938964844,36.95000076293945,36.470001220703125,36.86000061035156,36.67451477050781,3726600
2022-01-03,36.63999938964844,36.7599983215332,36.25,36.709999084472656,36.5252685546875,3508900
2022-01-04,36.790000915527344,37.400001525878906,36.77000045776367,37.2599983215332,37.0724983215332,5305600
2022-01-05,36.93000030517578,37.540000915527344,36.77000045776367,37.029998779296875,37.029998779296875,5777400
2022-01-06,36.97999954223633,37.88999938964844,36.97999954223633,37.43000030517578,37.43000030517578,6505000
2022-01-07,37.29999923706055,37.40999984741211,36.9900016784668,37.29999923706055,37.29999923706055,4939200
2022-01-10,37.36000061035156,37.54999923706055,37.119998931884766,37.310001373291016,37.310001373291016,7937500
2022-01-11,37.220001220703125,37.900001525878906,37.0,37.83000183105469,37.83000183105469,7580500
2022-01-12,37.7400016784668,38.029998779296875,37.54999923706055,38.0099983215332,38.0099983215332,7862300
2022-01-13,38.04999923706055,38.5099983215332,37.86000061035156,38.45000076293945,38.45000076293945,7646100
2022-01-14,38.41999816894531,39.349998474121094,38.16999816894531,39.279998779296875,39.279998779296875,8022500
2022-01-18,39.04999923706055,39.11000061035156,38.0099983215332,38.150001525878906,38.150001525878906,9632700
2022-01-19,38.279998779296875,38.61000061035156,37.9900016784668,38.380001068115234,38.380001068115234,5019300
2022-01-20,38.380001068115234,38.65999984741211,38.08000183105469,38.11000061035156,38.11000061035156,4903500
2022-01-21,38.2599983215332,38.709999084472656,37.79999923706055,37.83000183105469,37.83000183105469,6089300
2022-01-24,38.0099983215332,38.279998779296875,37.369998931884766,38.16999816894531,38.16999816894531,10963700
2022-01-25,37.939998626708984,38.40999984741211,37.43000030517578,38.08000183105469,38.08000183105469,6712700
2022-01-26,37.709999084472656,38.13999938964844,37.16999816894531,37.40999984741211,37.40999984741211,10407900
2022-01-27,37.40999984741211,38.52000045776367,37.40999984741211,37.599998474121094,37.599998474121094,5411900
2022-01-28,37.310001373291016,37.66999816894531,37.060001373291016,37.63999938964844,37.63999938964844,8513700
2022-01-31,37.31999969482422,38.08000183105469,37.310001373291016,37.95000076293945,37.95000076293945,8517600
2022-02-01,37.9900016784668,38.189998626708984,37.47999954223633,38.13999938964844,38.13999938964844,5775200
2022-02-02,38.29999923706055,38.88999938964844,38.16999816894531,38.77000045776367,38.77000045776367,5636500
2022-02-03,38.7400016784668,39.04999923706055,38.41999816894531,38.75,38.75,7443700
2022-02-04,38.38999938964844,38.650001525878906,37.880001068115234,38.2400016784668,38.2400016784668,5495900
2022-02-07,38.33000183105469,38.72999954223633,38.150001525878906,38.56999969482422,38.56999969482422,5469300
2022-02-08,38.66999816894531,39.029998779296875,38.47999954223633,38.849998474121094,38.849998474121094,6673400
2022-02-09,39.09000015258789,39.130001068115234,38.58000183105469,38.68000030517578,38.68000030517578,4168700
2022-02-10,38.029998779296875,38.709999084472656,38.02000045776367,38.279998779296875,38.279998779296875,6926000
2022-02-11,38.20000076293945,38.41999816894531,37.939998626708984,38.029998779296875,38.029998779296875,7005400
2022-02-14,38.119998931884766,38.22999954223633,37.61000061035156,38.099998474121094,38.099998474121094,6406200
2022-02-15,38.41999816894531,38.619998931884766,37.88999938964844,37.93000030517578,37.93000030517578,5583500
2022-02-16,37.95000076293945,38.16999816894531,37.650001525878906,37.91999816894531,37.91999816894531,7719100
2022-02-17,38.38999938964844,38.38999938964844,37.65999984741211,37.91999816894531,37.91999816894531,5994200
2022-02-18,37.779998779296875,38.61000061035156,37.77000045776367,38.47999954223633,38.47999954223633,6686300
2022-02-22,38.540000915527344,38.75,38.150001525878906,38.56999969482422,38.56999969482422,6932600
2022-02-23,38.540000915527344,38.7400016784668,38.060001373291016,38.060001373291016,38.060001373291016,7046400
2022-02-24,37.22999954223633,37.619998931884766,35.91999816894531,36.650001525878906,36.650001525878906,7374500
2022-02-25,36.900001525878906,38.40999984741211,36.849998474121094,38.29999923706055,38.29999923706055,8460500
2022-02-28,37.400001525878906,38.709999084472656,37.34000015258789,38.66999816894531,38.66999816894531,7980600
2022-03-01,38.380001068115234,38.790000915527344,37.97999954223633,38.15999984741211,38.15999984741211,6055500
2022-03-02,38.38999938964844,38.779998779296875,38.04999923706055,38.61000061035156,38.61000061035156,3860000
2022-03-03,38.68000030517578,38.880001068115234,38.529998779296875,38.61000061035156,38.61000061035156,5555900
2022-03-04,38.220001220703125,39.029998779296875,37.91999816894531,38.880001068115234,38.880001068115234,6418500
2022-03-07,38.779998779296875,39.25,38.060001373291016,38.13999938964844,38.13999938964844,6681800
2022-03-08,38.11000061035156,38.36000061035156,37.13999938964844,37.209999084472656,37.209999084472656,6479500
2022-03-09,37.709999084472656,37.93000030517578,36.97999954223633,37.630001068115234,37.630001068115234,9897100
2022-03-10,37.15999984741211,38.25,36.5099983215332,37.20000076293945,37.20000076293945,8174500
2022-03-11,37.34000015258789,37.75,36.75,36.810001373291016,36.810001373291016,6844900
2022-03-14,36.849998474121094,37.189998626708984,36.84000015258789,37.040000915527344,37.040000915527344,7036600
2022-03-15,37.369998931884766,37.5099983215332,37.099998474121094,37.34000015258789,37.34000015258789,6329300
2022-03-16,37.209999084472656,37.650001525878906,36.7599983215332,37.459999084472656,37.459999084472656,9275300
2022-03-17,37.43000030517578,38.11000061035156,37.43000030517578,37.79999923706055,37.79999923706055,5815000
2022-03-18,37.790000915527344,37.91999816894531,37.439998626708984,37.810001373291016,37.810001373291016,8574100
2022-03-21,37.79999923706055,38.13999938964844,37.470001220703125,37.779998779296875,37.779998779296875,4065700
2022-03-22,37.33000183105469,37.9900016784668,37.33000183105469,37.83000183105469,37.83000183105469,4241800
2022-03-23,37.779998779296875,37.9900016784668,36.81999969482422,36.869998931884766,36.869998931884766,5153300
2022-03-24,37.040000915527344,37.279998779296875,36.810001373291016,37.2599983215332,37.2599983215332,3461400
2022-03-25,37.189998626708984,37.630001068115234,37.150001525878906,37.58000183105469,37.58000183105469,2957900
2022-03-28,37.68000030517578,38.02000045776367,37.36000061035156,38.0,38.0,3424200
2022-03-29,38.02000045776367,38.459999084472656,37.849998474121094,38.290000915527344,38.290000915527344,4116300
2022-03-30,38.06999969482422,38.310001373291016,37.86000061035156,38.150001525878906,38.150001525878906,3625700
2022-03-31,38.150001525878906,38.31999969482422,37.88999938964844,37.900001525878906,37.900001525878906,4288500
2022-04-01,37.959999084472656,38.2400016784668,37.7599983215332,38.2400016784668,38.2400016784668,2568200
2022-04-04,38.040000915527344,38.369998931884766,37.599998474121094,38.36000061035156,38.36000061035156,4516200
2022-04-05,38.04999923706055,38.220001220703125,36.88999938964844,36.95000076293945,36.95000076293945,10494800
2022-04-06,37.0,38.040000915527344,36.81999969482422,37.83000183105469,37.83000183105469,7593100
2022-04-07,37.810001373291016,37.849998474121094,37.290000915527344,37.61000061035156,37.61000061035156,4763400
2022-04-08,37.689998626708984,37.880001068115234,37.40999984741211,37.650001525878906,37.650001525878906,5913600
2022-04-11,37.779998779296875,38.040000915527344,37.58000183105469,37.59000015258789,37.59000015258789,4409100
2022-04-12,37.720001220703125,37.900001525878906,37.349998474121094,37.630001068115234,37.630001068115234,6237100
2022-04-13,37.779998779296875,37.86000061035156,37.459999084472656,37.65999984741211,37.65999984741211,6241700
2022-04-14,37.7400016784668,37.79999923706055,37.189998626708984,37.2400016784668,37.2400016784668,5109900
2022-04-18,37.20000076293945,37.470001220703125,36.58000183105469,36.779998779296875,36.779998779296875,8055300
2022-04-19,36.91999816894531,37.689998626708984,36.75,37.560001373291016,37.560001373291016,8806500
2022-04-20,37.70000076293945,38.04999923706055,37.529998779296875,38.0099983215332,38.0099983215332,6061600
2022-04-21,38.08000183105469,38.279998779296875,37.47999954223633,37.5099983215332,37.5099983215332,6735300
2022-04-22,37.59000015258789,37.65999984741211,36.97999954223633,37.0,37.0,5430500
2022-04-25,37.31999969482422,37.439998626708984,36.63999938964844,37.29999923706055,37.29999923706055,6044500
2022-04-26,37.290000915527344,37.650001525878906,37.02000045776367,37.04999923706055,37.04999923706055,7729200
2022-04-27,37.25,38.189998626708984,37.18000030517578,37.86000061035156,37.86000061035156,6655300
2022-04-28,37.369998931884766,38.279998779296875,36.68000030517578,37.9900016784668,37.9900016784668,7437900
2022-04-29,38.0,38.54999923706055,37.31999969482422,37.400001525878906,37.400001525878906,7760800
2022-05-02,37.52000045776367,37.86000061035156,36.029998779296875,36.529998779296875,36.529998779296875,9331600
2022-05-03,36.849998474121094,37.4900016784668,36.720001220703125,37.189998626708984,37.189998626708984,8822000
2022-05-04,37.09000015258789,37.310001373291016,36.56999969482422,37.220001220703125,37.220001220703125,9463700
2022-05-05,37.36000061035156,37.36000061035156,36.720001220703125,37.060001373291016,37.060001373291016,8480900
2022-05-06,36.970001220703125,37.189998626708984,36.540000915527344,36.959999084472656,36.959999084472656,7708800
2022-05-09,36.900001525878906,37.560001373291016,36.650001525878906,37.13999938964844,37.13999938964844,9552300
2022-05-10,37.45000076293945,37.66999816894531,36.619998931884766,37.0,37.0,8336100
2022-05-11,36.709999084472656,38.0099983215332,36.709999084472656,37.41999816894531,37.41999816894531,9595900
2022-05-12,37.40999984741211,37.5099983215332,36.5,36.86000061035156,36.86000061035156,14181500
2022-05-13,36.869998931884766,37.439998626708984,36.779998779296875,37.209999084472656,37.209999084472656,13123700
2022-05-16,37.13999938964844,37.40999984741211,36.849998474121094,36.97999954223633,36.97999954223633,11106400
2022-05-17,36.93000030517578,37.060001373291016,35.38999938964844,35.970001220703125,35.970001220703125,18922100
2022-05-18,35.90999984741211,35.93000030517578,34.4900016784668,34.52000045776367,34.52000045776367,12435500
2022-05-19,34.369998931884766,34.58000183105469,33.66999816894531,34.33000183105469,34.33000183105469,13273100
2022-05-20,34.619998931884766,34.66999816894531,33.560001373291016,34.58000183105469,34.58000183105469,12284500
2022-05-23,34.9900016784668,35.16999816894531,34.720001220703125,34.959999084472656,34.959999084472656,7168400
2022-05-24,34.959999084472656,35.310001373291016,34.72999954223633,35.290000915527344,35.290000915527344,10467900
2022-05-25,35.349998474121094,35.52000045776367,34.9900016784668,35.34000015258789,35.34000015258789,10498300
2022-05-26,35.380001068115234,35.77000045776367,35.27000045776367,35.529998779296875,35.529998779296875,10005700
2022-05-27,35.61000061035156,35.869998931884766,34.959999084472656,35.18000030517578,35.18000030517578,11456000
2022-05-31,35.08000183105469,35.099998474121094,34.52000045776367,34.7400016784668,34.7400016784668,35586700
2022-06-01,34.7400016784668,34.900001525878906,34.04999923706055,34.63999938964844,34.63999938964844,8627200
2022-06-02,34.7400016784668,35.33000183105469,34.22999954223633,35.31999969482422,35.31999969482422,10894500
2022-06-03,35.25,35.290000915527344,34.83000183105469,34.93000030517578,34.93000030517578,6982100
2022-06-06,37.25,37.31999969482422,36.2400016784668,36.70000076293945,36.70000076293945,23883000
2022-06-07,36.45000076293945,36.7599983215332,36.20000076293945,36.40999984741211,36.40999984741211,10389600
2022-06-08,36.220001220703125,36.380001068115234,35.88999938964844,36.029998779296875,36.029998779296875,10141800
2022-06-09,36.029998779296875,36.56999969482422,35.689998626708984,35.709999084472656,35.709999084472656,9569900
2022-06-10,35.349998474121094,35.79999923706055,35.20000076293945,35.4900016784668,35.4900016784668,9521100
2022-06-13,35.09000015258789,35.38999938964844,34.61000061035156,34.70000076293945,34.70000076293945,10588100
2022-06-14,34.88999938964844,35.0099983215332,34.15999984741211,34.400001525878906,34.400001525878906,10030300
2022-06-15,34.52000045776367,35.099998474121094,34.439998626708984,34.849998474121094,34.849998474121094,11669800
2022-06-16,34.52000045776367,34.900001525878906,34.31999969482422,34.439998626708984,34.439998626708984,18528000
2022-06-17,34.630001068115234,34.90999984741211,33.349998474121094,34.349998474121094,34.349998474121094,143326600
2022-06-21,34.189998626708984,35.27000045776367,34.11000061035156,34.939998626708984,34.939998626708984,15772000
2022-06-22,34.959999084472656,35.40999984741211,34.72999954223633,34.880001068115234,34.880001068115234,11467200
2022-06-23,35.06999969482422,35.38999938964844,34.93000030517578,35.209999084472656,35.209999084472656,11130900
2022-06-24,35.529998779296875,35.90999984741211,35.060001373291016,35.7599983215332,35.7599983215332,15239700
2022-06-27,35.7599983215332,36.04999923706055,35.709999084472656,35.88999938964844,35.88999938964844,6617300
2022-06-28,35.959999084472656,36.33000183105469,35.4900016784668,35.5099983215332,35.5099983215332,7036600
2022-06-29,35.65999984741211,35.959999084472656,35.52000045776367,35.68000030517578,35.68000030517578,7246400
2022-06-30,35.150001525878906,35.619998931884766,35.060001373291016,35.38999938964844,35.38999938964844,7680500
2022-07-01,35.220001220703125,36.15999984741211,35.040000915527344,36.06999969482422,36.06999969482422,5867300
2022-07-05,36.08000183105469,36.27000045776367,35.439998626708984,36.2599983215332,36.2599983215332,7186000
2022-07-06,36.290000915527344,36.459999084472656,35.869998931884766,35.95000076293945,35.95000076293945,8696200
2022-07-07,36.0,36.27000045776367,35.93000030517578,36.150001525878906,36.150001525878906,6471400
2022-07-08,36.220001220703125,36.33000183105469,35.810001373291016,36.20000076293945,36.20000076293945,7374600
2022-07-11,36.31999969482422,36.380001068115234,36.0,36.13999938964844,36.13999938964844,5827100
2022-07-12,36.25,36.630001068115234,36.099998474121094,36.29999923706055,36.29999923706055,6359800
2022-07-13,36.220001220703125,36.599998474121094,35.939998626708984,36.43000030517578,36.43000030517578,5349000
2022-07-14,35.88999938964844,36.43000030517578,35.83000183105469,36.38999938964844,36.38999938964844,6379600
2022-07-15,36.81999969482422,36.880001068115234,36.279998779296875,36.630001068115234,36.630001068115234,6345500
2022-07-18,36.66999816894531,36.68000030517578,36.040000915527344,36.15999984741211,36.15999984741211,6312700
2022-07-19,36.529998779296875,36.619998931884766,36.2599983215332,36.47999954223633,36.47999954223633,7134600
2022-07-20,36.47999954223633,36.52000045776367,36.130001068115234,36.310001373291016,36.310001373291016,5573700
2022-07-21,36.27000045776367,36.459999084472656,35.95000076293945,36.279998779296875,36.279998779296875,7490700
2022-07-22,36.45000076293945,36.599998474121094,36.18000030517578,36.43000030517578,36.43000030517578,5940500
2022-07-25,36.5,36.90999984741211,36.439998626708984,36.7599983215332,36.7599983215332,3873400
2022-07-26,36.77000045776367,37.130001068115234,36.529998779296875,37.06999969482422,37.06999969482422,6662300
2022-07-27,36.90999984741211,37.400001525878906,36.599998474121094,37.11000061035156,37.11000061035156,8090900
2022-07-28,37.439998626708984,38.540000915527344,36.9900016784668,38.5,38.5,9055800
2022-07-29,38.290000915527344,38.7599983215332,38.130001068115234,38.7400016784668,38.7400016784668,7316800
2022-08-01,38.849998474121094,39.41999816894531,38.810001373291016,38.90999984741211,38.90999984741211,8587400
2022-08-02,38.95000076293945,38.970001220703125,38.43000030517578,38.560001373291016,38.560001373291016,5576900
2022-08-03,38.61000061035156,39.150001525878906,38.25,39.099998474121094,39.099998474121094,5835500
2022-08-04,39.040000915527344,39.06999969482422,38.47999954223633,38.68000030517578,38.68000030517578,5533600
2022-08-05,38.59000015258789,38.7400016784668,38.099998474121094,38.720001220703125,38.720001220703125,5975200
2022-08-08,38.95000076293945,39.08000183105469,38.630001068115234,38.779998779296875,38.779998779296875,4719300
2022-08-09,38.939998626708984,39.279998779296875,38.79999923706055,39.11000061035156,39.11000061035156,7192600
2022-08-10,39.290000915527344,39.77000045776367,39.22999954223633,39.70000076293945,39.70000076293945,10802700
2022-08-11,39.84000015258789,40.06999969482422,38.97999954223633,39.02000045776367,39.02000045776367,7121600
2022-08-12,39.119998931884766,39.33000183105469,39.08000183105469,39.29999923706055,39.29999923706055,6209700
2022-08-15,39.25,40.0099983215332,39.22999954223633,39.95000076293945,39.95000076293945,5394000
2022-08-16,40.0,40.45000076293945,39.91999816894531,40.08000183105469,40.08000183105469,6640100
2022-08-17,40.09000015258789,40.36000061035156,39.90999984741211,40.04999923706055,40.04999923706055,6330800
2022-08-18,40.119998931884766,41.310001373291016,39.9900016784668,40.029998779296875,40.029998779296875,8202700
2022-08-19,39.95000076293945,40.27000045776367,39.779998779296875,39.959999084472656,39.959999084472656,11083500
2022-08-22,39.720001220703125,39.9900016784668,39.400001525878906,39.47999954223633,39.47999954223633,5536300
2022-08-23,39.34000015258789,39.70000076293945,39.27000045776367,39.4900016784668,39.4900016784668,4820900
2022-08-24,39.56999969482422,39.790000915527344,39.33000183105469,39.61000061035156,39.61000061035156,4097800
2022-08-25,39.61000061035156,39.81999969482422,39.4900016784668,39.689998626708984,39.689998626708984,4581500
2022-08-26,39.72999954223633,39.79999923706055,38.58000183105469,38.619998931884766,38.619998931884766,8000800
2022-08-29,38.43000030517578,39.02000045776367,38.349998474121094,38.79999923706055,38.79999923706055,5321600
2022-08-30,38.70000076293945,38.7400016784668,38.290000915527344,38.41999816894531,38.41999816894531,4506300
2022-08-31,38.599998474121094,38.630001068115234,38.04999923706055,38.119998931884766,38.119998931884766,6967800
2022-09-01,38.08000183105469,38.369998931884766,37.79999923706055,38.33000183105469,38.33000183105469,4412100
2022-09-02,38.54999923706055,38.810001373291016,37.650001525878906,37.83000183105469,37.83000183105469,5892500
2022-09-06,37.869998931884766,38.18000030517578,37.5099983215332,37.56999969482422,37.56999969482422,7344200
2022-09-07,37.720001220703125,38.41999816894531,37.689998626708984,38.34000015258789,38.34000015258789,5000900
2022-09-08,38.310001373291016,38.5099983215332,38.029998779296875,38.459999084472656,38.459999084472656,6240400
2022-09-09,38.540000915527344,38.900001525878906,38.33000183105469,38.689998626708984,38.689998626708984,5260500
2022-09-12,38.810001373291016,39.08000183105469,38.709999084472656,39.0099983215332,39.0099983215332,5026500
2022-09-13,38.650001525878906,38.90999984741211,37.58000183105469,37.689998626708984,37.689998626708984,7023500
2022-09-14,37.84000015258789,38.15999984741211,37.529998779296875,37.7400016784668,37.7400016784668,6900000
2022-09-15,37.79999923706055,38.06999969482422,37.15999984741211,37.22999954223633,37.22999954223633,8293500
2022-09-16,37.06999969482422,37.47999954223633,36.709999084472656,37.16999816894531,37.16999816894531,33297800
2022-09-19,37.2400016784668,37.849998474121094,36.900001525878906,37.77000045776367,37.77000045776367,7525200
2022-09-20,37.65999984741211,37.70000076293945,37.15999984741211,37.43000030517578,37.43000030517578,4492000
2022-09-21,37.66999816894531,37.95000076293945,37.150001525878906,37.15999984741211,37.15999984741211,6009900
2022-09-22,37.209999084472656,37.380001068115234,37.04999923706055,37.11000061035156,37.11000061035156,5758500
2022-09-23,37.029998779296875,37.119998931884766,36.619998931884766,37.08000183105469,37.08000183105469,5849100
2022-09-26,37.02000045776367,37.529998779296875,36.95000076293945,37.279998779296875,37.279998779296875,7144500
2022-09-27,36.77000045776367,36.97999954223633,35.91999816894531,35.970001220703125,35.970001220703125,10634800
2022-09-28,36.040000915527344,36.72999954223633,35.709999084472656,36.56999969482422,36.56999969482422,5853400
2022-09-29,36.58000183105469,36.58000183105469,35.79999923706055,36.119998931884766,36.119998931884766,6318400
2022-09-30,36.31999969482422,36.34000015258789,35.779998779296875,35.81999969482422,35.81999969482422,8143000
2022-10-03,35.93000030517578,36.90999984741211,35.810001373291016,36.869998931884766,36.869998931884766,11361500
2022-10-04,37.13999938964844,37.56999969482422,36.790000915527344,37.2599983215332,37.2599983215332,10721500
2022-10-05,37.22999954223633,37.689998626708984,36.84000015258789,37.439998626708984,37.439998626708984,5555400
2022-10-06,37.310001373291016,37.529998779296875,37.0099983215332,37.13999938964844,37.13999938964844,5237000
2022-10-07,37.20000076293945,37.20000076293945,36.45000076293945,36.5,36.5,7064800
2022-10-10,36.43000030517578,37.06999969482422,36.310001373291016,36.970001220703125,36.970001220703125,5683500
2022-10-11,37.099998474121094,38.0099983215332,37.060001373291016,37.54999923706055,37.54999923706055,10534900
2022-10-12,37.939998626708984,38.0,37.5099983215332,37.709999084472656,37.709999084472656,8563400
2022-10-13,37.209999084472656,38.2400016784668,36.9900016784668,38.13999938964844,38.13999938964844,6389600
2022-10-14,38.33000183105469,38.400001525878906,37.11000061035156,37.33000183105469,37.33000183105469,9240000
2022-10-17,37.650001525878906,38.0099983215332,37.54999923706055,37.7599983215332,37.7599983215332,5534100
2022-10-18,38.29999923706055,38.52000045776367,38.029998779296875,38.369998931884766,38.369998931884766,4471300
2022-10-19,38.349998474121094,38.5099983215332,37.5,37.779998779296875,37.779998779296875,5436500
2022-10-20,37.720001220703125,37.79999923706055,37.2400016784668,37.279998779296875,37.279998779296875,4461000
2022-10-21,37.279998779296875,37.70000076293945,37.0,37.619998931884766,37.619998931884766,6020900
2022-10-24,38.13999938964844,38.4900016784668,37.63999938964844,38.439998626708984,38.439998626708984,6972100
2022-10-25,38.54999923706055,38.630001068115234,38.13999938964844,38.54999923706055,38.54999923706055,5628700
2022-10-26,38.83000183105469,39.15999984741211,38.619998931884766,38.7599983215332,38.7599983215332,7665600
2022-10-27,37.619998931884766,38.130001068115234,37.25,38.11000061035156,38.11000061035156,7209100
2022-10-28,38.34000015258789,39.72999954223633,38.34000015258789,39.54999923706055,39.54999923706055,8038300
2022-10-31,38.959999084472656,39.150001525878906,38.5099983215332,38.84000015258789,38.84000015258789,6865800
2022-11-01,38.95000076293945,38.95000076293945,37.790000915527344,37.84000015258789,37.84000015258789,9435500
2022-11-02,37.84000015258789,37.970001220703125,36.91999816894531,36.97999954223633,36.97999954223633,10968100
2022-11-03,36.65999984741211,36.70000076293945,36.2599983215332,36.290000915527344,36.290000915527344,9893300
2022-11-04,36.58000183105469,37.04999923706055,36.349998474121094,36.97999954223633,36.97999954223633,7834200
2022-11-07,37.130001068115234,37.630001068115234,37.06999969482422,37.459999084472656,37.459999084472656,6723900
2022-11-08,37.459999084472656,38.130001068115234,37.38999938964844,37.939998626708984,37.939998626708984,5692000
2022-11-09,37.81999969482422,38.220001220703125,37.540000915527344,37.56999969482422,37.56999969482422,5343100
2022-11-10,38.33000183105469,38.5099983215332,37.13999938964844,37.939998626708984,37.939998626708984,10099000
2022-11-11,38.040000915527344,38.11000061035156,36.88999938964844,37.34000015258789,37.34000015258789,7058600
2022-11-14,37.41999816894531,37.470001220703125,36.4900016784668,36.540000915527344,36.540000915527344,11253700
2022-11-15,37.0099983215332,37.11000061035156,36.20000076293945,36.59000015258789,36.59000015258789,10151100
2022-11-16,36.88999938964844,37.029998779296875,36.54999923706055,36.689998626708984,36.689998626708984,7325700
2022-11-17,36.540000915527344,36.900001525878906,36.439998626708984,36.84000015258789,36.84000015258789,6967600
2022-11-18,37.13999938964844,37.45000076293945,37.02000045776367,37.41999816894531,37.41999816894531,8186900
2022-11-21,37.61000061035156,38.029998779296875,37.41999816894531,38.0,38.0,6913800
2022-11-22,38.310001373291016,38.459999084472656,38.189998626708984,38.33000183105469,38.33000183105469,5505100
2022-11-23,38.33000183105469,38.40999984741211,38.119998931884766,38.31999969482422,38.31999969482422,4740200
2022-11-25,38.25,38.40999984741211,38.119998931884766,38.25,38.25,3574300
2022-11-28,38.31999969482422,38.41999816894531,38.08000183105469,38.20000076293945,38.20000076293945,6261300
2022-11-29,38.09000015258789,38.36000061035156,37.86000061035156,38.099998474121094,38.099998474121094,6775100
2022-11-30,38.040000915527344,38.70000076293945,37.779998779296875,38.66999816894531,38.66999816894531,12768600
2022-12-01,38.77000045776367,38.849998474121094,38.560001373291016,38.709999084472656,38.709999084472656,6044200
2022-12-02,38.599998474121094,38.939998626708984,38.47999954223633,38.7400016784668,38.7400016784668,6806300
2022-12-05,38.33000183105469,38.33000183105469,37.66999816894531,37.959999084472656,37.959999084472656,5331800
2022-12-06,37.97999954223633,38.2400016784668,37.599998474121094,37.66999816894531,37.66999816894531,6213300
2022-12-07,37.9900016784668,38.0099983215332,37.65999984741211,37.939998626708984,37.939998626708984,6277400
2022-12-08,37.939998626708984,38.349998474121094,37.79999923706055,38.310001373291016,38.310001373291016,4679800
2022-12-09,38.380001068115234,38.380001068115234,37.900001525878906,37.93000030517578,37.93000030517578,7246400
2022-12-12,38.11000061035156,38.130001068115234,37.4900016784668,38.09000015258789,38.09000015258789,7400900
2022-12-13,38.630001068115234,38.689998626708984,37.459999084472656,37.63999938964844,37.63999938964844,8782600
2022-12-14,37.58000183105469,37.97999954223633,36.970001220703125,37.34000015258789,37.34000015258789,9561500
2022-12-15,37.040000915527344,37.22999954223633,36.38999938964844,36.630001068115234,36.630001068115234,11241900
2022-12-16,36.150001525878906,36.209999084472656,35.45000076293945,36.06999969482422,36.06999969482422,20447400
2022-12-19,36.11000061035156,36.66999816894531,36.02000045776367,36.31999969482422,36.31999969482422,9273100
2022-12-20,36.38999938964844,36.720001220703125,36.11000061035156,36.2599983215332,36.2599983215332,7863600
2022-12-21,36.5099983215332,36.66999816894531,36.209999084472656,36.529998779296875,36.529998779296875,5664000
2022-12-22,36.52000045776367,36.529998779296875,35.939998626708984,36.290000915527344,36.290000915527344,6452900
2022-12-23,36.41999816894531,36.4900016784668,36.16999816894531,36.369998931884766,36.369998931884766,4176600
2022-12-27,36.5,36.529998779296875,35.95000076293945,36.099998474121094,36.099998474121094,5069500
2022-12-28,36.220001220703125,36.33000183105469,35.72999954223633,35.77000045776367,35.77000045776367,3883300
2022-12-29,35.86000061035156,35.97999954223633,35.7400016784668,35.83000183105469,35.83000183105469,4215700
2022-12-30,35.83000183105469,35.83000183105469,35.380001068115234,35.65999984741211,35.65999984741211,4779800
2023-01-03,35.650001525878906,35.709999084472656,35.150001525878906,35.54999923706055,35.54999923706055,6040500
2023-01-04,35.83000183105469,35.869998931884766,35.33000183105469,35.84000015258789,35.84000015258789,6617400
2023-01-05,35.349998474121094,35.540000915527344,35.220001220703125,35.290000915527344,35.290000915527344,7552300
2023-01-06,35.560001373291016,36.38999938964844,35.47999954223633,36.2599983215332,36.2599983215332,8038600
2023-01-09,36.18000030517578,36.560001373291016,36.0099983215332,36.029998779296875,36.029998779296875,4344100
2023-01-10,36.0,36.16999816894531,35.4900016784668,35.689998626708984,35.689998626708984,4133800
2023-01-11,35.939998626708984,35.97999954223633,35.529998779296875,35.77000045776367,35.77000045776367,7269700
2023-01-12,35.63999938964844,35.75,35.290000915527344,35.56999969482422,35.56999969482422,5248600
2023-01-13,35.52000045776367,35.720001220703125,35.349998474121094,35.689998626708984,35.689998626708984,5821200
2023-01-17,35.869998931884766,36.09000015258789,35.650001525878906,35.72999954223633,35.72999954223633,7441900
2023-01-18,35.7400016784668,35.779998779296875,34.83000183105469,34.93000030517578,34.93000030517578,6286900
2023-01-19,34.849998474121094,34.91999816894531,34.349998474121094,34.36000061035156,34.36000061035156,11358300
2023-01-20,34.279998779296875,34.77000045776367,34.20000076293945,34.709999084472656,34.709999084472656,7148700
2023-01-23,34.70000076293945,34.95000076293945,34.529998779296875,34.689998626708984,34.689998626708984,4860800
2023-01-24,34.689998626708984,35.02000045776367,34.310001373291016,34.97999954223633,34.97999954223633,7954700
2023-01-25,34.90999984741211,34.9900016784668,34.599998474121094,34.959999084472656,34.959999084472656,4943600
2023-01-26,34.90999984741211,35.040000915527344,34.65999984741211,34.93000030517578,34.93000030517578,5554800
2023-01-27,34.849998474121094,34.88999938964844,34.529998779296875,34.70000076293945,34.70000076293945,6367200
2023-01-30,34.70000076293945,35.15999984741211,34.560001373291016,34.720001220703125,34.720001220703125,4571400
2023-01-31,35.06999969482422,35.29999923706055,34.7599983215332,35.279998779296875,35.279998779296875,5887700
2023-02-01,35.20000076293945,35.599998474121094,34.939998626708984,35.34000015258789,35.34000015258789,4645700
2023-02-02,35.20000076293945,35.29999923706055,34.84000015258789,35.209999084472656,35.209999084472656,6256600
2023-02-03,35.25,35.31999969482422,34.5099983215332,35.150001525878906,35.150001525878906,7050800
2023-02-06,35.13999938964844,35.29999923706055,34.970001220703125,35.220001220703125,35.220001220703125,6003300
2023-02-07,34.97999954223633,35.2599983215332,34.720001220703125,35.20000076293945,35.20000076293945,5858600
2023-02-08,35.119998931884766,35.209999084472656,34.79999923706055,34.869998931884766,34.869998931884766,4687400
2023-02-09,35.189998626708984,35.34000015258789,34.84000015258789,34.869998931884766,34.869998931884766,5883900
2023-02-10,35.040000915527344,35.349998474121094,34.70000076293945,35.279998779296875,35.279998779296875,9337400
2023-02-13,35.34000015258789,35.65999984741211,35.22999954223633,35.65999984741211,35.65999984741211,4040200
2023-02-14,35.599998474121094,35.63999938964844,35.15999984741211,35.38999938964844,35.38999938964844,8663600
2023-02-15,35.34000015258789,35.7400016784668,35.2400016784668,35.70000076293945,35.70000076293945,6004900
2023-02-16,35.689998626708984,36.0099983215332,35.369998931884766,35.900001525878906,35.900001525878906,8733000
2023-02-17,35.900001525878906,35.95000076293945,35.560001373291016,35.66999816894531,35.66999816894531,7953300
2023-02-21,35.619998931884766,35.689998626708984,35.130001068115234,35.54999923706055,35.54999923706055,7087700
2023-02-22,35.65999984741211,36.04999923706055,35.65999984741211,35.779998779296875,35.779998779296875,8021300
2023-02-23,35.779998779296875,36.22999954223633,35.15999984741211,36.11000061035156,36.11000061035156,6437900
2023-02-24,35.900001525878906,35.91999816894531,35.45000076293945,35.790000915527344,35.790000915527344,5762100
2023-02-27,35.880001068115234,35.91999816894531,35.27000045776367,35.369998931884766,35.369998931884766,12114900
2023-02-28,34.41999816894531,34.849998474121094,34.349998474121094,34.54999923706055,34.54999923706055,21571400
2023-03-01,34.41999816894531,34.41999816894531,34.0099983215332,34.189998626708984,34.189998626708984,8861700
2023-03-02,34.470001220703125,34.650001525878906,34.20000076293945,34.58000183105469,34.58000183105469,8231200
2023-03-03,34.560001373291016,34.68000030517578,34.279998779296875,34.54999923706055,34.54999923706055,8223900
2023-03-06,34.540000915527344,34.939998626708984,34.439998626708984,34.81999969482422,34.81999969482422,6975800
2023-03-07,34.83000183105469,35.02000045776367,34.540000915527344,34.83000183105469,34.83000183105469,6903600
2023-03-08,34.810001373291016,35.09000015258789,34.619998931884766,34.779998779296875,34.779998779296875,6891500
2023-03-09,34.88999938964844,35.09000015258789,34.5099983215332,34.560001373291016,34.560001373291016,6029600
2023-03-10,34.650001525878906,34.72999954223633,34.08000183105469,34.31999969482422,34.31999969482422,6530100
2023-03-13,34.38999938964844,34.900001525878906,34.22999954223633,34.25,34.25,7907400
2023-03-14,34.349998474121094,34.65999984741211,34.2400016784668,34.630001068115234,34.630001068115234,6526100
2023-03-15,34.529998779296875,34.9900016784668,34.40999984741211,34.91999816894531,34.91999816894531,8896800
2023-03-16,34.869998931884766,35.220001220703125,34.790000915527344,35.099998474121094,35.099998474121094,8895900
2023-03-17,35.029998779296875,35.279998779296875,34.79999923706055,34.86000061035156,34.86000061035156,15595200
2023-03-20,35.279998779296875,35.279998779296875,34.880001068115234,35.220001220703125,35.220001220703125,8142200
2023-03-21,35.27000045776367,35.34000015258789,34.900001525878906,35.150001525878906,35.150001525878906,12071100
2023-03-22,35.060001373291016,35.349998474121094,34.630001068115234,34.66999816894531,34.66999816894531,9456700
2023-03-23,34.54999923706055,34.68000030517578,34.060001373291016,34.11000061035156,34.11000061035156,11424200
2023-03-24,34.27000045776367,34.95000076293945,34.15999984741211,34.869998931884766,34.869998931884766,8625200
2023-03-27,35.0,35.40999984741211,34.9900016784668,35.099998474121094,35.099998474121094,9292000
2023-03-28,35.20000076293945,35.29999923706055,35.06999969482422,35.13999938964844,35.13999938964844,7743400
2023-03-29,35.279998779296875,35.34000015258789,35.15999984741211,35.290000915527344,35.290000915527344,6616300
2023-03-30,35.20000076293945,35.2599983215332,35.04999923706055,35.130001068115234,35.130001068115234,8181100
2023-03-31,35.40999984741211,35.41999816894531,35.16999816894531,35.279998779296875,35.279998779296875,11182900
2023-04-03,35.33000183105469,35.529998779296875,35.18000030517578,35.38999938964844,35.38999938964844,8911600
2023-04-04,35.41999816894531,35.45000076293945,35.2400016784668,35.36000061035156,35.36000061035156,6453900
2023-04-05,35.5,35.88999938964844,35.349998474121094,35.400001525878906,35.400001525878906,12154100
2023-04-06,35.43000030517578,35.88999938964844,35.43000030517578,35.63999938964844,35.63999938964844,8511600
2023-04-10,35.5,35.5099983215332,35.099998474121094,35.22999954223633,35.22999954223633,6801800
2023-04-11,35.27000045776367,35.40999984741211,35.150001525878906,35.25,35.25,5616900
2023-04-12,35.16999816894531,35.459999084472656,35.08000183105469,35.209999084472656,35.209999084472656,7503800
2023-04-13,35.189998626708984,35.31999969482422,34.84000015258789,35.2400016784668,35.2400016784668,6089700
2023-04-14,35.029998779296875,35.369998931884766,35.0099983215332,35.099998474121094,35.099998474121094,6577100
2023-04-17,35.2599983215332,35.41999816894531,35.15999984741211,35.38999938964844,35.38999938964844,5871700
2023-04-18,35.45000076293945,35.45000076293945,35.0,35.38999938964844,35.38999938964844,5223300
2023-04-19,35.5,35.599998474121094,35.310001373291016,35.349998474121094,35.349998474121094,5794500
2023-04-20,35.369998931884766,35.650001525878906,35.220001220703125,35.529998779296875,35.529998779296875,5106300
2023-04-21,35.68000030517578,35.7400016784668,35.25,35.310001373291016,35.310001373291016,7459800
2023-04-24,35.400001525878906,35.61000061035156,35.290000915527344,35.36000061035156,35.36000061035156,7346000
2023-04-25,35.290000915527344,35.9900016784668,35.2599983215332,35.88999938964844,35.88999938964844,10945900
2023-04-26,35.540000915527344,35.79999923706055,35.4900016784668,35.5,35.5,8548800
2023-04-27,34.630001068115234,34.650001525878906,32.93000030517578,33.540000915527344,33.540000915527344,17056900
2023-04-28,33.45000076293945,33.599998474121094,32.290000915527344,32.70000076293945,32.70000076293945,19267100
2023-05-01,32.65999984741211,32.970001220703125,32.529998779296875,32.56999969482422,32.56999969482422,9019000
2023-05-02,32.400001525878906,32.540000915527344,31.899999618530273,32.540000915527344,32.540000915527344,12960300
2023-05-03,32.40999984741211,33.09000015258789,32.22999954223633,32.790000915527344,32.790000915527344,13047900
2023-05-04,32.70000076293945,32.880001068115234,32.33000183105469,32.4900016784668,32.4900016784668,9702200
2023-05-05,32.650001525878906,33.310001373291016,32.599998474121094,33.22999954223633,33.22999954223633,11869800
2023-05-08,33.18000030517578,33.22999954223633,32.77000045776367,32.849998474121094,32.849998474121094,7797600
2023-05-09,32.84000015258789,32.900001525878906,32.619998931884766,32.709999084472656,32.709999084472656,6139300
2023-05-10,32.66999816894531,32.880001068115234,32.31999969482422,32.59000015258789,32.59000015258789,6270700
2023-05-11,32.47999954223633,32.59000015258789,32.33000183105469,32.43000030517578,32.43000030517578,6421700
2023-05-12,32.38999938964844,32.689998626708984,32.38999938964844,32.66999816894531,32.66999816894531,9123000
2023-05-15,32.75,32.810001373291016,32.2599983215332,32.36000061035156,32.36000061035156,5532700
2023-05-16,32.34000015258789,32.34000015258789,31.84000015258789,31.860000610351562,31.860000610351562,6446900
2023-05-17,31.889999389648438,32.15999984741211,31.729999542236328,32.119998931884766,32.119998931884766,7575100
2023-05-18,31.850000381469727,31.959999084472656,31.639999389648438,31.8700008392334,31.8700008392334,5969500
2023-05-19,32.0,32.09000015258789,31.770000457763672,31.829999923706055,31.829999923706055,4507800
2023-05-22,31.959999084472656,32.0099983215332,31.6200008392334,31.90999984741211,31.90999984741211,7028600
2023-05-23,32.060001373291016,32.06999969482422,31.860000610351562,32.02000045776367,32.02000045776367,6309600
2023-05-24,32.04999923706055,32.130001068115234,31.700000762939453,31.920000076293945,31.920000076293945,10550000
2023-05-25,31.559999465942383,31.709999084472656,31.270000457763672,31.549999237060547,31.549999237060547,9500400
2023-05-26,31.43000030517578,31.670000076293945,31.219999313354492,31.40999984741211,31.40999984741211,13065200
2023-05-30,31.280000686645508,31.56999969482422,30.8700008392334,31.0,31.0,11161900
2023-05-31,31.1299991607666,31.25,30.700000762939453,31.1200008392334,31.1200008392334,21178800
2023-06-01,31.329999923706055,31.329999923706055,31.030000686645508,31.170000076293945,31.170000076293945,7627000
2023-06-02,31.280000686645508,31.510000228881836,31.149999618530273,31.450000762939453,31.450000762939453,7180100
2023-06-05,31.530000686645508,31.850000381469727,31.290000915527344,31.309999465942383,31.309999465942383,5118300
2023-06-06,30.8799991607666,31.170000076293945,30.799999237060547,31.079999923706055,31.079999923706055,12374900
2023-06-07,31.010000228881836,31.360000610351562,30.799999237060547,31.309999465942383,31.309999465942383,10559100
2023-06-08,31.260000228881836,31.43000030517578,31.15999984741211,31.40999984741211,31.40999984741211,9675200
2023-06-09,31.309999465942383,31.350000381469727,31.170000076293945,31.309999465942383,31.309999465942383,6253800
2023-06-12,31.299999237060547,31.34000015258789,30.989999771118164,31.229999542236328,31.229999542236328,16030800
2023-06-13,31.260000228881836,31.559999465942383,31.149999618530273,31.520000457763672,31.520000457763672,10548300
2023-06-14,31.639999389648438,31.850000381469727,31.56999969482422,31.760000228881836,31.760000228881836,11167700
2023-06-15,31.989999771118164,31.989999771118164,31.709999084472656,31.760000228881836,31.760000228881836,14698800
2023-06-16,31.850000381469727,32.279998779296875,31.65999984741211,32.16999816894531,32.16999816894531,15546300
2023-06-20,32.06999969482422,32.20000076293945,31.920000076293945,31.93000030517578,31.93000030517578,7552400
2023-06-21,31.940000534057617,32.04999923706055,31.520000457763672,31.739999771118164,31.739999771118164,8777800
2023-06-22,31.889999389648438,32.029998779296875,31.729999542236328,31.920000076293945,31.920000076293945,10435600
2023-06-23,31.959999084472656,31.989999771118164,31.100000381469727,31.18000030517578,31.18000030517578,12388400
2023-06-26,31.149999618530273,31.200000762939453,30.8799991607666,31.1200008392334,31.1200008392334,6105000
2023-06-27,31.1200008392334,31.309999465942383,31.059999465942383,31.25,31.25,6715700
2023-06-28,31.100000381469727,31.100000381469727,30.709999084472656,30.899999618530273,30.899999618530273,6315300
2023-06-29,30.56999969482422,30.790000915527344,30.469999313354492,30.760000228881836,30.760000228881836,9003000
2023-06-30,30.8799991607666,31.31999969482422,30.81999969482422,31.270000457763672,31.270000457763672,7930900
2023-07-03,31.25,31.479999542236328,31.15999984741211,31.469999313354492,31.469999313354492,3517200
2023-07-05,31.420000076293945,31.760000228881836,31.239999771118164,31.75,31.75,7314600
2023-07-06,32.209999084472656,32.439998626708984,32.02000045776367,32.20000076293945,32.20000076293945,16423200
2023-07-07,32.029998779296875,32.09000015258789,31.719999313354492,31.760000228881836,31.760000228881836,9743600
2023-07-10,31.459999084472656,31.739999771118164,31.43000030517578,31.459999084472656,31.459999084472656,14525200
2023-07-11,31.56999969482422,31.56999969482422,31.290000915527344,31.389999389648438,31.389999389648438,8589700
2023-07-12,31.479999542236328,31.639999389648438,31.25,31.270000457763672,31.270000457763672,8681600
2023-07-13,31.299999237060547,31.549999237060547,31.25,31.510000228881836,31.510000228881836,7415200
2023-07-14,31.549999237060547,31.780000686645508,31.25,31.65999984741211,31.65999984741211,6955600
2023-07-17,31.639999389648438,31.899999618530273,31.469999313354492,31.610000610351562,31.610000610351562,5706800
2023-07-18,31.59000015258789,31.959999084472656,31.299999237060547,31.559999465942383,31.559999465942383,6802400
2023-07-19,31.709999084472656,32.099998474121094,31.690000534057617,31.889999389648438,31.889999389648438,5167000
2023-07-20,31.850000381469727,32.540000915527344,31.850000381469727,32.43000030517578,32.43000030517578,7862800
2023-07-21,32.619998931884766,32.790000915527344,32.439998626708984,32.58000183105469,32.58000183105469,23722800
2023-07-24,32.560001373291016,32.619998931884766,32.31999969482422,32.36000061035156,32.36000061035156,6954900
2023-07-25,32.29999923706055,32.369998931884766,32.11000061035156,32.31999969482422,32.31999969482422,5967100
2023-07-26,32.22999954223633,32.72999954223633,32.16999816894531,32.540000915527344,32.540000915527344,11678300
2023-07-27,33.83000183105469,34.36000061035156,33.689998626708984,33.7599983215332,33.7599983215332,21483200
2023-07-28,33.959999084472656,34.099998474121094,33.54999923706055,33.91999816894531,33.91999816894531,14640300
2023-07-31,33.65999984741211,34.06999969482422,33.2599983215332,34.0099983215332,34.0099983215332,17658200
2023-08-01,34.150001525878906,34.16999816894531,33.72999954223633,34.130001068115234,34.130001068115234,15290200
2023-08-02,34.15999984741211,34.65999984741211,34.06999969482422,34.459999084472656,34.459999084472656,13651200
2023-08-03,34.52000045776367,34.52000045776367,33.91999816894531,33.93000030517578,33.93000030517578,7095200
2023-08-04,33.81999969482422,33.970001220703125,33.56999969482422,33.599998474121094,33.599998474121094,6399400
2023-08-07,33.810001373291016,33.970001220703125,33.619998931884766,33.81999969482422,33.81999969482422,7038000
2023-08-08,33.70000076293945,33.77000045776367,33.22999954223633,33.43000030517578,33.43000030517578,7337300
2023-08-09,33.40999984741211,33.90999984741211,33.29999923706055,33.619998931884766,33.619998931884766,7467700
2023-08-10,33.77000045776367,33.91999816894531,33.38999938964844,33.400001525878906,33.400001525878906,6378100
2023-08-11,33.459999084472656,33.84000015258789,33.439998626708984,33.79999923706055,33.79999923706055,6298700
2023-08-14,33.959999084472656,34.040000915527344,33.63999938964844,33.7400016784668,33.7400016784668,5137800
2023-08-15,33.630001068115234,33.63999938964844,33.33000183105469,33.470001220703125,33.470001220703125,6187000
2023-08-16,34.08000183105469,34.310001373291016,33.779998779296875,33.849998474121094,33.849998474121094,10147900
2023-08-17,33.83000183105469,33.880001068115234,33.59000015258789,33.66999816894531,33.66999816894531,8022800
2023-08-18,33.619998931884766,33.84000015258789,33.58000183105469,33.75,33.75,6915600
2023-08-21,33.7599983215332,33.810001373291016,33.47999954223633,33.630001068115234,33.630001068115234,6137100
2023-08-22,33.5,33.77000045776367,33.380001068115234,33.45000076293945,33.45000076293945,8243900
2023-08-23,33.650001525878906,33.66999816894531,33.45000076293945,33.650001525878906,33.650001525878906,7307800
2023-08-24,33.619998931884766,33.88999938964844,33.38999938964844,33.43000030517578,33.43000030517578,8285000
2023-08-25,33.439998626708984,33.599998474121094,33.189998626708984,33.279998779296875,33.279998779296875,8166600
2023-08-28,33.47999954223633,33.72999954223633,33.38999938964844,33.70000076293945,33.70000076293945,5062300
2023-08-29,33.779998779296875,33.939998626708984,33.4900016784668,33.900001525878906,33.900001525878906,5021200
2023-08-30,33.90999984741211,33.97999954223633,33.70000076293945,33.77000045776367,33.77000045776367,4271900
2023-08-31,33.7400016784668,33.88999938964844,33.59000015258789,33.650001525878906,33.650001525878906,5056200
2023-09-01,33.7599983215332,33.79999923706055,33.52000045776367,33.54999923706055,33.54999923706055,6084000
